county,date,confirmed_patients,suspected_patients,total_covid_patients
Madera,3/29/2020,1,6,7
Calaveras,3/29/2020,0,0,0
Sonoma,3/29/2020,7,20,27
Tulare,3/29/2020,6,13,19
San Bernardino,3/29/2020,33,123,156
Yuba,3/29/2020,2,12,14
Tehama,3/29/2020,0,0,0
San Mateo,3/29/2020,46,27,73
Shasta,3/29/2020,0,0,0
Tuolumne,3/29/2020,1,5,6
El Dorado,3/29/2020,0,6,6
Sutter,3/29/2020,0,0,0
San Diego,3/29/2020,121,211,332
Los Angeles,3/29/2020,489,1132,1621
Modoc,3/29/2020,0,0,0
Santa Cruz,3/29/2020,0,0,0
Merced,3/29/2020,1,7,8
San Luis Obispo,3/29/2020,7,12,19
Lassen,3/29/2020,0,2,2
Stanislaus,3/29/2020,20,48,68
Riverside,3/29/2020,44,78,122
Santa Clara,3/29/2020,141,72,213
Mendocino,3/29/2020,1,11,12
Trinity,3/29/2020,0,0,0
Del Norte,3/29/2020,1,2,3
Placer,3/29/2020,18,14,32
Siskiyou,3/29/2020,0,0,0
Alameda,3/29/2020,36,91,127
Orange,3/29/2020,74,167,241
San Joaquin,3/29/2020,34,35,69
Kings,3/29/2020,2,5,7
Mono,3/29/2020,0,1,1
Amador,3/29/2020,1,0,1
Sacramento,3/29/2020,36,27,63
Humboldt,3/29/2020,1,10,11
Monterey,3/29/2020,2,16,18
Imperial,3/29/2020,5,100,105
Fresno,3/29/2020,8,116,124
Solano,3/29/2020,7,27,34
Butte,3/29/2020,0,0,0
Marin,3/29/2020,7,13,20
San Benito,3/29/2020,1,1,2
Santa Barbara,3/29/2020,15,21,36
Napa,3/29/2020,0,26,26
Kern,3/29/2020,16,57,73
Nevada,3/29/2020,23,0,0
Inyo,3/29/2020,0,0,0
Plumas,3/29/2020,0,1,1
Contra Costa,3/29/2020,23,62,85
Yolo,3/29/2020,2,3,5
Ventura,3/29/2020,24,85,109
Glenn,3/29/2020,0,0,0
San Francisco,3/29/2020,50,73,123
Colusa,3/29/2020,0,0,0
Lake,3/29/2020,0,1,1
Lassen,3/30/2020,0,4,4
Modoc,3/30/2020,0,31,31
San Diego,3/30/2020,146,446,592
Yolo,3/30/2020,2,2,4
San Bernardino,3/30/2020,67,179,246
Shasta,3/30/2020,1,4,5
Orange,3/30/2020,98,251,349
Butte,3/30/2020,4,12,16
San Luis Obispo,3/30/2020,5,11,16
Trinity,3/30/2020,0,0,0
Placer,3/30/2020,19,19,38
Imperial,3/30/2020,19,109,128
Marin,3/30/2020,10,9,19
Nevada,3/30/2020,26,17,43
Sutter,3/30/2020,0,0,0
Merced,3/30/2020,1,9,10
Siskiyou,3/30/2020,0,0,0
Mono,3/30/2020,0,1,1
Tulare,3/30/2020,5,21,26
Monterey,3/30/2020,11,16,27
Santa Clara,3/30/2020,153,93,246
Kern,3/30/2020,18,123,141
Colusa,3/30/2020,0,1,1
Santa Cruz,3/30/2020,0,2,2
Alameda,3/30/2020,59,89,148
Kings,3/30/2020,2,12,14
San Francisco,3/30/2020,58,92,150
Riverside,3/30/2020,60,133,193
Stanislaus,3/30/2020,17,51,68
Los Angeles,3/30/2020,601,1277,1878
Napa,3/30/2020,3,8,11
Lake,3/30/2020,0,1,1
Yuba,3/30/2020,3,17,20
Mendocino,3/30/2020,2,11,13
Ventura,3/30/2020,25,82,107
San Joaquin,3/30/2020,28,30,58
Santa Barbara,3/30/2020,19,25,44
Sonoma,3/30/2020,7,22,29
Plumas,3/30/2020,0,1,1
Calaveras,3/30/2020,0,3,3
Humboldt,3/30/2020,1,8,9
Amador,3/30/2020,0,1,1
Madera,3/30/2020,1,5,6
Tuolumne,3/30/2020,1,2,3
Solano,3/30/2020,15,16,31
El Dorado,3/30/2020,0,9,9
Fresno,3/30/2020,10,88,98
Contra Costa,3/30/2020,25,54,79
Del Norte,3/30/2020,0,2,2
Glenn,3/30/2020,0,0,0
San Benito,3/30/2020,1,1,2
Sacramento,3/30/2020,45,86,131
Inyo,3/30/2020,0,0,0
San Mateo,3/30/2020,56,40,96
Tehama,3/30/2020,0,2,2
Kings,3/31/2020,1,3,4
Solano,3/31/2020,15,15,30
Sacramento,3/31/2020,53,110,163
Sonoma,3/31/2020,8,18,26
Kern,3/31/2020,14,63,77
Santa Barbara,3/31/2020,19,29,48
San Diego,3/31/2020,158,408,566
Stanislaus,3/31/2020,20,31,51
Fresno,3/31/2020,30,274,304
Plumas,3/31/2020,0,0,0
Sutter,3/31/2020,0,0,0
Nevada,3/31/2020,36,40,76
Contra Costa,3/31/2020,27,54,81
Mendocino,3/31/2020,0,1,1
Placer,3/31/2020,18,27,45
El Dorado,3/31/2020,10,9,19
Siskiyou,3/31/2020,0,0,0
Calaveras,3/31/2020,0,1,1
Colusa,3/31/2020,0,1,1
Imperial,3/31/2020,12,100,112
San Joaquin,3/31/2020,44,54,98
Amador,3/31/2020,0,0,0
San Francisco,3/31/2020,67,69,136
Los Angeles,3/31/2020,713,1239,1952
San Mateo,3/31/2020,60,23,83
Tulare,3/31/2020,6,14,20
Merced,3/31/2020,3,11,14
Butte,3/31/2020,4,20,24
Marin,3/31/2020,9,14,23
Santa Clara,3/31/2020,155,98,253
Glenn,3/31/2020,0,0,0
San Luis Obispo,3/31/2020,7,15,22
Shasta,3/31/2020,1,5,6
Trinity,3/31/2020,0,0,0
Lassen,3/31/2020,0,7,7
Napa,3/31/2020,1,5,6
Alameda,3/31/2020,56,94,150
San Bernardino,3/31/2020,82,231,313
Tuolumne,3/31/2020,0,37,37
Ventura,3/31/2020,21,90,111
Riverside,3/31/2020,80,155,235
Del Norte,3/31/2020,0,4,4
San Benito,3/31/2020,1,0,1
Inyo,3/31/2020,0,83,0
Mono,3/31/2020,0,1,1
Santa Cruz,3/31/2020,1,10,11
Humboldt,3/31/2020,1,11,12
Yolo,3/31/2020,3,2,5
Orange,3/31/2020,105,233,338
Monterey,3/31/2020,11,15,26
Tehama,3/31/2020,0,2,2
Madera,3/31/2020,1,3,4
Modoc,3/31/2020,0,19,19
Yuba,3/31/2020,2,21,23
Lake,3/31/2020,0,4,4
Tehama,4/1/2020,0,1,1
Placer,4/1/2020,25,28,53
Imperial,4/1/2020,4,15,19
Madera,4/1/2020,1,3,4
Lassen,4/1/2020,0,7,7
Napa,4/1/2020,2,2,4
Siskiyou,4/1/2020,0,5,5
San Benito,4/1/2020,2,0,2
Colusa,4/1/2020,0,1,1
San Bernardino,4/1/2020,95,196,291
Stanislaus,4/1/2020,25,39,64
Amador,4/1/2020,0,3,3
Kings,4/1/2020,2,6,8
Inyo,4/1/2020,7,89,96
Glenn,4/1/2020,0,0,0
Calaveras,4/1/2020,0,1,1
Mariposa,4/1/2020,0,0,0
Lake,4/1/2020,0,2,2
Shasta,4/1/2020,1,4,5
Del Norte,4/1/2020,0,5,5
Humboldt,4/1/2020,1,9,10
Tulare,4/1/2020,4,12,16
Los Angeles,4/1/2020,739,1332,2071
Plumas,4/1/2020,0,0,0
San Diego,4/1/2020,168,340,508
Orange,4/1/2020,117,221,338
Contra Costa,4/1/2020,31,42,73
Modoc,4/1/2020,0,1,1
Riverside,4/1/2020,85,182,267
El Dorado,4/1/2020,14,8,22
San Mateo,4/1/2020,57,35,92
Kern,4/1/2020,15,45,60
San Francisco,4/1/2020,67,66,133
Mono,4/1/2020,0,0,0
Trinity,4/1/2020,0,0,0
Marin,4/1/2020,9,19,28
Merced,4/1/2020,3,15,18
Butte,4/1/2020,5,33,38
San Luis Obispo,4/1/2020,8,10,18
Yolo,4/1/2020,3,3,6
Santa Barbara,4/1/2020,23,23,46
Ventura,4/1/2020,22,96,118
Sonoma,4/1/2020,5,18,23
Sutter,4/1/2020,0,0,0
Alameda,4/1/2020,52,76,128
Santa Cruz,4/1/2020,2,12,14
Monterey,4/1/2020,13,16,29
Yuba,4/1/2020,2,24,26
Santa Clara,4/1/2020,160,85,245
Nevada,4/1/2020,36,54,90
Solano,4/1/2020,14,18,32
Sacramento,4/1/2020,53,138,191
Tuolumne,4/1/2020,0,0,0
San Joaquin,4/1/2020,25,35,60
Mendocino,4/1/2020,0,2,2
Fresno,4/1/2020,19,101,120
Placer,4/2/2020,32,15,47
Solano,4/2/2020,15,8,23
Fresno,4/2/2020,17,74,91
Marin,4/2/2020,7,16,23
Riverside,4/2/2020,136,181,317
Santa Barbara,4/2/2020,26,44,70
Mariposa,4/2/2020,0,1,1
Tehama,4/2/2020,0,1,1
Trinity,4/2/2020,0,0,0
Lassen,4/2/2020,0,7,7
Napa,4/2/2020,1,4,5
Los Angeles,4/2/2020,818,1270,2088
Humboldt,4/2/2020,1,8,9
Santa Clara,4/2/2020,163,101,264
San Mateo,4/2/2020,62,40,102
Siskiyou,4/2/2020,0,3,3
Glenn,4/2/2020,0,0,0
Sacramento,4/2/2020,71,92,163
Mono,4/2/2020,18,2,20
Del Norte,4/2/2020,0,3,3
Madera,4/2/2020,1,7,8
Tuolumne,4/2/2020,0,0,0
San Francisco,4/2/2020,75,60,135
El Dorado,4/2/2020,15,12,27
Calaveras,4/2/2020,0,1,1
Tulare,4/2/2020,4,26,30
Plumas,4/2/2020,0,0,0
Alameda,4/2/2020,57,76,133
San Luis Obispo,4/2/2020,5,5,10
Lake,4/2/2020,0,1,1
Contra Costa,4/2/2020,32,38,70
Modoc,4/2/2020,0,1,1
Yolo,4/2/2020,3,2,5
Monterey,4/2/2020,14,14,28
Ventura,4/2/2020,27,111,138
Butte,4/2/2020,4,26,30
Imperial,4/2/2020,4,16,20
Sonoma,4/2/2020,8,18,26
Santa Cruz,4/2/2020,4,4,8
Inyo,4/2/2020,8,102,110
Amador,4/2/2020,0,3,3
Yuba,4/2/2020,2,25,27
San Diego,4/2/2020,144,343,487
Orange,4/2/2020,129,225,354
San Benito,4/2/2020,2,0,2
Shasta,4/2/2020,2,4,6
San Bernardino,4/2/2020,126,185,311
Merced,4/2/2020,4,5,9
Kings,4/2/2020,2,6,8
Sutter,4/2/2020,0,0,0
Kern,4/2/2020,27,77,104
Stanislaus,4/2/2020,30,43,73
Colusa,4/2/2020,0,1,1
Nevada,4/2/2020,38,58,96
Mendocino,4/2/2020,0,1,1
San Joaquin,4/2/2020,42,42,84
Tulare,4/3/2020,6,15,21
Plumas,4/3/2020,0,0,0
Kings,4/3/2020,0,3,3
Tuolumne,4/3/2020,0,0,0
Mendocino,4/3/2020,0,5,5
Santa Clara,4/3/2020,164,83,247
Contra Costa,4/3/2020,31,39,70
Madera,4/3/2020,0,5,5
Humboldt,4/3/2020,1,7,8
San Mateo,4/3/2020,65,39,104
Stanislaus,4/3/2020,28,45,73
Orange,4/3/2020,131,182,313
Ventura,4/3/2020,22,116,138
Fresno,4/3/2020,15,81,96
Mariposa,4/3/2020,0,2,2
Napa,4/3/2020,1,9,10
San Bernardino,4/3/2020,118,204,322
Yuba,4/3/2020,2,12,14
Tehama,4/3/2020,0,0,0
Los Angeles,4/3/2020,962,1239,2201
Butte,4/3/2020,3,19,22
Inyo,4/3/2020,8,102,110
Kern,4/3/2020,35,73,108
Glenn,4/3/2020,0,0,0
Solano,4/3/2020,16,21,37
Sacramento,4/3/2020,77,76,153
Santa Cruz,4/3/2020,4,8,12
Alameda,4/3/2020,64,74,138
Placer,4/3/2020,21,23,44
Lassen,4/3/2020,0,3,3
Imperial,4/3/2020,9,7,16
Del Norte,4/3/2020,0,2,2
Merced,4/3/2020,4,5,9
Trinity,4/3/2020,0,0,0
Riverside,4/3/2020,105,182,287
Colusa,4/3/2020,1,0,1
San Joaquin,4/3/2020,41,38,79
San Francisco,4/3/2020,80,71,151
Sonoma,4/3/2020,6,24,30
El Dorado,4/3/2020,15,9,24
Monterey,4/3/2020,16,18,34
Modoc,4/3/2020,0,0,0
Amador,4/3/2020,0,0,0
Santa Barbara,4/3/2020,27,29,56
Shasta,4/3/2020,2,9,11
Calaveras,4/3/2020,0,1,1
San Luis Obispo,4/3/2020,4,5,9
Yolo,4/3/2020,2,7,9
Lake,4/3/2020,0,2,2
Sutter,4/3/2020,0,0,0
San Diego,4/3/2020,171,308,479
Siskiyou,4/3/2020,0,3,3
Nevada,4/3/2020,2,4,6
Mono,4/3/2020,18,2,20
Marin,4/3/2020,6,16,22
San Benito,4/3/2020,2,0,2
Mariposa,4/4/2020,0,2,2
San Luis Obispo,4/4/2020,4,6,10
Napa,4/4/2020,1,8,9
Yuba,4/4/2020,2,16,18
Yolo,4/4/2020,4,5,9
Tehama,4/4/2020,0,1,1
Riverside,4/4/2020,126,186,312
Madera,4/4/2020,0,4,4
Calaveras,4/4/2020,0,1,1
Sutter,4/4/2020,0,0,0
Alameda,4/4/2020,60,95,155
San Benito,4/4/2020,2,3,5
Nevada,4/4/2020,2,6,8
Siskiyou,4/4/2020,0,2,2
Monterey,4/4/2020,16,25,41
Santa Clara,4/4/2020,159,79,238
Marin,4/4/2020,5,16,21
Amador,4/4/2020,0,0,0
Contra Costa,4/4/2020,30,47,77
Ventura,4/4/2020,21,127,148
Sonoma,4/4/2020,7,16,23
Mono,4/4/2020,20,2,22
Solano,4/4/2020,16,19,35
Mendocino,4/4/2020,0,3,3
Tuolumne,4/4/2020,0,1,1
Modoc,4/4/2020,0,0,0
San Joaquin,4/4/2020,43,30,73
Santa Cruz,4/4/2020,4,6,10
Lassen,4/4/2020,0,0,0
Butte,4/4/2020,3,14,17
Del Norte,4/4/2020,0,2,2
Sacramento,4/4/2020,69,76,145
San Mateo,4/4/2020,66,19,85
Santa Barbara,4/4/2020,28,34,62
Plumas,4/4/2020,0,0,0
Kings,4/4/2020,1,9,10
Trinity,4/4/2020,0,0,0
Stanislaus,4/4/2020,30,45,75
Colusa,4/4/2020,1,0,1
Imperial,4/4/2020,9,10,19
Inyo,4/4/2020,8,106,114
Merced,4/4/2020,5,14,19
San Diego,4/4/2020,177,218,395
El Dorado,4/4/2020,15,9,24
Tulare,4/4/2020,8,20,28
San Bernardino,4/4/2020,138,254,392
Orange,4/4/2020,143,213,356
Glenn,4/4/2020,0,0,0
Lake,4/4/2020,0,4,4
Placer,4/4/2020,23,14,37
Humboldt,4/4/2020,1,4,5
Fresno,4/4/2020,14,93,107
Shasta,4/4/2020,2,10,12
Kern,4/4/2020,33,54,87
San Francisco,4/4/2020,80,65,145
Los Angeles,4/4/2020,1007,1190,2197
Mono,4/5/2020,20,2,22
Tuolumne,4/5/2020,0,0,0
Sonoma,4/5/2020,6,21,27
San Mateo,4/5/2020,69,15,84
Solano,4/5/2020,15,17,32
Lassen,4/5/2020,0,0,0
Tulare,4/5/2020,4,20,24
Mendocino,4/5/2020,0,3,3
Riverside,4/5/2020,129,207,336
Alameda,4/5/2020,72,87,159
San Francisco,4/5/2020,79,68,147
Calaveras,4/5/2020,0,0,0
Kings,4/5/2020,3,1,4
Mariposa,4/5/2020,0,2,2
Nevada,4/5/2020,2,4,6
San Luis Obispo,4/5/2020,2,11,13
Inyo,4/5/2020,9,106,115
Yolo,4/5/2020,3,6,9
San Diego,4/5/2020,179,220,399
Contra Costa,4/5/2020,29,35,64
Glenn,4/5/2020,0,0,0
Orange,4/5/2020,144,221,365
Los Angeles,4/5/2020,1094,1082,2176
Marin,4/5/2020,5,15,20
Madera,4/5/2020,0,1,1
Butte,4/5/2020,2,16,18
Santa Cruz,4/5/2020,5,12,17
El Dorado,4/5/2020,16,6,22
Sutter,4/5/2020,0,0,0
Napa,4/5/2020,1,8,9
Imperial,4/5/2020,9,9,18
Plumas,4/5/2020,0,0,0
Siskiyou,4/5/2020,0,2,2
Modoc,4/5/2020,0,0,0
Monterey,4/5/2020,16,15,31
Del Norte,4/5/2020,0,1,1
San Bernardino,4/5/2020,146,240,386
Fresno,4/5/2020,16,81,97
Shasta,4/5/2020,8,11,19
Trinity,4/5/2020,0,0,0
Merced,4/5/2020,15,10,25
Lake,4/5/2020,0,4,4
San Joaquin,4/5/2020,46,24,70
Stanislaus,4/5/2020,30,25,55
Placer,4/5/2020,23,13,36
Amador,4/5/2020,0,0,0
Ventura,4/5/2020,21,128,149
Kern,4/5/2020,23,27,50
Tehama,4/5/2020,0,1,1
Sacramento,4/5/2020,64,78,142
Santa Clara,4/5/2020,166,69,235
Humboldt,4/5/2020,2,3,5
San Benito,4/5/2020,3,0,3
Santa Barbara,4/5/2020,31,26,57
Colusa,4/5/2020,1,0,1
Yuba,4/5/2020,1,14,15
Inyo,4/6/2020,9,114,123
San Joaquin,4/6/2020,31,32,63
Alameda,4/6/2020,79,70,149
Yuba,4/6/2020,1,19,20
Yolo,4/6/2020,4,0,4
Colusa,4/6/2020,0,0,0
Modoc,4/6/2020,0,0,0
San Mateo,4/6/2020,68,20,88
Fresno,4/6/2020,18,81,99
Plumas,4/6/2020,0,0,0
San Benito,4/6/2020,3,3,6
Santa Barbara,4/6/2020,34,26,60
Solano,4/6/2020,15,21,36
Riverside,4/6/2020,129,193,322
San Luis Obispo,4/6/2020,2,3,5
Tulare,4/6/2020,12,24,36
Del Norte,4/6/2020,0,3,3
Tuolumne,4/6/2020,0,0,0
Merced,4/6/2020,4,2,6
Stanislaus,4/6/2020,28,28,56
Los Angeles,4/6/2020,1166,1070,2236
Ventura,4/6/2020,22,106,128
Calaveras,4/6/2020,0,0,0
Kings,4/6/2020,3,3,6
Sutter,4/6/2020,0,0,0
Santa Cruz,4/6/2020,5,9,14
Shasta,4/6/2020,6,3,9
Sonoma,4/6/2020,6,18,24
Imperial,4/6/2020,9,14,23
Monterey,4/6/2020,16,15,31
Amador,4/6/2020,0,0,0
Lake,4/6/2020,0,8,8
Napa,4/6/2020,0,7,7
Sacramento,4/6/2020,77,78,155
Butte,4/6/2020,1,15,16
San Francisco,4/6/2020,80,71,151
Siskiyou,4/6/2020,0,0,0
Mendocino,4/6/2020,0,2,2
Lassen,4/6/2020,0,0,0
Mono,4/6/2020,20,2,22
Contra Costa,4/6/2020,30,28,58
San Bernardino,4/6/2020,148,185,333
Humboldt,4/6/2020,3,12,15
Santa Clara,4/6/2020,181,49,230
Placer,4/6/2020,20,12,32
Madera,4/6/2020,0,2,2
Trinity,4/6/2020,0,0,0
Tehama,4/6/2020,0,0,0
El Dorado,4/6/2020,16,1,17
Kern,4/6/2020,24,36,60
San Diego,4/6/2020,187,224,411
Mariposa,4/6/2020,0,3,3
Marin,4/6/2020,8,8,16
Glenn,4/6/2020,0,0,0
Orange,4/6/2020,145,171,316
Nevada,4/6/2020,1,5,6
San Luis Obispo,4/7/2020,2,5,7
Sacramento,4/7/2020,74,91,165
Santa Clara,4/7/2020,187,47,234
Mono,4/7/2020,20,2,22
Imperial,4/7/2020,9,14,23
Ventura,4/7/2020,22,68,90
Calaveras,4/7/2020,0,1,1
Madera,4/7/2020,0,3,3
Inyo,4/7/2020,9,121,130
Trinity,4/7/2020,0,0,0
Colusa,4/7/2020,0,0,0
Plumas,4/7/2020,0,1,1
Sutter,4/7/2020,0,0,0
Merced,4/7/2020,3,3,6
Napa,4/7/2020,0,5,5
Kern,4/7/2020,28,91,119
Tulare,4/7/2020,8,23,31
Riverside,4/7/2020,129,207,336
Glenn,4/7/2020,0,0,0
San Mateo,4/7/2020,63,13,76
Sonoma,4/7/2020,6,28,34
Marin,4/7/2020,6,5,11
Nevada,4/7/2020,1,4,5
Santa Barbara,4/7/2020,41,8,49
El Dorado,4/7/2020,16,2,18
San Diego,4/7/2020,203,124,327
Orange,4/7/2020,143,144,287
Mariposa,4/7/2020,0,3,3
Tuolumne,4/7/2020,0,0,0
Tehama,4/7/2020,0,1,1
Placer,4/7/2020,19,18,37
Alameda,4/7/2020,76,84,160
Shasta,4/7/2020,5,8,13
Monterey,4/7/2020,18,25,43
Lassen,4/7/2020,0,1,1
Mendocino,4/7/2020,0,2,2
Lake,4/7/2020,0,0,0
Fresno,4/7/2020,20,82,102
San Bernardino,4/7/2020,146,178,324
Del Norte,4/7/2020,0,3,3
Yolo,4/7/2020,2,3,5
San Benito,4/7/2020,3,3,6
Siskiyou,4/7/2020,0,1,1
Santa Cruz,4/7/2020,4,4,8
Butte,4/7/2020,1,14,15
Humboldt,4/7/2020,2,7,9
San Francisco,4/7/2020,88,116,204
Kings,4/7/2020,3,4,7
Contra Costa,4/7/2020,31,38,69
Modoc,4/7/2020,0,1,1
San Joaquin,4/7/2020,31,33,64
Solano,4/7/2020,14,24,38
Amador,4/7/2020,0,0,0
Los Angeles,4/7/2020,1251,1350,2601
Yuba,4/7/2020,2,25,27
Stanislaus,4/7/2020,28,40,68
San Benito,4/8/2020,2,0,2
San Diego,4/8/2020,225,103,328
Santa Cruz,4/8/2020,4,9,13
Calaveras,4/8/2020,0,2,2
Merced,4/8/2020,1,1,2
Los Angeles,4/8/2020,1331,1077,2408
Santa Clara,4/8/2020,156,34,190
Imperial,4/8/2020,16,7,23
Yolo,4/8/2020,2,7,9
Sutter,4/8/2020,0,0,0
Sonoma,4/8/2020,6,22,28
Marin,4/8/2020,5,3,8
San Joaquin,4/8/2020,32,19,51
Colusa,4/8/2020,0,0,0
Mariposa,4/8/2020,0,0,0
Sacramento,4/8/2020,76,81,157
Modoc,4/8/2020,0,0,0
Nevada,4/8/2020,2,7,9
Madera,4/8/2020,0,6,6
Monterey,4/8/2020,18,24,42
Stanislaus,4/8/2020,30,35,65
Contra Costa,4/8/2020,35,50,85
Tehama,4/8/2020,0,2,2
Santa Barbara,4/8/2020,42,18,60
San Mateo,4/8/2020,66,20,86
San Luis Obispo,4/8/2020,2,13,15
Tuolumne,4/8/2020,0,0,0
Kings,4/8/2020,2,8,10
Fresno,4/8/2020,22,63,85
Ventura,4/8/2020,18,73,91
Alameda,4/8/2020,84,69,153
Placer,4/8/2020,18,15,33
Shasta,4/8/2020,4,5,9
Inyo,4/8/2020,9,128,137
Trinity,4/8/2020,0,0,0
Yuba,4/8/2020,2,24,26
Amador,4/8/2020,0,0,0
Napa,4/8/2020,0,7,7
Orange,4/8/2020,153,181,334
Lassen,4/8/2020,0,1,1
San Bernardino,4/8/2020,132,301,433
Butte,4/8/2020,1,15,16
El Dorado,4/8/2020,16,3,19
Riverside,4/8/2020,149,145,294
Lake,4/8/2020,0,0,0
Humboldt,4/8/2020,2,3,5
Kern,4/8/2020,31,57,88
Mono,4/8/2020,19,8,27
Del Norte,4/8/2020,0,2,2
Plumas,4/8/2020,0,1,1
Mendocino,4/8/2020,0,0,0
Solano,4/8/2020,15,19,34
Tulare,4/8/2020,7,16,23
San Francisco,4/8/2020,90,116,206
Siskiyou,4/8/2020,0,3,3
Glenn,4/8/2020,0,0,0
Monterey,4/9/2020,17,26,43
Nevada,4/9/2020,2,4,6
Humboldt,4/9/2020,2,6,8
Solano,4/9/2020,14,9,23
Los Angeles,4/9/2020,1368,758,2126
Trinity,4/9/2020,0,0,0
Mariposa,4/9/2020,0,0,0
Colusa,4/9/2020,0,0,0
Kern,4/9/2020,27,35,62
Yolo,4/9/2020,2,4,6
Contra Costa,4/9/2020,37,64,101
Tuolumne,4/9/2020,0,0,0
Sonoma,4/9/2020,5,21,26
Sutter,4/9/2020,0,0,0
San Luis Obispo,4/9/2020,2,10,12
Napa,4/9/2020,0,7,7
Plumas,4/9/2020,0,1,1
Butte,4/9/2020,1,14,15
Mono,4/9/2020,18,15,33
Shasta,4/9/2020,5,7,12
Mendocino,4/9/2020,0,0,0
Fresno,4/9/2020,25,41,66
San Mateo,4/9/2020,58,14,72
Orange,4/9/2020,146,117,263
San Diego,4/9/2020,227,124,351
Santa Cruz,4/9/2020,4,14,18
Riverside,4/9/2020,201,159,360
San Joaquin,4/9/2020,29,18,47
Madera,4/9/2020,0,3,3
San Benito,4/9/2020,2,1,3
Modoc,4/9/2020,0,0,0
Glenn,4/9/2020,0,0,0
Stanislaus,4/9/2020,28,30,58
Imperial,4/9/2020,14,10,24
Merced,4/9/2020,1,7,8
Ventura,4/9/2020,18,69,87
Santa Clara,4/9/2020,158,65,223
San Bernardino,4/9/2020,136,269,405
Yuba,4/9/2020,3,18,21
Del Norte,4/9/2020,0,2,2
Marin,4/9/2020,5,7,12
Lake,4/9/2020,0,0,0
Tulare,4/9/2020,10,11,21
Kings,4/9/2020,6,6,12
Sacramento,4/9/2020,74,60,134
Lassen,4/9/2020,0,2,2
El Dorado,4/9/2020,17,3,20
Placer,4/9/2020,18,12,30
Amador,4/9/2020,0,0,0
Tehama,4/9/2020,0,1,1
Santa Barbara,4/9/2020,40,18,58
San Francisco,4/9/2020,88,64,152
Inyo,4/9/2020,9,135,144
Alameda,4/9/2020,80,76,156
Calaveras,4/9/2020,0,0,0
Siskiyou,4/9/2020,0,2,2
Solano,4/10/2020,18,9,27
Sutter,4/10/2020,0,0,0
Modoc,4/10/2020,0,0,0
Plumas,4/10/2020,0,0,0
Colusa,4/10/2020,0,0,0
Imperial,4/10/2020,14,12,26
San Joaquin,4/10/2020,26,17,43
Los Angeles,4/10/2020,1299,754,2053
Del Norte,4/10/2020,0,3,3
Sonoma,4/10/2020,4,18,22
San Luis Obispo,4/10/2020,2,3,5
Mendocino,4/10/2020,0,1,1
Lake,4/10/2020,0,1,1
Orange,4/10/2020,139,129,268
Humboldt,4/10/2020,2,10,12
Santa Cruz,4/10/2020,4,11,15
Santa Clara,4/10/2020,151,44,195
Yolo,4/10/2020,3,2,5
Fresno,4/10/2020,27,41,68
Contra Costa,4/10/2020,42,30,72
Monterey,4/10/2020,18,21,39
Trinity,4/10/2020,0,0,0
Calaveras,4/10/2020,0,0,0
El Dorado,4/10/2020,17,1,18
Marin,4/10/2020,6,26,32
Nevada,4/10/2020,3,3,6
San Mateo,4/10/2020,56,12,68
Kern,4/10/2020,33,38,71
Yuba,4/10/2020,2,8,10
Napa,4/10/2020,0,7,7
Tulare,4/10/2020,11,10,21
Alameda,4/10/2020,93,71,164
Mono,4/10/2020,0,3,3
Riverside,4/10/2020,206,141,347
Siskiyou,4/10/2020,0,0,0
Kings,4/10/2020,8,0,8
Tehama,4/10/2020,0,1,1
San Benito,4/10/2020,2,1,3
Inyo,4/10/2020,9,135,144
San Bernardino,4/10/2020,156,295,451
Ventura,4/10/2020,19,76,95
Merced,4/10/2020,0,2,2
Shasta,4/10/2020,5,7,12
Amador,4/10/2020,0,0,0
Tuolumne,4/10/2020,0,0,0
Lassen,4/10/2020,0,2,2
Butte,4/10/2020,1,15,16
Stanislaus,4/10/2020,27,17,44
Glenn,4/10/2020,0,0,0
Madera,4/10/2020,0,5,5
Placer,4/10/2020,16,11,27
San Francisco,4/10/2020,85,46,131
Mariposa,4/10/2020,0,0,0
Sacramento,4/10/2020,70,45,115
Santa Barbara,4/10/2020,42,13,55
San Diego,4/10/2020,230,124,354
Merced,4/11/2020,0,2,2
Mono,4/11/2020,0,3,3
Modoc,4/11/2020,0,0,0
Placer,4/11/2020,20,19,39
Tehama,4/11/2020,0,0,0
Mariposa,4/11/2020,0,0,0
Sonoma,4/11/2020,3,19,22
Siskiyou,4/11/2020,0,0,0
Amador,4/11/2020,0,0,0
Shasta,4/11/2020,5,3,8
Alameda,4/11/2020,87,91,178
San Bernardino,4/11/2020,153,213,366
Calaveras,4/11/2020,0,1,1
Plumas,4/11/2020,0,0,0
Sacramento,4/11/2020,67,46,113
Glenn,4/11/2020,0,0,0
Nevada,4/11/2020,3,3,6
Colusa,4/11/2020,0,0,0
Stanislaus,4/11/2020,23,19,42
Kings,4/11/2020,10,0,10
Tulare,4/11/2020,12,3,15
Santa Clara,4/11/2020,146,61,207
San Mateo,4/11/2020,54,15,69
Imperial,4/11/2020,14,11,25
Del Norte,4/11/2020,0,2,2
Yolo,4/11/2020,3,4,7
Trinity,4/11/2020,0,0,0
Butte,4/11/2020,2,4,6
Marin,4/11/2020,2,27,29
Napa,4/11/2020,0,0,0
Yuba,4/11/2020,2,2,4
Fresno,4/11/2020,28,63,91
San Benito,4/11/2020,2,2,4
Humboldt,4/11/2020,2,5,7
Solano,4/11/2020,13,16,29
Los Angeles,4/11/2020,1362,905,2267
Inyo,4/11/2020,10,140,150
San Luis Obispo,4/11/2020,2,10,12
Riverside,4/11/2020,232,127,359
Sutter,4/11/2020,0,0,0
Kern,4/11/2020,32,52,84
Madera,4/11/2020,0,5,5
Monterey,4/11/2020,18,17,35
Lassen,4/11/2020,0,4,4
Tuolumne,4/11/2020,0,2,2
Santa Barbara,4/11/2020,40,16,56
San Francisco,4/11/2020,82,51,133
San Diego,4/11/2020,239,118,357
Lake,4/11/2020,0,0,0
Mendocino,4/11/2020,0,1,1
San Joaquin,4/11/2020,23,14,37
El Dorado,4/11/2020,17,2,19
Orange,4/11/2020,144,109,253
Contra Costa,4/11/2020,39,38,77
Ventura,4/11/2020,22,58,80
Santa Cruz,4/11/2020,4,14,18
Orange,4/12/2020,138,108,246
Marin,4/12/2020,2,24,26
Riverside,4/12/2020,245,142,387
Sutter,4/12/2020,0,0,0
Tehama,4/12/2020,0,3,3
Butte,4/12/2020,2,0,2
Santa Cruz,4/12/2020,4,15,19
Sonoma,4/12/2020,3,11,14
Placer,4/12/2020,19,15,34
Yuba,4/12/2020,1,0,1
Del Norte,4/12/2020,0,2,2
Yolo,4/12/2020,4,4,8
Glenn,4/12/2020,0,0,0
Mariposa,4/12/2020,0,0,0
Napa,4/12/2020,0,0,0
Kings,4/12/2020,8,0,8
Lassen,4/12/2020,0,4,4
Siskiyou,4/12/2020,0,0,0
San Benito,4/12/2020,0,0,0
Inyo,4/12/2020,10,140,150
Colusa,4/12/2020,0,0,0
El Dorado,4/12/2020,19,1,20
Plumas,4/12/2020,0,0,0
Alameda,4/12/2020,91,101,192
Kern,4/12/2020,31,28,59
Madera,4/12/2020,0,5,5
San Diego,4/12/2020,244,108,352
Sacramento,4/12/2020,69,46,115
Fresno,4/12/2020,23,46,69
Mendocino,4/12/2020,0,0,0
San Joaquin,4/12/2020,25,21,46
Lake,4/12/2020,0,0,0
Nevada,4/12/2020,3,1,4
Tulare,4/12/2020,15,4,19
Merced,4/12/2020,0,3,3
Los Angeles,4/12/2020,1433,715,2148
Ventura,4/12/2020,21,65,86
Stanislaus,4/12/2020,19,19,38
San Bernardino,4/12/2020,157,172,329
Santa Clara,4/12/2020,145,51,196
San Francisco,4/12/2020,92,44,136
San Luis Obispo,4/12/2020,2,8,10
Shasta,4/12/2020,4,3,7
Santa Barbara,4/12/2020,42,7,49
Contra Costa,4/12/2020,46,32,78
Monterey,4/12/2020,19,13,32
San Mateo,4/12/2020,46,31,77
Tuolumne,4/12/2020,0,0,0
Amador,4/12/2020,0,0,0
Calaveras,4/12/2020,0,2,2
Humboldt,4/12/2020,2,4,6
Imperial,4/12/2020,18,13,31
Solano,4/12/2020,13,19,32
Trinity,4/12/2020,0,0,0
Modoc,4/12/2020,0,0,0
Mono,4/12/2020,0,3,3
Riverside,4/13/2020,247,122,369
San Diego,4/13/2020,243,107,350
Santa Clara,4/13/2020,151,66,217
Fresno,4/13/2020,22,57,79
Tehama,4/13/2020,0,0,0
El Dorado,4/13/2020,19,1,20
Sonoma,4/13/2020,3,14,17
Tulare,4/13/2020,14,3,17
Inyo,4/13/2020,10,150,160
Santa Barbara,4/13/2020,42,7,49
Calaveras,4/13/2020,0,1,1
Contra Costa,4/13/2020,44,44,88
Kings,4/13/2020,0,1,1
Monterey,4/13/2020,22,19,41
Kern,4/13/2020,39,32,71
Amador,4/13/2020,0,0,0
Alameda,4/13/2020,85,81,166
Placer,4/13/2020,18,9,27
Sacramento,4/13/2020,73,36,109
Lake,4/13/2020,0,2,2
Solano,4/13/2020,13,13,26
Orange,4/13/2020,149,81,230
San Luis Obispo,4/13/2020,2,5,7
Madera,4/13/2020,0,4,4
San Benito,4/13/2020,1,1,2
Tuolumne,4/13/2020,0,0,0
Los Angeles,4/13/2020,1501,793,2294
Modoc,4/13/2020,0,0,0
Ventura,4/13/2020,21,56,77
Lassen,4/13/2020,0,4,4
Siskiyou,4/13/2020,0,2,2
Humboldt,4/13/2020,2,8,10
San Francisco,4/13/2020,89,48,137
Mariposa,4/13/2020,0,3,3
Imperial,4/13/2020,19,8,27
San Mateo,4/13/2020,57,19,76
Butte,4/13/2020,1,8,9
Nevada,4/13/2020,2,2,4
Marin,4/13/2020,2,20,22
San Bernardino,4/13/2020,167,155,322
Yuba,4/13/2020,1,2,3
Glenn,4/13/2020,0,0,0
Mendocino,4/13/2020,7,1,8
Del Norte,4/13/2020,0,1,1
San Joaquin,4/13/2020,26,16,42
Sutter,4/13/2020,0,0,0
Colusa,4/13/2020,0,0,0
Yolo,4/13/2020,4,0,4
Shasta,4/13/2020,3,0,3
Napa,4/13/2020,0,1,1
Santa Cruz,4/13/2020,4,8,12
Merced,4/13/2020,0,4,4
Stanislaus,4/13/2020,21,22,43
Plumas,4/13/2020,0,1,1
Mono,4/13/2020,0,1,1
Trinity,4/13/2020,0,0,0
Sacramento,4/14/2020,70,46,116
Fresno,4/14/2020,24,45,69
Shasta,4/14/2020,1,4,5
Inyo,4/14/2020,10,156,166
Imperial,4/14/2020,19,14,33
Yuba,4/14/2020,1,1,2
Plumas,4/14/2020,0,1,1
Contra Costa,4/14/2020,37,51,88
Tuolumne,4/14/2020,0,0,0
Madera,4/14/2020,0,4,4
Lassen,4/14/2020,0,6,6
Yolo,4/14/2020,3,0,3
Santa Cruz,4/14/2020,4,4,8
Mariposa,4/14/2020,0,3,3
San Joaquin,4/14/2020,22,10,32
Siskiyou,4/14/2020,0,0,0
Marin,4/14/2020,2,23,25
Kern,4/14/2020,35,23,58
Glenn,4/14/2020,0,0,0
Nevada,4/14/2020,3,4,7
Santa Clara,4/14/2020,144,47,191
Amador,4/14/2020,0,0,0
Del Norte,4/14/2020,0,5,5
Calaveras,4/14/2020,0,1,1
San Luis Obispo,4/14/2020,3,15,18
Kings,4/14/2020,8,0,8
Sonoma,4/14/2020,3,9,12
Placer,4/14/2020,17,15,32
Sutter,4/14/2020,0,0,0
Ventura,4/14/2020,24,35,59
San Benito,4/14/2020,1,1,2
Mendocino,4/14/2020,0,0,0
San Bernardino,4/14/2020,166,149,315
Humboldt,4/14/2020,2,7,9
Merced,4/14/2020,0,4,4
Stanislaus,4/14/2020,18,25,43
Colusa,4/14/2020,0,0,0
Tulare,4/14/2020,15,5,20
Butte,4/14/2020,1,6,7
Mono,4/14/2020,0,1,1
San Mateo,4/14/2020,55,12,67
Lake,4/14/2020,0,3,3
Monterey,4/14/2020,18,13,31
Trinity,4/14/2020,0,0,0
Riverside,4/14/2020,235,117,352
Orange,4/14/2020,147,111,258
Los Angeles,4/14/2020,1587,613,2200
Santa Barbara,4/14/2020,42,8,50
Solano,4/14/2020,12,25,37
San Diego,4/14/2020,243,109,352
Alameda,4/14/2020,92,106,198
Napa,4/14/2020,0,0,0
El Dorado,4/14/2020,20,3,23
Modoc,4/14/2020,0,1,1
San Francisco,4/14/2020,87,53,140
Tehama,4/14/2020,0,0,0
Mendocino,4/15/2020,0,0,0
Los Angeles,4/15/2020,1624,632,2256
Kings,4/15/2020,8,0,8
San Diego,4/15/2020,236,112,348
San Mateo,4/15/2020,53,18,71
Tehama,4/15/2020,0,0,0
Contra Costa,4/15/2020,38,41,79
Mariposa,4/15/2020,0,4,4
Sutter,4/15/2020,0,0,0
San Joaquin,4/15/2020,21,21,42
Modoc,4/15/2020,0,0,0
San Bernardino,4/15/2020,149,109,258
Fresno,4/15/2020,25,33,58
Napa,4/15/2020,0,0,0
Riverside,4/15/2020,207,155,362
Marin,4/15/2020,4,10,14
Siskiyou,4/15/2020,2,0,2
Placer,4/15/2020,13,11,24
Solano,4/15/2020,9,14,23
Stanislaus,4/15/2020,19,17,36
El Dorado,4/15/2020,0,5,5
Shasta,4/15/2020,1,1,2
Calaveras,4/15/2020,0,0,0
Lake,4/15/2020,3,3,6
Humboldt,4/15/2020,2,5,7
Plumas,4/15/2020,0,0,0
Del Norte,4/15/2020,0,0,0
Glenn,4/15/2020,0,0,0
Sacramento,4/15/2020,66,60,126
Kern,4/15/2020,40,12,52
Santa Cruz,4/15/2020,4,2,6
Inyo,4/15/2020,15,163,178
San Francisco,4/15/2020,87,84,171
Monterey,4/15/2020,20,11,31
Alameda,4/15/2020,81,99,180
Sonoma,4/15/2020,3,13,16
Butte,4/15/2020,1,5,6
Mono,4/15/2020,0,0,0
San Luis Obispo,4/15/2020,2,6,8
Yuba,4/15/2020,0,2,2
San Benito,4/15/2020,1,0,1
Madera,4/15/2020,1,6,7
Lassen,4/15/2020,0,6,6
Imperial,4/15/2020,21,13,34
Colusa,4/15/2020,0,0,0
Ventura,4/15/2020,25,57,82
Tulare,4/15/2020,18,3,21
Santa Clara,4/15/2020,144,42,186
Trinity,4/15/2020,0,0,0
Nevada,4/15/2020,3,4,7
Merced,4/15/2020,0,0,0
Amador,4/15/2020,0,0,0
Yolo,4/15/2020,2,1,3
Tuolumne,4/15/2020,0,0,0
Orange,4/15/2020,156,103,259
Santa Barbara,4/15/2020,37,7,44
Sacramento,4/16/2020,64,54,118
Siskiyou,4/16/2020,0,2,2
Tehama,4/16/2020,0,1,1
San Mateo,4/16/2020,54,18,72
Monterey,4/16/2020,20,22,42
Santa Cruz,4/16/2020,4,3,7
Sonoma,4/16/2020,3,10,13
Del Norte,4/16/2020,0,3,3
Napa,4/16/2020,0,0,0
Tuolumne,4/16/2020,0,0,0
Humboldt,4/16/2020,1,5,6
Nevada,4/16/2020,3,3,6
Imperial,4/16/2020,21,7,28
Lake,4/16/2020,1,0,1
Colusa,4/16/2020,0,1,1
Mariposa,4/16/2020,0,1,1
Solano,4/16/2020,9,15,24
Ventura,4/16/2020,24,52,76
Butte,4/16/2020,1,10,11
Glenn,4/16/2020,0,0,0
Santa Clara,4/16/2020,134,48,182
Marin,4/16/2020,5,7,12
Amador,4/16/2020,0,0,0
Mono,4/16/2020,0,0,0
Sutter,4/16/2020,0,0,0
Merced,4/16/2020,1,1,2
Mendocino,4/16/2020,0,0,0
Orange,4/16/2020,152,117,269
Shasta,4/16/2020,1,0,1
Riverside,4/16/2020,216,150,366
Inyo,4/16/2020,0,3,3
Tulare,4/16/2020,22,5,27
San Benito,4/16/2020,1,0,1
San Francisco,4/16/2020,84,35,119
Stanislaus,4/16/2020,18,19,37
Yuba,4/16/2020,0,2,2
Fresno,4/16/2020,33,33,66
Madera,4/16/2020,0,7,7
Placer,4/16/2020,12,18,30
Los Angeles,4/16/2020,1679,620,2299
Contra Costa,4/16/2020,37,59,96
Trinity,4/16/2020,0,0,0
Calaveras,4/16/2020,0,1,1
San Bernardino,4/16/2020,164,124,288
Lassen,4/16/2020,0,5,5
Plumas,4/16/2020,0,0,0
Kings,4/16/2020,8,0,8
San Luis Obispo,4/16/2020,3,11,14
Yolo,4/16/2020,2,1,3
Santa Barbara,4/16/2020,37,4,41
Kern,4/16/2020,41,19,60
Modoc,4/16/2020,0,2,2
Alameda,4/16/2020,73,82,155
El Dorado,4/16/2020,0,5,5
San Diego,4/16/2020,231,111,342
San Joaquin,4/16/2020,21,16,37
Marin,4/17/2020,4,2,6
San Bernardino,4/17/2020,165,123,288
Kings,4/17/2020,7,0,7
Butte,4/17/2020,1,9,10
Lassen,4/17/2020,0,5,5
Riverside,4/17/2020,215,144,359
Alameda,4/17/2020,85,91,176
Mariposa,4/17/2020,0,1,1
Sonoma,4/17/2020,2,6,8
Del Norte,4/17/2020,0,4,4
Stanislaus,4/17/2020,15,17,32
Kern,4/17/2020,36,16,52
Yolo,4/17/2020,4,0,4
Glenn,4/17/2020,0,0,0
Siskiyou,4/17/2020,0,3,3
Santa Clara,4/17/2020,140,60,200
Modoc,4/17/2020,0,1,1
Lake,4/17/2020,0,6,6
Sutter,4/17/2020,0,0,0
Mono,4/17/2020,0,0,0
Madera,4/17/2020,0,5,5
Sacramento,4/17/2020,63,46,109
Nevada,4/17/2020,2,4,6
San Diego,4/17/2020,232,111,343
Napa,4/17/2020,0,1,1
Humboldt,4/17/2020,0,4,4
Trinity,4/17/2020,0,0,0
San Benito,4/17/2020,1,0,1
Shasta,4/17/2020,1,0,1
Colusa,4/17/2020,0,1,1
Fresno,4/17/2020,31,29,60
Mendocino,4/17/2020,0,0,0
Inyo,4/17/2020,0,3,3
Imperial,4/17/2020,19,15,34
Santa Barbara,4/17/2020,36,6,42
San Luis Obispo,4/17/2020,3,11,14
San Francisco,4/17/2020,79,36,115
San Joaquin,4/17/2020,23,23,46
Los Angeles,4/17/2020,1720,634,2354
Monterey,4/17/2020,22,25,47
San Mateo,4/17/2020,51,16,67
Tehama,4/17/2020,0,0,0
Orange,4/17/2020,160,124,284
Amador,4/17/2020,0,0,0
Tuolumne,4/17/2020,0,0,0
Tulare,4/17/2020,23,5,28
Placer,4/17/2020,12,17,29
Santa Cruz,4/17/2020,2,3,5
Solano,4/17/2020,10,11,21
El Dorado,4/17/2020,0,6,6
Calaveras,4/17/2020,0,2,2
Contra Costa,4/17/2020,34,46,80
Merced,4/17/2020,0,4,4
Yuba,4/17/2020,0,5,5
Ventura,4/17/2020,23,33,56
Plumas,4/17/2020,0,1,1
Contra Costa,4/18/2020,35,44,79
Yuba,4/18/2020,0,3,3
Humboldt,4/18/2020,0,4,4
Solano,4/18/2020,9,11,20
Kings,4/18/2020,8,0,8
Tehama,4/18/2020,0,0,0
San Joaquin,4/18/2020,23,27,50
Marin,4/18/2020,3,1,4
Yolo,4/18/2020,4,0,4
Sutter,4/18/2020,0,0,0
Glenn,4/18/2020,0,0,0
Napa,4/18/2020,0,0,0
Tuolumne,4/18/2020,0,0,0
Placer,4/18/2020,11,17,28
Fresno,4/18/2020,32,35,67
Mono,4/18/2020,0,0,0
El Dorado,4/18/2020,0,8,8
Mariposa,4/18/2020,0,0,0
Madera,4/18/2020,0,7,7
Imperial,4/18/2020,21,12,33
Del Norte,4/18/2020,0,2,2
San Benito,4/18/2020,0,0,0
Ventura,4/18/2020,25,28,53
Riverside,4/18/2020,223,118,341
Trinity,4/18/2020,0,0,0
Inyo,4/18/2020,1,1,2
Kern,4/18/2020,33,14,47
Santa Barbara,4/18/2020,31,9,40
Colusa,4/18/2020,0,0,0
Modoc,4/18/2020,0,1,1
Siskiyou,4/18/2020,0,1,1
Shasta,4/18/2020,1,1,2
Orange,4/18/2020,157,120,277
Nevada,4/18/2020,4,5,9
Stanislaus,4/18/2020,14,23,37
Lassen,4/18/2020,0,1,1
Alameda,4/18/2020,82,73,155
Sonoma,4/18/2020,2,4,6
Calaveras,4/18/2020,0,0,0
Amador,4/18/2020,0,0,0
Merced,4/18/2020,0,3,3
Butte,4/18/2020,1,4,5
Lake,4/18/2020,0,0,0
Tulare,4/18/2020,27,0,27
Santa Cruz,4/18/2020,2,2,4
Plumas,4/18/2020,0,1,1
San Mateo,4/18/2020,49,12,61
San Bernardino,4/18/2020,161,108,269
San Luis Obispo,4/18/2020,3,12,15
Mendocino,4/18/2020,0,0,0
Santa Clara,4/18/2020,137,52,189
Los Angeles,4/18/2020,1709,578,2287
Monterey,4/18/2020,26,21,47
Sacramento,4/18/2020,65,46,111
San Diego,4/18/2020,223,97,320
San Francisco,4/18/2020,74,29,103
Plumas,4/19/2020,0,0,0
San Joaquin,4/19/2020,23,16,39
Napa,4/19/2020,0,3,3
Del Norte,4/19/2020,0,0,0
Trinity,4/19/2020,0,0,0
Mono,4/19/2020,0,0,0
Shasta,4/19/2020,1,0,1
Santa Barbara,4/19/2020,29,7,36
Santa Clara,4/19/2020,143,32,175
Contra Costa,4/19/2020,34,40,74
San Luis Obispo,4/19/2020,2,7,9
San Francisco,4/19/2020,73,34,107
Ventura,4/19/2020,26,26,52
San Mateo,4/19/2020,53,6,59
Solano,4/19/2020,11,10,21
El Dorado,4/19/2020,0,11,11
Madera,4/19/2020,0,7,7
Riverside,4/19/2020,236,113,349
Stanislaus,4/19/2020,13,16,29
Sonoma,4/19/2020,2,8,10
Los Angeles,4/19/2020,1739,549,2288
Glenn,4/19/2020,0,0,0
Humboldt,4/19/2020,0,3,3
Colusa,4/19/2020,1,0,1
Lassen,4/19/2020,0,1,1
San Diego,4/19/2020,226,94,320
Inyo,4/19/2020,1,0,1
Orange,4/19/2020,162,130,292
Fresno,4/19/2020,32,35,67
San Benito,4/19/2020,0,0,0
Yuba,4/19/2020,0,2,2
Sacramento,4/19/2020,65,39,104
Placer,4/19/2020,11,12,23
Monterey,4/19/2020,25,6,31
Modoc,4/19/2020,0,0,0
San Bernardino,4/19/2020,158,97,255
Marin,4/19/2020,3,7,10
Alameda,4/19/2020,84,63,147
Kings,4/19/2020,8,0,8
Nevada,4/19/2020,1,4,5
Tehama,4/19/2020,0,0,0
Siskiyou,4/19/2020,0,1,1
Calaveras,4/19/2020,0,0,0
Mendocino,4/19/2020,0,0,0
Mariposa,4/19/2020,0,0,0
Merced,4/19/2020,0,2,2
Tuolumne,4/19/2020,0,0,0
Lake,4/19/2020,0,2,2
Tulare,4/19/2020,27,0,27
Sutter,4/19/2020,0,0,0
Imperial,4/19/2020,25,8,33
Butte,4/19/2020,1,3,4
Yolo,4/19/2020,6,0,6
Amador,4/19/2020,0,0,0
Santa Cruz,4/19/2020,2,3,5
Kern,4/19/2020,34,20,54
Shasta,4/20/2020,1,0,1
Imperial,4/20/2020,25,9,34
Glenn,4/20/2020,0,0,0
Kern,4/20/2020,34,11,45
Monterey,4/20/2020,24,7,31
Marin,4/20/2020,6,4,10
Yuba,4/20/2020,0,1,1
Merced,4/20/2020,0,1,1
Humboldt,4/20/2020,0,6,6
Modoc,4/20/2020,0,0,0
Inyo,4/20/2020,1,0,1
Riverside,4/20/2020,240,145,385
Sacramento,4/20/2020,69,32,101
Lassen,4/20/2020,0,1,1
Solano,4/20/2020,10,11,21
Lake,4/20/2020,0,2,2
Alameda,4/20/2020,85,52,137
Nevada,4/20/2020,1,5,6
Sutter,4/20/2020,0,0,0
Yolo,4/20/2020,5,1,6
Madera,4/20/2020,0,6,6
Del Norte,4/20/2020,0,2,2
Tulare,4/20/2020,27,0,27
San Francisco,4/20/2020,79,27,106
Plumas,4/20/2020,0,0,0
Kings,4/20/2020,8,0,8
Siskiyou,4/20/2020,0,1,1
Santa Cruz,4/20/2020,3,1,4
San Bernardino,4/20/2020,152,200,352
Ventura,4/20/2020,29,18,47
Trinity,4/20/2020,0,0,0
Amador,4/20/2020,0,0,0
San Joaquin,4/20/2020,30,23,53
Calaveras,4/20/2020,0,1,1
San Diego,4/20/2020,238,76,314
Mendocino,4/20/2020,0,0,0
Contra Costa,4/20/2020,37,28,65
Butte,4/20/2020,1,2,3
San Mateo,4/20/2020,56,16,72
Santa Barbara,4/20/2020,30,9,39
Placer,4/20/2020,8,7,15
Orange,4/20/2020,172,102,274
Sonoma,4/20/2020,2,12,14
San Luis Obispo,4/20/2020,2,3,5
Fresno,4/20/2020,35,30,65
El Dorado,4/20/2020,0,4,4
Mariposa,4/20/2020,0,1,1
San Benito,4/20/2020,0,0,0
Napa,4/20/2020,1,2,3
Colusa,4/20/2020,1,0,1
Los Angeles,4/20/2020,1791,602,2393
Santa Clara,4/20/2020,149,42,191
Stanislaus,4/20/2020,13,18,31
Tuolumne,4/20/2020,0,0,0
Mono,4/20/2020,0,0,0
Tehama,4/20/2020,0,0,0
San Bernardino,4/21/2020,153,204,357
Santa Cruz,4/21/2020,3,2,5
Kern,4/21/2020,31,12,43
Del Norte,4/21/2020,0,1,1
Napa,4/21/2020,1,1,2
Sutter,4/21/2020,0,0,0
Merced,4/21/2020,0,3,3
Tulare,4/21/2020,27,0,27
San Francisco,4/21/2020,76,45,121
Glenn,4/21/2020,0,0,0
Placer,4/21/2020,4,18,22
Mono,4/21/2020,0,0,0
Ventura,4/21/2020,28,28,56
San Benito,4/21/2020,1,0,1
Amador,4/21/2020,0,0,0
Santa Barbara,4/21/2020,26,8,34
Yuba,4/21/2020,0,0,0
Shasta,4/21/2020,1,0,1
Madera,4/21/2020,0,5,5
Tuolumne,4/21/2020,0,0,0
Imperial,4/21/2020,23,12,35
Stanislaus,4/21/2020,11,20,31
Modoc,4/21/2020,0,1,1
Nevada,4/21/2020,1,4,5
Tehama,4/21/2020,0,0,0
Sonoma,4/21/2020,2,17,19
Yolo,4/21/2020,5,2,7
Inyo,4/21/2020,1,0,1
Mariposa,4/21/2020,0,1,1
Colusa,4/21/2020,1,0,1
Santa Clara,4/21/2020,144,34,178
Lassen,4/21/2020,0,1,1
Lake,4/21/2020,0,2,2
Humboldt,4/21/2020,0,5,5
El Dorado,4/21/2020,0,3,3
San Luis Obispo,4/21/2020,1,5,6
Orange,4/21/2020,179,129,308
Fresno,4/21/2020,35,35,70
Contra Costa,4/21/2020,33,44,77
Trinity,4/21/2020,0,0,0
Mendocino,4/21/2020,0,1,1
Calaveras,4/21/2020,0,0,0
Marin,4/21/2020,5,4,9
Siskiyou,4/21/2020,0,1,1
Alameda,4/21/2020,85,59,144
Plumas,4/21/2020,0,0,0
Solano,4/21/2020,6,17,23
San Joaquin,4/21/2020,27,24,51
San Diego,4/21/2020,221,84,305
Los Angeles,4/21/2020,1854,617,2471
Kings,4/21/2020,8,0,8
Riverside,4/21/2020,250,120,370
Butte,4/21/2020,0,1,1
San Mateo,4/21/2020,53,14,67
Sacramento,4/21/2020,54,39,93
Monterey,4/21/2020,7,4,11
San Benito,4/22/2020,0,0,0
Trinity,4/22/2020,0,0,0
Mariposa,4/22/2020,0,0,0
Colusa,4/22/2020,1,0,1
Alameda,4/22/2020,84,61,145
Glenn,4/22/2020,0,0,0
Kern,4/22/2020,32,25,57
Imperial,4/22/2020,26,8,34
Solano,4/22/2020,10,18,28
Fresno,4/22/2020,36,43,79
Sutter,4/22/2020,0,0,0
San Luis Obispo,4/22/2020,1,7,8
Santa Clara,4/22/2020,137,39,176
Kings,4/22/2020,9,0,9
Yuba,4/22/2020,0,0,0
Siskiyou,4/22/2020,0,1,1
Merced,4/22/2020,3,3,6
Nevada,4/22/2020,1,0,1
San Joaquin,4/22/2020,29,28,57
Lake,4/22/2020,0,3,3
Amador,4/22/2020,0,1,1
Butte,4/22/2020,0,0,0
Del Norte,4/22/2020,0,2,2
Tulare,4/22/2020,27,0,27
San Mateo,4/22/2020,50,17,67
Tehama,4/22/2020,0,0,0
Orange,4/22/2020,172,111,283
Shasta,4/22/2020,1,0,1
Sonoma,4/22/2020,3,16,19
Modoc,4/22/2020,0,0,0
Mendocino,4/22/2020,0,0,0
El Dorado,4/22/2020,0,5,5
Mono,4/22/2020,0,0,0
Lassen,4/22/2020,0,1,1
Los Angeles,4/22/2020,1858,590,2448
San Bernardino,4/22/2020,149,201,350
Sacramento,4/22/2020,47,23,70
Contra Costa,4/22/2020,32,52,84
Stanislaus,4/22/2020,13,20,33
Riverside,4/22/2020,229,127,356
Marin,4/22/2020,5,10,15
Madera,4/22/2020,0,3,3
Napa,4/22/2020,1,2,3
Placer,4/22/2020,5,20,25
San Diego,4/22/2020,241,77,318
Santa Barbara,4/22/2020,25,9,34
Yolo,4/22/2020,4,0,4
Humboldt,4/22/2020,0,8,8
Ventura,4/22/2020,27,30,57
Tuolumne,4/22/2020,0,1,1
Monterey,4/22/2020,6,3,9
Plumas,4/22/2020,0,0,0
San Francisco,4/22/2020,75,17,92
Santa Cruz,4/22/2020,3,4,7
Inyo,4/22/2020,1,0,1
Calaveras,4/22/2020,0,0,0
Fresno,4/23/2020,39,39,78
Kings,4/23/2020,9,0,9
Amador,4/23/2020,0,1,1
Sacramento,4/23/2020,48,40,88
Siskiyou,4/23/2020,0,1,1
Mono,4/23/2020,0,0,0
San Mateo,4/23/2020,53,19,72
Shasta,4/23/2020,1,0,1
Del Norte,4/23/2020,0,6,6
Lassen,4/23/2020,0,0,0
Monterey,4/23/2020,6,6,12
San Benito,4/23/2020,0,0,0
Humboldt,4/23/2020,0,7,7
Nevada,4/23/2020,1,3,4
Tehama,4/23/2020,0,0,0
San Luis Obispo,4/23/2020,1,4,5
Colusa,4/23/2020,1,0,1
Lake,4/23/2020,0,1,1
Yuba,4/23/2020,0,2,2
Napa,4/23/2020,1,1,2
El Dorado,4/23/2020,0,8,8
Santa Barbara,4/23/2020,24,16,40
Madera,4/23/2020,0,3,3
Plumas,4/23/2020,0,0,0
San Diego,4/23/2020,253,65,318
Kern,4/23/2020,30,11,41
Marin,4/23/2020,3,14,17
Trinity,4/23/2020,0,0,0
Orange,4/23/2020,170,143,313
Butte,4/23/2020,0,0,0
Mendocino,4/23/2020,0,1,1
Sonoma,4/23/2020,3,17,20
Contra Costa,4/23/2020,31,51,82
Calaveras,4/23/2020,0,1,1
San Joaquin,4/23/2020,31,34,65
Glenn,4/23/2020,0,0,0
Mariposa,4/23/2020,0,1,1
Santa Clara,4/23/2020,137,28,165
Tulare,4/23/2020,30,1,31
Santa Cruz,4/23/2020,3,3,6
San Bernardino,4/23/2020,146,94,240
Tuolumne,4/23/2020,0,0,0
Los Angeles,4/23/2020,1863,595,2458
Imperial,4/23/2020,23,4,27
Solano,4/23/2020,11,15,26
Merced,4/23/2020,0,2,2
Inyo,4/23/2020,1,0,1
Sutter,4/23/2020,0,0,0
San Francisco,4/23/2020,75,29,104
Yolo,4/23/2020,4,0,4
Modoc,4/23/2020,0,0,0
Placer,4/23/2020,4,21,25
Riverside,4/23/2020,222,118,340
Alameda,4/23/2020,81,90,171
Stanislaus,4/23/2020,14,17,31
Ventura,4/23/2020,25,24,49
San Luis Obispo,4/24/2020,1,8,9
Humboldt,4/24/2020,1,4,5
Orange,4/24/2020,175,138,313
Del Norte,4/24/2020,0,4,4
Yuba,4/24/2020,0,2,2
Kern,4/24/2020,30,17,47
Santa Clara,4/24/2020,129,34,163
San Mateo,4/24/2020,49,16,65
San Bernardino,4/24/2020,152,101,253
Modoc,4/24/2020,0,0,0
Merced,4/24/2020,0,5,5
Tulare,4/24/2020,33,0,33
Placer,4/24/2020,4,18,22
Santa Cruz,4/24/2020,4,1,5
Alameda,4/24/2020,79,63,142
Colusa,4/24/2020,1,0,1
Sutter,4/24/2020,0,0,0
Siskiyou,4/24/2020,0,0,0
Mendocino,4/24/2020,0,1,1
Los Angeles,4/24/2020,1860,546,2406
Stanislaus,4/24/2020,12,15,27
Napa,4/24/2020,1,0,1
Trinity,4/24/2020,0,0,0
Riverside,4/24/2020,223,120,343
Amador,4/24/2020,0,1,1
El Dorado,4/24/2020,0,7,7
Inyo,4/24/2020,1,3,4
San Benito,4/24/2020,0,0,0
Fresno,4/24/2020,41,37,78
Santa Barbara,4/24/2020,21,11,32
Yolo,4/24/2020,4,0,4
Monterey,4/24/2020,5,8,13
Plumas,4/24/2020,0,0,0
Glenn,4/24/2020,0,0,0
Nevada,4/24/2020,1,4,5
Kings,4/24/2020,9,0,9
Shasta,4/24/2020,1,0,1
Mono,4/24/2020,0,0,0
Imperial,4/24/2020,24,10,34
Lake,4/24/2020,0,1,1
Tuolumne,4/24/2020,0,0,0
Lassen,4/24/2020,0,0,0
Calaveras,4/24/2020,0,2,2
San Diego,4/24/2020,257,78,335
Tehama,4/24/2020,0,1,1
Mariposa,4/24/2020,0,0,0
Sonoma,4/24/2020,3,20,23
Sacramento,4/24/2020,53,37,90
Contra Costa,4/24/2020,29,54,83
San Joaquin,4/24/2020,29,20,49
Butte,4/24/2020,0,4,4
Madera,4/24/2020,0,4,4
Solano,4/24/2020,10,16,26
San Francisco,4/24/2020,75,19,94
Marin,4/24/2020,2,11,13
Ventura,4/24/2020,24,63,87
Merced,4/25/2020,0,3,3
Placer,4/25/2020,4,30,34
Riverside,4/25/2020,218,138,356
Shasta,4/25/2020,1,0,1
Mariposa,4/25/2020,0,0,0
Trinity,4/25/2020,0,0,0
Santa Clara,4/25/2020,125,47,172
Siskiyou,4/25/2020,0,1,1
Glenn,4/25/2020,0,0,0
Tulare,4/25/2020,26,0,26
San Mateo,4/25/2020,47,27,74
Ventura,4/25/2020,27,71,98
Kings,4/25/2020,6,0,6
Sonoma,4/25/2020,3,9,12
Santa Cruz,4/25/2020,4,4,8
Mendocino,4/25/2020,0,0,0
San Diego,4/25/2020,268,96,364
El Dorado,4/25/2020,1,7,8
Madera,4/25/2020,0,2,2
San Luis Obispo,4/25/2020,1,4,5
Monterey,4/25/2020,5,9,14
Nevada,4/25/2020,1,3,4
Orange,4/25/2020,177,133,310
Santa Barbara,4/25/2020,23,12,35
Sutter,4/25/2020,0,0,0
San Benito,4/25/2020,0,0,0
Marin,4/25/2020,2,13,15
Colusa,4/25/2020,1,1,2
Contra Costa,4/25/2020,25,53,78
Mono,4/25/2020,0,0,0
Humboldt,4/25/2020,0,3,3
Kern,4/25/2020,29,18,47
Solano,4/25/2020,10,16,26
Fresno,4/25/2020,41,45,86
Napa,4/25/2020,1,1,2
Inyo,4/25/2020,0,3,3
Tehama,4/25/2020,0,1,1
Sacramento,4/25/2020,53,46,99
Yolo,4/25/2020,5,0,5
Lassen,4/25/2020,0,0,0
Amador,4/25/2020,0,1,1
San Francisco,4/25/2020,73,18,91
San Bernardino,4/25/2020,147,101,248
Tuolumne,4/25/2020,0,0,0
Plumas,4/25/2020,0,0,0
Del Norte,4/25/2020,0,4,4
Alameda,4/25/2020,83,53,136
Butte,4/25/2020,0,3,3
Calaveras,4/25/2020,0,1,1
San Joaquin,4/25/2020,27,20,47
Stanislaus,4/25/2020,21,23,44
Lake,4/25/2020,0,2,2
Yuba,4/25/2020,0,2,2
Imperial,4/25/2020,24,8,32
Modoc,4/25/2020,0,0,0
Los Angeles,4/25/2020,1845,572,2417
Orange,4/26/2020,180,109,289
Amador,4/26/2020,0,0,0
Santa Barbara,4/26/2020,24,13,37
Yuba,4/26/2020,0,2,2
Lake,4/26/2020,0,1,1
Contra Costa,4/26/2020,27,42,69
Sonoma,4/26/2020,1,9,10
Santa Cruz,4/26/2020,4,1,5
Mono,4/26/2020,0,0,0
Sutter,4/26/2020,0,0,0
Monterey,4/26/2020,5,5,10
San Francisco,4/26/2020,79,21,100
Nevada,4/26/2020,1,2,3
Butte,4/26/2020,0,0,0
San Benito,4/26/2020,0,0,0
Lassen,4/26/2020,0,0,0
Fresno,4/26/2020,37,44,81
San Mateo,4/26/2020,53,10,63
San Luis Obispo,4/26/2020,1,3,4
Merced,4/26/2020,0,4,4
Humboldt,4/26/2020,0,0,0
San Bernardino,4/26/2020,146,83,229
Del Norte,4/26/2020,0,2,2
Modoc,4/26/2020,0,0,0
Yolo,4/26/2020,1,1,2
Shasta,4/26/2020,1,0,1
San Joaquin,4/26/2020,24,19,43
Solano,4/26/2020,8,14,22
Siskiyou,4/26/2020,0,0,0
Glenn,4/26/2020,0,0,0
Kern,4/26/2020,29,15,44
Stanislaus,4/26/2020,28,19,47
Tulare,4/26/2020,26,0,26
Mendocino,4/26/2020,0,0,0
Alameda,4/26/2020,84,43,127
Mariposa,4/26/2020,0,0,0
Sacramento,4/26/2020,48,40,88
Marin,4/26/2020,3,7,10
Plumas,4/26/2020,0,0,0
San Diego,4/26/2020,273,90,363
El Dorado,4/26/2020,1,8,9
Calaveras,4/26/2020,0,0,0
Los Angeles,4/26/2020,1887,575,2462
Colusa,4/26/2020,1,1,2
Placer,4/26/2020,4,21,25
Napa,4/26/2020,1,0,1
Inyo,4/26/2020,0,0,0
Madera,4/26/2020,0,1,1
Tehama,4/26/2020,0,0,0
Trinity,4/26/2020,0,0,0
Ventura,4/26/2020,27,73,100
Tuolumne,4/26/2020,0,0,0
Kings,4/26/2020,9,0,9
Santa Clara,4/26/2020,118,64,182
Imperial,4/26/2020,26,12,38
Riverside,4/26/2020,215,152,367
Mono,4/27/2020,0,0,0
Kings,4/27/2020,9,2,11
Yuba,4/27/2020,0,3,3
Imperial,4/27/2020,27,7,34
San Joaquin,4/27/2020,24,23,47
Lake,4/27/2020,0,1,1
Inyo,4/27/2020,0,0,0
Riverside,4/27/2020,220,118,338
San Luis Obispo,4/27/2020,3,6,9
Calaveras,4/27/2020,0,1,1
San Diego,4/27/2020,277,59,336
El Dorado,4/27/2020,1,7,8
Fresno,4/27/2020,39,52,91
Solano,4/27/2020,8,16,24
San Mateo,4/27/2020,52,28,80
Glenn,4/27/2020,0,0,0
Nevada,4/27/2020,1,1,2
Lassen,4/27/2020,0,0,0
Modoc,4/27/2020,0,0,0
Stanislaus,4/27/2020,30,36,66
Ventura,4/27/2020,28,75,103
Napa,4/27/2020,1,0,1
Marin,4/27/2020,2,6,8
San Bernardino,4/27/2020,154,83,237
Colusa,4/27/2020,1,1,2
Kern,4/27/2020,31,19,50
Orange,4/27/2020,189,113,302
Plumas,4/27/2020,0,0,0
Amador,4/27/2020,0,0,0
Santa Barbara,4/27/2020,26,13,39
Alameda,4/27/2020,81,47,128
San Francisco,4/27/2020,82,19,101
Del Norte,4/27/2020,0,5,5
Humboldt,4/27/2020,0,3,3
Mendocino,4/27/2020,0,1,1
Sonoma,4/27/2020,2,11,13
Santa Cruz,4/27/2020,2,1,3
Mariposa,4/27/2020,0,1,1
Santa Clara,4/27/2020,115,49,164
Butte,4/27/2020,0,0,0
Sutter,4/27/2020,0,0,0
Madera,4/27/2020,0,0,0
Yolo,4/27/2020,0,1,1
San Benito,4/27/2020,0,0,0
Monterey,4/27/2020,4,2,6
Tehama,4/27/2020,0,0,0
Sacramento,4/27/2020,46,42,88
Los Angeles,4/27/2020,1940,609,2549
Merced,4/27/2020,1,3,4
Contra Costa,4/27/2020,24,44,68
Siskiyou,4/27/2020,0,1,1
Tulare,4/27/2020,29,0,29
Tuolumne,4/27/2020,0,1,1
Placer,4/27/2020,5,17,22
Trinity,4/27/2020,0,0,0
Shasta,4/27/2020,1,1,2
Fresno,4/28/2020,39,44,83
Stanislaus,4/28/2020,31,30,61
Sutter,4/28/2020,0,0,0
Humboldt,4/28/2020,0,6,6
Sonoma,4/28/2020,3,11,14
Lassen,4/28/2020,0,0,0
Solano,4/28/2020,12,16,28
Mariposa,4/28/2020,0,1,1
Siskiyou,4/28/2020,0,2,2
Placer,4/28/2020,5,21,26
Santa Clara,4/28/2020,116,34,150
Trinity,4/28/2020,0,0,0
Tuolumne,4/28/2020,0,0,0
Santa Barbara,4/28/2020,27,16,43
Yolo,4/28/2020,0,0,0
Del Norte,4/28/2020,0,5,5
Marin,4/28/2020,1,7,8
Shasta,4/28/2020,2,1,3
Riverside,4/28/2020,215,112,327
Imperial,4/28/2020,29,4,33
Santa Cruz,4/28/2020,2,0,2
San Joaquin,4/28/2020,24,16,40
Ventura,4/28/2020,31,71,102
San Benito,4/28/2020,0,0,0
Napa,4/28/2020,1,0,1
Orange,4/28/2020,203,84,287
Mendocino,4/28/2020,0,0,0
San Bernardino,4/28/2020,156,123,279
Colusa,4/28/2020,1,0,1
Alameda,4/28/2020,76,64,140
Los Angeles,4/28/2020,1962,581,2543
Monterey,4/28/2020,2,7,9
Glenn,4/28/2020,0,0,0
San Francisco,4/28/2020,81,23,104
Sacramento,4/28/2020,43,33,76
Mono,4/28/2020,0,0,0
Tulare,4/28/2020,32,2,34
San Luis Obispo,4/28/2020,3,3,6
El Dorado,4/28/2020,1,7,8
Calaveras,4/28/2020,0,1,1
Nevada,4/28/2020,1,2,3
Contra Costa,4/28/2020,27,43,70
Plumas,4/28/2020,0,0,0
Butte,4/28/2020,0,1,1
Lake,4/28/2020,0,2,2
San Diego,4/28/2020,276,105,381
Yuba,4/28/2020,0,2,2
Tehama,4/28/2020,0,0,0
Madera,4/28/2020,0,1,1
Merced,4/28/2020,2,6,8
Kern,4/28/2020,32,13,45
Amador,4/28/2020,0,0,0
Kings,4/28/2020,9,2,11
Inyo,4/28/2020,0,0,0
Modoc,4/28/2020,0,1,1
San Mateo,4/28/2020,50,13,63
San Benito,4/29/2020,0,0,0
Tehama,4/29/2020,0,0,0
Tulare,4/29/2020,30,0,30
Lassen,4/29/2020,0,0,0
Merced,4/29/2020,2,7,9
San Luis Obispo,4/29/2020,3,2,5
Del Norte,4/29/2020,0,3,3
San Bernardino,4/29/2020,156,124,280
Solano,4/29/2020,10,18,28
El Dorado,4/29/2020,0,4,4
Madera,4/29/2020,0,1,1
Marin,4/29/2020,0,6,6
Humboldt,4/29/2020,1,5,6
Stanislaus,4/29/2020,35,26,61
Sacramento,4/29/2020,42,36,78
Trinity,4/29/2020,0,0,0
Inyo,4/29/2020,0,0,0
Kings,4/29/2020,9,2,11
Imperial,4/29/2020,29,5,34
Ventura,4/29/2020,31,26,57
Mono,4/29/2020,0,0,0
Los Angeles,4/29/2020,1959,591,2550
Riverside,4/29/2020,212,124,336
Orange,4/29/2020,211,91,302
San Joaquin,4/29/2020,21,20,41
Yolo,4/29/2020,0,0,0
Lake,4/29/2020,0,2,2
Modoc,4/29/2020,0,0,0
Santa Barbara,4/29/2020,28,14,42
Nevada,4/29/2020,1,2,3
Yuba,4/29/2020,0,0,0
Monterey,4/29/2020,4,3,7
Alameda,4/29/2020,76,63,139
Mariposa,4/29/2020,0,1,1
Shasta,4/29/2020,2,0,2
Calaveras,4/29/2020,0,0,0
Tuolumne,4/29/2020,0,0,0
Sonoma,4/29/2020,5,14,19
Placer,4/29/2020,5,28,33
Amador,4/29/2020,0,0,0
Santa Clara,4/29/2020,110,34,144
Fresno,4/29/2020,38,48,86
Mendocino,4/29/2020,0,0,0
Plumas,4/29/2020,0,0,0
Sutter,4/29/2020,0,0,0
Glenn,4/29/2020,0,0,0
Contra Costa,4/29/2020,24,50,74
Napa,4/29/2020,1,0,1
Santa Cruz,4/29/2020,2,0,2
San Francisco,4/29/2020,80,24,104
San Diego,4/29/2020,282,73,355
Kern,4/29/2020,36,13,49
San Mateo,4/29/2020,51,19,70
Butte,4/29/2020,0,2,2
Siskiyou,4/29/2020,0,3,3
Colusa,4/29/2020,1,0,1
Monterey,4/30/2020,6,6,12
Plumas,4/30/2020,0,0,0
Contra Costa,4/30/2020,24,43,67
Del Norte,4/30/2020,0,4,4
Lake,4/30/2020,0,2,2
Los Angeles,4/30/2020,1894,470,2364
Alameda,4/30/2020,74,52,126
Napa,4/30/2020,1,0,1
Calaveras,4/30/2020,0,0,0
Yolo,4/30/2020,0,0,0
Tuolumne,4/30/2020,0,0,0
Lassen,4/30/2020,0,0,0
Glenn,4/30/2020,0,0,0
Shasta,4/30/2020,2,0,2
Yuba,4/30/2020,0,0,0
Nevada,4/30/2020,0,1,1
Imperial,4/30/2020,29,3,32
El Dorado,4/30/2020,0,6,6
Sutter,4/30/2020,0,0,0
Placer,4/30/2020,4,28,32
Amador,4/30/2020,0,0,0
Merced,4/30/2020,3,2,5
Siskiyou,4/30/2020,0,2,2
Colusa,4/30/2020,1,0,1
San Luis Obispo,4/30/2020,3,3,6
Modoc,4/30/2020,0,0,0
Butte,4/30/2020,0,0,0
San Francisco,4/30/2020,85,11,96
Santa Clara,4/30/2020,104,37,141
Humboldt,4/30/2020,0,7,7
Tulare,4/30/2020,28,2,30
Sonoma,4/30/2020,5,7,12
Santa Cruz,4/30/2020,3,0,3
Tehama,4/30/2020,0,0,0
San Joaquin,4/30/2020,17,24,41
San Benito,4/30/2020,1,0,1
Stanislaus,4/30/2020,35,27,62
Orange,4/30/2020,214,68,282
San Bernardino,4/30/2020,158,100,258
Inyo,4/30/2020,0,0,0
Mendocino,4/30/2020,0,0,0
Kings,4/30/2020,10,0,10
Sacramento,4/30/2020,37,35,72
Fresno,4/30/2020,41,37,78
Ventura,4/30/2020,33,18,51
Riverside,4/30/2020,214,138,352
Trinity,4/30/2020,0,0,0
Santa Barbara,4/30/2020,26,9,35
Madera,4/30/2020,0,3,3
Solano,4/30/2020,11,12,23
Mono,4/30/2020,0,0,0
Kern,4/30/2020,29,25,54
Marin,4/30/2020,0,3,3
San Diego,4/30/2020,283,81,364
Mariposa,4/30/2020,0,2,2
San Mateo,4/30/2020,53,10,63
Humboldt,5/1/2020,0,5,5
Los Angeles,5/1/2020,1884,511,2395
Sonoma,5/1/2020,4,15,19
Modoc,5/1/2020,0,0,0
Calaveras,5/1/2020,0,1,1
Yuba,5/1/2020,0,0,0
Tuolumne,5/1/2020,0,0,0
Lassen,5/1/2020,0,0,0
Stanislaus,5/1/2020,35,19,54
Tehama,5/1/2020,0,0,0
Butte,5/1/2020,0,1,1
Trinity,5/1/2020,0,0,0
Contra Costa,5/1/2020,21,37,58
Placer,5/1/2020,5,15,20
Shasta,5/1/2020,1,0,1
Colusa,5/1/2020,1,0,1
Imperial,5/1/2020,36,3,39
San Diego,5/1/2020,290,60,350
Mendocino,5/1/2020,0,0,0
Mariposa,5/1/2020,0,2,2
San Benito,5/1/2020,1,0,1
Yolo,5/1/2020,0,0,0
Amador,5/1/2020,0,0,0
Marin,5/1/2020,0,5,5
Alameda,5/1/2020,75,60,135
Sacramento,5/1/2020,35,29,64
Nevada,5/1/2020,0,1,1
Tulare,5/1/2020,28,2,30
Lake,5/1/2020,0,2,2
Del Norte,5/1/2020,0,0,0
Kern,5/1/2020,35,13,48
Siskiyou,5/1/2020,0,2,2
Riverside,5/1/2020,210,152,362
San Bernardino,5/1/2020,157,106,263
Glenn,5/1/2020,0,0,0
San Luis Obispo,5/1/2020,3,4,7
Kings,5/1/2020,11,0,11
Plumas,5/1/2020,0,0,0
Merced,5/1/2020,4,1,5
Orange,5/1/2020,218,101,319
Santa Cruz,5/1/2020,3,1,4
Santa Clara,5/1/2020,97,43,140
San Mateo,5/1/2020,48,12,60
Napa,5/1/2020,0,2,2
Santa Barbara,5/1/2020,28,10,38
Ventura,5/1/2020,29,12,41
Mono,5/1/2020,0,0,0
Madera,5/1/2020,0,0,0
Sutter,5/1/2020,0,0,0
Inyo,5/1/2020,0,0,0
Solano,5/1/2020,10,11,21
San Joaquin,5/1/2020,17,16,33
Monterey,5/1/2020,7,1,8
San Francisco,5/1/2020,86,14,100
Fresno,5/1/2020,44,28,72
El Dorado,5/1/2020,0,2,2
San Francisco,5/2/2020,81,27,108
Mendocino,5/2/2020,0,0,0
Santa Cruz,5/2/2020,3,0,3
El Dorado,5/2/2020,0,2,2
Kern,5/2/2020,36,7,43
San Mateo,5/2/2020,48,13,61
Colusa,5/2/2020,1,0,1
Fresno,5/2/2020,45,36,81
Napa,5/2/2020,0,1,1
Glenn,5/2/2020,0,0,0
Mono,5/2/2020,0,0,0
Solano,5/2/2020,14,15,29
Humboldt,5/2/2020,0,5,5
Placer,5/2/2020,5,23,28
Sacramento,5/2/2020,23,35,58
San Diego,5/2/2020,289,68,357
Shasta,5/2/2020,0,0,0
Amador,5/2/2020,0,0,0
Tulare,5/2/2020,28,2,30
Yuba,5/2/2020,0,0,0
Lassen,5/2/2020,0,0,0
Trinity,5/2/2020,0,0,0
Sonoma,5/2/2020,3,14,17
San Benito,5/2/2020,1,0,1
Monterey,5/2/2020,8,3,11
Siskiyou,5/2/2020,0,0,0
San Luis Obispo,5/2/2020,3,10,13
Modoc,5/2/2020,0,0,0
Alameda,5/2/2020,73,59,132
Tuolumne,5/2/2020,0,0,0
Calaveras,5/2/2020,0,1,1
Merced,5/2/2020,4,4,8
Los Angeles,5/2/2020,1819,561,2380
Santa Barbara,5/2/2020,25,11,36
Mariposa,5/2/2020,0,0,0
Butte,5/2/2020,0,0,0
Ventura,5/2/2020,26,26,52
Stanislaus,5/2/2020,36,30,66
Marin,5/2/2020,0,11,11
San Bernardino,5/2/2020,144,116,260
Riverside,5/2/2020,211,126,337
Contra Costa,5/2/2020,20,45,65
Plumas,5/2/2020,0,0,0
Inyo,5/2/2020,0,0,0
Del Norte,5/2/2020,0,0,0
Madera,5/2/2020,0,0,0
Sutter,5/2/2020,0,0,0
Yolo,5/2/2020,0,0,0
Orange,5/2/2020,215,107,322
San Joaquin,5/2/2020,17,16,33
Santa Clara,5/2/2020,95,36,131
Imperial,5/2/2020,36,3,39
Nevada,5/2/2020,0,2,2
Kings,5/2/2020,9,1,10
Lake,5/2/2020,0,0,0
Tehama,5/2/2020,0,0,0
Napa,5/3/2020,0,0,0
Kings,5/3/2020,9,1,10
Alameda,5/3/2020,73,62,135
Shasta,5/3/2020,0,0,0
Siskiyou,5/3/2020,0,0,0
Placer,5/3/2020,7,12,19
Merced,5/3/2020,6,3,9
San Bernardino,5/3/2020,154,100,254
San Luis Obispo,5/3/2020,4,5,9
Santa Barbara,5/3/2020,28,6,34
Nevada,5/3/2020,0,1,1
Inyo,5/3/2020,0,1,1
Mono,5/3/2020,0,0,0
San Diego,5/3/2020,276,76,352
Santa Cruz,5/3/2020,3,0,3
Marin,5/3/2020,0,6,6
Madera,5/3/2020,0,0,0
Tehama,5/3/2020,0,0,0
San Joaquin,5/3/2020,17,18,35
Mariposa,5/3/2020,0,0,0
San Mateo,5/3/2020,47,14,61
Plumas,5/3/2020,0,2,2
Stanislaus,5/3/2020,33,15,48
Trinity,5/3/2020,0,0,0
El Dorado,5/3/2020,0,2,2
Humboldt,5/3/2020,1,2,3
Sacramento,5/3/2020,26,31,57
Mendocino,5/3/2020,0,0,0
Riverside,5/3/2020,217,132,349
Orange,5/3/2020,218,90,308
Contra Costa,5/3/2020,20,44,64
Sonoma,5/3/2020,2,14,16
Santa Clara,5/3/2020,93,39,132
Los Angeles,5/3/2020,1779,520,2299
Yuba,5/3/2020,0,1,1
Del Norte,5/3/2020,0,0,0
Fresno,5/3/2020,45,43,88
Monterey,5/3/2020,7,1,8
San Francisco,5/3/2020,83,18,101
Glenn,5/3/2020,0,0,0
Calaveras,5/3/2020,0,1,1
Kern,5/3/2020,30,12,42
Imperial,5/3/2020,39,5,44
Lassen,5/3/2020,0,0,0
San Benito,5/3/2020,0,0,0
Butte,5/3/2020,0,2,2
Amador,5/3/2020,0,0,0
Ventura,5/3/2020,29,34,63
Solano,5/3/2020,14,11,25
Colusa,5/3/2020,1,0,1
Lake,5/3/2020,0,3,3
Yolo,5/3/2020,0,0,0
Tuolumne,5/3/2020,0,0,0
Tulare,5/3/2020,23,5,28
Modoc,5/3/2020,0,0,0
Sutter,5/3/2020,0,0,0
San Bernardino,5/4/2020,156,103,259
Yolo,5/4/2020,0,0,0
Colusa,5/4/2020,0,0,0
Mariposa,5/4/2020,0,0,0
Tehama,5/4/2020,0,0,0
Sonoma,5/4/2020,3,13,16
Calaveras,5/4/2020,0,1,1
Humboldt,5/4/2020,1,2,3
Napa,5/4/2020,0,0,0
Riverside,5/4/2020,216,107,323
Shasta,5/4/2020,0,0,0
Kings,5/4/2020,9,1,10
Amador,5/4/2020,0,0,0
Madera,5/4/2020,1,0,1
Trinity,5/4/2020,0,0,0
Lassen,5/4/2020,0,0,0
Butte,5/4/2020,0,1,1
Marin,5/4/2020,1,7,8
San Francisco,5/4/2020,84,10,94
Sutter,5/4/2020,0,0,0
Solano,5/4/2020,15,22,37
San Diego,5/4/2020,300,54,354
Stanislaus,5/4/2020,34,11,45
Merced,5/4/2020,6,6,12
Ventura,5/4/2020,26,17,43
San Mateo,5/4/2020,45,14,59
Plumas,5/4/2020,0,2,2
Imperial,5/4/2020,47,9,56
Lake,5/4/2020,0,4,4
Glenn,5/4/2020,0,0,0
San Luis Obispo,5/4/2020,3,8,11
Modoc,5/4/2020,0,0,0
Santa Clara,5/4/2020,90,33,123
Tulare,5/4/2020,21,1,22
Monterey,5/4/2020,5,0,5
Yuba,5/4/2020,0,1,1
Sacramento,5/4/2020,27,23,50
Inyo,5/4/2020,0,1,1
Placer,5/4/2020,11,6,17
Fresno,5/4/2020,47,39,86
Los Angeles,5/4/2020,1828,543,2371
Santa Cruz,5/4/2020,3,0,3
Kern,5/4/2020,36,12,48
Contra Costa,5/4/2020,19,32,51
San Benito,5/4/2020,0,0,0
Del Norte,5/4/2020,0,0,0
Mono,5/4/2020,0,0,0
Alameda,5/4/2020,73,62,135
Mendocino,5/4/2020,0,0,0
El Dorado,5/4/2020,0,3,3
Santa Barbara,5/4/2020,29,10,39
Nevada,5/4/2020,0,1,1
Siskiyou,5/4/2020,0,0,0
San Joaquin,5/4/2020,19,14,33
Tuolumne,5/4/2020,0,0,0
Orange,5/4/2020,214,80,294
Tuolumne,5/5/2020,0,0,0
Yolo,5/5/2020,0,0,0
Monterey,5/5/2020,4,1,5
Marin,5/5/2020,1,13,14
Tulare,5/5/2020,23,1,24
Lake,5/5/2020,0,2,2
San Luis Obispo,5/5/2020,3,2,5
Napa,5/5/2020,0,2,2
Siskiyou,5/5/2020,0,0,0
Stanislaus,5/5/2020,29,11,40
Riverside,5/5/2020,208,125,333
Santa Clara,5/5/2020,79,34,113
Madera,5/5/2020,0,0,0
Inyo,5/5/2020,0,0,0
Yuba,5/5/2020,0,1,1
Trinity,5/5/2020,0,0,0
Santa Barbara,5/5/2020,31,4,35
Solano,5/5/2020,13,16,29
Amador,5/5/2020,0,0,0
El Dorado,5/5/2020,0,4,4
Sacramento,5/5/2020,25,25,50
Calaveras,5/5/2020,0,0,0
Plumas,5/5/2020,0,2,2
San Francisco,5/5/2020,79,24,103
Mendocino,5/5/2020,0,0,0
San Joaquin,5/5/2020,18,29,47
Butte,5/5/2020,0,0,0
Contra Costa,5/5/2020,21,48,69
Lassen,5/5/2020,0,0,0
Tehama,5/5/2020,0,0,0
Modoc,5/5/2020,0,0,0
San Mateo,5/5/2020,44,14,58
Placer,5/5/2020,11,13,24
Imperial,5/5/2020,57,1,58
Santa Cruz,5/5/2020,2,1,3
San Diego,5/5/2020,294,69,363
Alameda,5/5/2020,76,71,147
San Benito,5/5/2020,0,0,0
Humboldt,5/5/2020,0,13,13
Mariposa,5/5/2020,0,1,1
Del Norte,5/5/2020,0,0,0
Sutter,5/5/2020,0,0,0
Los Angeles,5/5/2020,1826,544,2370
Nevada,5/5/2020,0,0,0
Orange,5/5/2020,210,69,279
Kern,5/5/2020,32,10,42
Glenn,5/5/2020,0,0,0
Merced,5/5/2020,5,5,10
Shasta,5/5/2020,0,0,0
Fresno,5/5/2020,49,50,99
Kings,5/5/2020,12,0,12
Sonoma,5/5/2020,3,13,16
Ventura,5/5/2020,24,24,48
Colusa,5/5/2020,0,0,0
San Bernardino,5/5/2020,155,105,260
Mono,5/5/2020,0,0,0
Yolo,5/6/2020,0,1,1
San Benito,5/6/2020,0,0,0
Shasta,5/6/2020,0,0,0
Monterey,5/6/2020,4,2,6
Siskiyou,5/6/2020,0,0,0
Napa,5/6/2020,1,1,2
San Luis Obispo,5/6/2020,2,2,4
Trinity,5/6/2020,0,0,0
Modoc,5/6/2020,0,0,0
San Diego,5/6/2020,308,71,379
Tuolumne,5/6/2020,0,0,0
Amador,5/6/2020,0,0,0
Kern,5/6/2020,34,7,41
Orange,5/6/2020,216,63,279
El Dorado,5/6/2020,0,4,4
Santa Clara,5/6/2020,73,38,111
Glenn,5/6/2020,0,0,0
San Mateo,5/6/2020,43,18,61
San Francisco,5/6/2020,76,12,88
Mendocino,5/6/2020,0,0,0
Madera,5/6/2020,0,0,0
Lake,5/6/2020,0,3,3
Lassen,5/6/2020,0,1,1
Tehama,5/6/2020,0,0,0
Sonoma,5/6/2020,4,13,17
Colusa,5/6/2020,0,0,0
Nevada,5/6/2020,0,0,0
Contra Costa,5/6/2020,16,51,67
Plumas,5/6/2020,0,2,2
Placer,5/6/2020,9,21,30
San Bernardino,5/6/2020,167,69,236
Butte,5/6/2020,0,0,0
Marin,5/6/2020,3,14,17
Yuba,5/6/2020,0,0,0
Sacramento,5/6/2020,27,40,67
Imperial,5/6/2020,62,1,63
Mono,5/6/2020,1,0,1
Los Angeles,5/6/2020,1790,502,2292
Stanislaus,5/6/2020,27,11,38
Calaveras,5/6/2020,0,0,0
Inyo,5/6/2020,0,0,0
Santa Barbara,5/6/2020,30,6,36
Merced,5/6/2020,6,3,9
Del Norte,5/6/2020,0,0,0
Sutter,5/6/2020,0,0,0
Solano,5/6/2020,12,18,30
Alameda,5/6/2020,78,58,136
Kings,5/6/2020,13,0,13
Mariposa,5/6/2020,0,1,1
Ventura,5/6/2020,28,23,51
Tulare,5/6/2020,25,3,28
San Joaquin,5/6/2020,17,29,46
Santa Cruz,5/6/2020,2,1,3
Humboldt,5/6/2020,1,6,7
Riverside,5/6/2020,197,99,296
Fresno,5/6/2020,47,47,94
Sacramento,5/7/2020,19,32,51
Tehama,5/7/2020,0,0,0
Marin,5/7/2020,3,10,13
Amador,5/7/2020,0,0,0
Tulare,5/7/2020,11,0,11
Del Norte,5/7/2020,0,1,1
Madera,5/7/2020,1,0,1
Mariposa,5/7/2020,0,1,1
San Luis Obispo,5/7/2020,2,4,6
Inyo,5/7/2020,0,0,0
Imperial,5/7/2020,58,1,59
El Dorado,5/7/2020,0,2,2
Trinity,5/7/2020,0,0,0
Los Angeles,5/7/2020,1771,552,2323
Colusa,5/7/2020,1,0,1
San Joaquin,5/7/2020,13,25,38
Orange,5/7/2020,222,77,299
Butte,5/7/2020,1,1,2
Santa Cruz,5/7/2020,3,1,4
Alameda,5/7/2020,75,61,136
Napa,5/7/2020,1,1,2
Contra Costa,5/7/2020,20,45,65
Placer,5/7/2020,8,23,31
Merced,5/7/2020,5,3,8
Glenn,5/7/2020,0,0,0
Ventura,5/7/2020,33,25,58
Lake,5/7/2020,0,0,0
Yuba,5/7/2020,0,0,0
Mono,5/7/2020,0,0,0
San Francisco,5/7/2020,72,21,93
Solano,5/7/2020,10,15,25
Stanislaus,5/7/2020,25,14,39
Kern,5/7/2020,33,3,36
San Diego,5/7/2020,312,75,387
Fresno,5/7/2020,49,39,88
Mendocino,5/7/2020,0,0,0
Santa Barbara,5/7/2020,27,12,39
Nevada,5/7/2020,0,0,0
Calaveras,5/7/2020,0,0,0
San Mateo,5/7/2020,37,14,51
Tuolumne,5/7/2020,0,0,0
Monterey,5/7/2020,4,1,5
Riverside,5/7/2020,194,76,270
San Benito,5/7/2020,0,0,0
San Bernardino,5/7/2020,153,73,226
Humboldt,5/7/2020,1,5,6
Lassen,5/7/2020,0,0,0
Sutter,5/7/2020,0,0,0
Kings,5/7/2020,14,0,14
Yolo,5/7/2020,0,0,0
Modoc,5/7/2020,0,0,0
Siskiyou,5/7/2020,0,3,3
Shasta,5/7/2020,0,0,0
Santa Clara,5/7/2020,70,37,107
Plumas,5/7/2020,0,0,0
Sonoma,5/7/2020,2,11,13
Marin,5/8/2020,3,4,7
Solano,5/8/2020,10,23,33
Alameda,5/8/2020,80,56,136
Sacramento,5/8/2020,17,34,51
San Mateo,5/8/2020,33,23,56
San Joaquin,5/8/2020,15,32,47
Shasta,5/8/2020,0,0,0
Riverside,5/8/2020,189,88,277
Kings,5/8/2020,14,1,15
San Benito,5/8/2020,0,0,0
Inyo,5/8/2020,1,0,1
Madera,5/8/2020,1,0,1
San Francisco,5/8/2020,71,32,103
Glenn,5/8/2020,0,0,0
Ventura,5/8/2020,33,21,54
Santa Barbara,5/8/2020,32,4,36
Imperial,5/8/2020,66,4,70
Trinity,5/8/2020,0,0,0
Plumas,5/8/2020,0,0,0
Yuba,5/8/2020,0,0,0
Mono,5/8/2020,0,0,0
Contra Costa,5/8/2020,21,61,82
San Diego,5/8/2020,334,73,407
Santa Cruz,5/8/2020,4,0,4
Amador,5/8/2020,0,0,0
Tehama,5/8/2020,0,0,0
Kern,5/8/2020,32,7,39
Napa,5/8/2020,1,0,1
Stanislaus,5/8/2020,21,15,36
Los Angeles,5/8/2020,1766,510,2276
Mendocino,5/8/2020,0,0,0
El Dorado,5/8/2020,0,4,4
Mariposa,5/8/2020,0,1,1
San Luis Obispo,5/8/2020,1,3,4
Butte,5/8/2020,1,1,2
Tulare,5/8/2020,26,0,26
Modoc,5/8/2020,0,0,0
Siskiyou,5/8/2020,0,3,3
Sutter,5/8/2020,0,0,0
Lake,5/8/2020,0,1,1
Del Norte,5/8/2020,0,1,1
Calaveras,5/8/2020,0,0,0
Nevada,5/8/2020,0,0,0
Lassen,5/8/2020,0,1,1
Humboldt,5/8/2020,1,5,6
Monterey,5/8/2020,7,2,9
Tuolumne,5/8/2020,0,0,0
Yolo,5/8/2020,0,0,0
Merced,5/8/2020,7,1,8
Colusa,5/8/2020,1,1,2
San Bernardino,5/8/2020,142,78,220
Sonoma,5/8/2020,2,15,17
Santa Clara,5/8/2020,69,26,95
Fresno,5/8/2020,50,31,81
Orange,5/8/2020,222,77,299
Placer,5/8/2020,9,17,26
San Luis Obispo,5/9/2020,3,3,6
Calaveras,5/9/2020,0,2,2
Santa Cruz,5/9/2020,3,0,3
Imperial,5/9/2020,66,4,70
Stanislaus,5/9/2020,18,11,29
Del Norte,5/9/2020,0,0,0
Marin,5/9/2020,4,9,13
Madera,5/9/2020,1,0,1
Riverside,5/9/2020,190,120,310
Glenn,5/9/2020,0,0,0
San Mateo,5/9/2020,32,26,58
Tuolumne,5/9/2020,0,0,0
Nevada,5/9/2020,0,0,0
Plumas,5/9/2020,0,1,1
El Dorado,5/9/2020,0,4,4
San Francisco,5/9/2020,68,29,97
Mendocino,5/9/2020,0,0,0
Kern,5/9/2020,36,15,51
Monterey,5/9/2020,9,1,10
San Benito,5/9/2020,0,0,0
Lassen,5/9/2020,0,1,1
Los Angeles,5/9/2020,1690,531,2221
Sutter,5/9/2020,0,0,0
Placer,5/9/2020,8,29,37
Alameda,5/9/2020,81,58,139
Ventura,5/9/2020,33,24,57
Yolo,5/9/2020,0,0,0
Yuba,5/9/2020,0,0,0
Humboldt,5/9/2020,1,5,6
Shasta,5/9/2020,0,0,0
Butte,5/9/2020,1,2,3
Solano,5/9/2020,11,24,35
Mariposa,5/9/2020,0,1,1
Santa Clara,5/9/2020,66,36,102
Trinity,5/9/2020,0,0,0
Tulare,5/9/2020,28,2,30
Fresno,5/9/2020,55,43,98
San Bernardino,5/9/2020,145,86,231
Contra Costa,5/9/2020,20,48,68
Colusa,5/9/2020,0,0,0
Inyo,5/9/2020,0,0,0
Siskiyou,5/9/2020,0,0,0
Sacramento,5/9/2020,18,35,53
San Joaquin,5/9/2020,16,28,44
Amador,5/9/2020,0,0,0
Santa Barbara,5/9/2020,28,4,32
Tehama,5/9/2020,0,0,0
Modoc,5/9/2020,0,0,0
Kings,5/9/2020,12,6,18
Sonoma,5/9/2020,3,12,15
Napa,5/9/2020,1,1,2
Merced,5/9/2020,5,6,11
San Diego,5/9/2020,338,58,396
Mono,5/9/2020,0,0,0
Lake,5/9/2020,0,0,0
Orange,5/9/2020,228,72,300
Glenn,5/10/2020,0,0,0
Yolo,5/10/2020,0,0,0
Los Angeles,5/10/2020,1731,539,2270
Humboldt,5/10/2020,2,4,6
Kings,5/10/2020,12,5,17
Mono,5/10/2020,0,0,0
Placer,5/10/2020,8,19,27
Lassen,5/10/2020,0,1,1
Colusa,5/10/2020,0,0,0
Imperial,5/10/2020,63,1,64
Mariposa,5/10/2020,0,0,0
Ventura,5/10/2020,28,24,52
Calaveras,5/10/2020,0,0,0
Siskiyou,5/10/2020,0,0,0
San Diego,5/10/2020,334,56,390
Napa,5/10/2020,2,0,2
Del Norte,5/10/2020,0,0,0
San Bernardino,5/10/2020,144,83,227
Amador,5/10/2020,0,0,0
Mendocino,5/10/2020,0,0,0
Sacramento,5/10/2020,18,37,55
Butte,5/10/2020,1,2,3
Modoc,5/10/2020,0,0,0
Marin,5/10/2020,4,13,17
Plumas,5/10/2020,0,1,1
El Dorado,5/10/2020,0,2,2
Santa Cruz,5/10/2020,3,0,3
Riverside,5/10/2020,199,117,316
Lake,5/10/2020,0,1,1
San Francisco,5/10/2020,66,25,91
Trinity,5/10/2020,0,0,0
Tulare,5/10/2020,27,2,29
Tuolumne,5/10/2020,0,0,0
Contra Costa,5/10/2020,18,43,61
Tehama,5/10/2020,0,0,0
Stanislaus,5/10/2020,17,10,27
Monterey,5/10/2020,9,0,9
Sutter,5/10/2020,0,0,0
Madera,5/10/2020,1,1,2
Solano,5/10/2020,14,22,36
Merced,5/10/2020,6,0,6
San Benito,5/10/2020,0,0,0
San Joaquin,5/10/2020,15,28,43
Shasta,5/10/2020,0,0,0
Santa Clara,5/10/2020,66,45,111
San Luis Obispo,5/10/2020,3,2,5
Nevada,5/10/2020,0,1,1
Yuba,5/10/2020,0,0,0
Santa Barbara,5/10/2020,26,4,30
Fresno,5/10/2020,53,45,98
Orange,5/10/2020,230,78,308
Inyo,5/10/2020,0,0,0
San Mateo,5/10/2020,29,23,52
Sonoma,5/10/2020,5,7,12
Kern,5/10/2020,37,14,51
Alameda,5/10/2020,77,46,123
San Luis Obispo,5/11/2020,3,2,5
Stanislaus,5/11/2020,21,14,35
Calaveras,5/11/2020,0,1,1
Monterey,5/11/2020,9,0,9
Kings,5/11/2020,13,4,17
Colusa,5/11/2020,0,0,0
Trinity,5/11/2020,0,0,0
Del Norte,5/11/2020,0,0,0
Amador,5/11/2020,0,0,0
Yuba,5/11/2020,0,1,1
Alameda,5/11/2020,78,53,131
Tuolumne,5/11/2020,0,1,1
Marin,5/11/2020,3,12,15
Tulare,5/11/2020,35,0,35
Sutter,5/11/2020,0,0,0
El Dorado,5/11/2020,0,3,3
Santa Cruz,5/11/2020,1,0,1
Placer,5/11/2020,8,16,24
Mendocino,5/11/2020,0,0,0
Lake,5/11/2020,0,0,0
Orange,5/11/2020,232,88,320
Contra Costa,5/11/2020,16,38,54
Tehama,5/11/2020,0,0,0
Napa,5/11/2020,1,0,1
Nevada,5/11/2020,0,1,1
Inyo,5/11/2020,1,0,1
Mariposa,5/11/2020,0,0,0
San Benito,5/11/2020,1,0,1
Sonoma,5/11/2020,5,9,14
Los Angeles,5/11/2020,1763,547,2310
Butte,5/11/2020,2,1,3
Solano,5/11/2020,13,15,28
Siskiyou,5/11/2020,0,0,0
Modoc,5/11/2020,0,0,0
Humboldt,5/11/2020,2,6,8
Kern,5/11/2020,39,4,43
Lassen,5/11/2020,0,1,1
Santa Barbara,5/11/2020,22,10,32
San Francisco,5/11/2020,63,28,91
San Bernardino,5/11/2020,152,66,218
San Joaquin,5/11/2020,15,15,30
Glenn,5/11/2020,0,0,0
San Diego,5/11/2020,339,61,400
Fresno,5/11/2020,56,37,93
Sacramento,5/11/2020,16,35,51
Mono,5/11/2020,0,0,0
San Mateo,5/11/2020,31,18,49
Yolo,5/11/2020,0,0,0
Santa Clara,5/11/2020,59,41,100
Plumas,5/11/2020,0,1,1
Ventura,5/11/2020,31,23,54
Riverside,5/11/2020,186,104,290
Shasta,5/11/2020,0,0,0
Merced,5/11/2020,7,2,9
Imperial,5/11/2020,60,2,62
Madera,5/11/2020,1,0,1
Yolo,5/12/2020,0,0,0
Mendocino,5/12/2020,0,0,0
Tulare,5/12/2020,34,0,34
San Diego,5/12/2020,334,51,385
Riverside,5/12/2020,206,100,306
Tuolumne,5/12/2020,0,0,0
Placer,5/12/2020,9,18,27
Sutter,5/12/2020,0,0,0
San Luis Obispo,5/12/2020,4,4,8
Inyo,5/12/2020,0,0,0
Mariposa,5/12/2020,0,1,1
Orange,5/12/2020,263,85,348
San Bernardino,5/12/2020,148,49,197
Yuba,5/12/2020,0,1,1
Shasta,5/12/2020,0,0,0
Napa,5/12/2020,1,0,1
Kern,5/12/2020,38,14,52
Madera,5/12/2020,0,0,0
Humboldt,5/12/2020,3,5,8
Calaveras,5/12/2020,0,0,0
San Benito,5/12/2020,1,0,1
Merced,5/12/2020,6,5,11
Amador,5/12/2020,0,0,0
Lassen,5/12/2020,0,0,0
Ventura,5/12/2020,26,25,51
El Dorado,5/12/2020,0,2,2
Los Angeles,5/12/2020,1742,506,2248
Plumas,5/12/2020,0,0,0
Trinity,5/12/2020,0,0,0
Santa Cruz,5/12/2020,1,0,1
San Mateo,5/12/2020,30,33,63
Modoc,5/12/2020,0,0,0
San Joaquin,5/12/2020,14,20,34
Tehama,5/12/2020,0,0,0
Nevada,5/12/2020,0,0,0
Butte,5/12/2020,2,3,5
Contra Costa,5/12/2020,17,49,66
Mono,5/12/2020,0,0,0
Monterey,5/12/2020,6,1,7
Imperial,5/12/2020,60,3,63
Santa Barbara,5/12/2020,24,5,29
Solano,5/12/2020,15,14,29
Lake,5/12/2020,0,1,1
Alameda,5/12/2020,79,51,130
Kings,5/12/2020,16,4,20
Siskiyou,5/12/2020,0,0,0
San Francisco,5/12/2020,63,27,90
Marin,5/12/2020,3,18,21
Stanislaus,5/12/2020,19,15,34
Fresno,5/12/2020,62,48,110
Sacramento,5/12/2020,14,34,48
Del Norte,5/12/2020,0,0,0
Colusa,5/12/2020,0,1,1
Sonoma,5/12/2020,6,22,28
Glenn,5/12/2020,0,0,0
Santa Clara,5/12/2020,55,29,84
Los Angeles,5/13/2020,1733,618,2351
Del Norte,5/13/2020,0,0,0
Tuolumne,5/13/2020,0,0,0
Alameda,5/13/2020,81,59,140
Contra Costa,5/13/2020,20,40,60
Placer,5/13/2020,3,27,30
San Francisco,5/13/2020,57,32,89
Sacramento,5/13/2020,15,35,50
Napa,5/13/2020,1,0,1
Yolo,5/13/2020,0,1,1
Stanislaus,5/13/2020,20,11,31
Humboldt,5/13/2020,4,4,8
Solano,5/13/2020,16,18,34
Santa Clara,5/13/2020,58,33,91
Monterey,5/13/2020,7,2,9
Amador,5/13/2020,0,0,0
Lake,5/13/2020,0,0,0
Yuba,5/13/2020,0,0,0
San Luis Obispo,5/13/2020,3,7,10
Sutter,5/13/2020,0,0,0
Fresno,5/13/2020,69,60,129
Merced,5/13/2020,8,3,11
Kings,5/13/2020,16,4,20
Nevada,5/13/2020,0,0,0
Tulare,5/13/2020,40,0,40
Trinity,5/13/2020,0,0,0
Imperial,5/13/2020,61,4,65
El Dorado,5/13/2020,0,2,2
Calaveras,5/13/2020,0,0,0
San Benito,5/13/2020,1,0,1
Glenn,5/13/2020,0,0,0
San Joaquin,5/13/2020,11,16,27
Marin,5/13/2020,3,16,19
Plumas,5/13/2020,0,0,0
Santa Cruz,5/13/2020,1,0,1
Modoc,5/13/2020,0,0,0
San Diego,5/13/2020,329,51,380
Mendocino,5/13/2020,0,0,0
Lassen,5/13/2020,0,0,0
Siskiyou,5/13/2020,0,1,1
Butte,5/13/2020,2,3,5
San Mateo,5/13/2020,34,35,69
Sonoma,5/13/2020,5,20,25
Riverside,5/13/2020,188,77,265
Shasta,5/13/2020,0,0,0
Orange,5/13/2020,257,85,342
Mariposa,5/13/2020,0,1,1
Madera,5/13/2020,0,0,0
Tehama,5/13/2020,0,0,0
Inyo,5/13/2020,0,0,0
Mono,5/13/2020,0,0,0
Santa Barbara,5/13/2020,26,3,29
Ventura,5/13/2020,25,29,54
Kern,5/13/2020,34,6,40
San Bernardino,5/13/2020,133,90,223
Colusa,5/13/2020,0,1,1
Orange,5/14/2020,259,68,327
Sonoma,5/14/2020,5,23,28
Riverside,5/14/2020,184,91,275
Mono,5/14/2020,0,0,0
Los Angeles,5/14/2020,1648,559,2207
San Diego,5/14/2020,329,70,399
Madera,5/14/2020,0,0,0
Amador,5/14/2020,0,0,0
San Mateo,5/14/2020,32,12,44
Plumas,5/14/2020,0,0,0
San Bernardino,5/14/2020,132,97,229
Butte,5/14/2020,2,1,3
Shasta,5/14/2020,0,0,0
Modoc,5/14/2020,0,0,0
Santa Cruz,5/14/2020,1,0,1
Trinity,5/14/2020,0,0,0
Ventura,5/14/2020,28,30,58
Fresno,5/14/2020,64,52,116
San Francisco,5/14/2020,56,38,94
Mendocino,5/14/2020,0,0,0
San Luis Obispo,5/14/2020,2,3,5
Stanislaus,5/14/2020,19,19,38
Marin,5/14/2020,3,9,12
Sacramento,5/14/2020,12,40,52
Colusa,5/14/2020,0,0,0
Tulare,5/14/2020,37,0,37
Sutter,5/14/2020,0,0,0
Nevada,5/14/2020,0,0,0
Lassen,5/14/2020,0,0,0
Tuolumne,5/14/2020,0,0,0
Santa Clara,5/14/2020,51,40,91
Mariposa,5/14/2020,0,1,1
Kern,5/14/2020,39,5,44
Monterey,5/14/2020,6,1,7
Merced,5/14/2020,8,1,9
Humboldt,5/14/2020,5,7,12
Calaveras,5/14/2020,0,0,0
Solano,5/14/2020,15,25,40
Del Norte,5/14/2020,0,0,0
Lake,5/14/2020,0,0,0
Glenn,5/14/2020,0,0,0
Alameda,5/14/2020,82,56,138
Placer,5/14/2020,2,21,23
Inyo,5/14/2020,0,0,0
Napa,5/14/2020,1,0,1
Santa Barbara,5/14/2020,26,4,30
Imperial,5/14/2020,62,9,71
San Benito,5/14/2020,1,0,1
Tehama,5/14/2020,0,1,1
El Dorado,5/14/2020,0,3,3
Kings,5/14/2020,16,2,18
San Joaquin,5/14/2020,10,26,36
Contra Costa,5/14/2020,20,47,67
Siskiyou,5/14/2020,0,1,1
Yuba,5/14/2020,0,0,0
Yolo,5/14/2020,0,0,0
Sonoma,5/15/2020,5,34,39
Butte,5/15/2020,2,2,4
Mono,5/15/2020,0,0,0
Calaveras,5/15/2020,0,1,1
Tuolumne,5/15/2020,0,0,0
Lassen,5/15/2020,0,0,0
Riverside,5/15/2020,184,72,256
Sutter,5/15/2020,0,0,0
Los Angeles,5/15/2020,1648,553,2201
San Luis Obispo,5/15/2020,1,4,5
Santa Clara,5/15/2020,48,27,75
Monterey,5/15/2020,6,1,7
San Benito,5/15/2020,1,0,1
Tulare,5/15/2020,38,1,39
Placer,5/15/2020,3,26,29
Contra Costa,5/15/2020,19,37,56
Lake,5/15/2020,0,0,0
Merced,5/15/2020,6,2,8
San Francisco,5/15/2020,56,33,89
Glenn,5/15/2020,0,0,0
Napa,5/15/2020,1,0,1
Modoc,5/15/2020,0,0,0
Alameda,5/15/2020,76,72,148
Solano,5/15/2020,14,26,40
Kings,5/15/2020,20,2,22
Yuba,5/15/2020,0,0,0
Tehama,5/15/2020,0,1,1
Stanislaus,5/15/2020,19,19,38
Marin,5/15/2020,2,8,10
Kern,5/15/2020,40,12,52
Del Norte,5/15/2020,0,0,0
San Diego,5/15/2020,326,66,392
Shasta,5/15/2020,0,0,0
Colusa,5/15/2020,0,0,0
San Bernardino,5/15/2020,125,69,194
Inyo,5/15/2020,0,0,0
Plumas,5/15/2020,0,0,0
Humboldt,5/15/2020,3,6,9
Orange,5/15/2020,250,60,310
El Dorado,5/15/2020,0,0,0
Fresno,5/15/2020,59,32,91
Nevada,5/15/2020,0,0,0
Trinity,5/15/2020,0,0,0
Amador,5/15/2020,0,0,0
Madera,5/15/2020,1,0,1
San Joaquin,5/15/2020,11,34,45
Yolo,5/15/2020,0,0,0
Ventura,5/15/2020,27,20,47
Siskiyou,5/15/2020,0,0,0
San Mateo,5/15/2020,30,24,54
Santa Cruz,5/15/2020,1,0,1
Sacramento,5/15/2020,11,44,55
Imperial,5/15/2020,67,4,71
Santa Barbara,5/15/2020,26,6,32
Mariposa,5/15/2020,0,0,0
Mendocino,5/15/2020,0,0,0
Solano,5/16/2020,14,26,40
Plumas,5/16/2020,0,0,0
Stanislaus,5/16/2020,19,20,39
Butte,5/16/2020,2,1,3
Placer,5/16/2020,3,25,28
Kern,5/16/2020,36,15,51
Tehama,5/16/2020,0,0,0
Alameda,5/16/2020,81,64,145
Marin,5/16/2020,1,10,11
El Dorado,5/16/2020,1,3,4
Riverside,5/16/2020,183,83,266
Yuba,5/16/2020,0,0,0
Kings,5/16/2020,20,2,22
Lake,5/16/2020,0,0,0
Mendocino,5/16/2020,0,0,0
Los Angeles,5/16/2020,1570,516,2086
Ventura,5/16/2020,27,23,50
Monterey,5/16/2020,8,1,9
Santa Clara,5/16/2020,51,39,90
San Joaquin,5/16/2020,11,19,30
Sacramento,5/16/2020,12,34,46
Siskiyou,5/16/2020,0,1,1
Santa Barbara,5/16/2020,27,7,34
Inyo,5/16/2020,0,0,0
San Mateo,5/16/2020,31,23,54
San Luis Obispo,5/16/2020,1,5,6
Lassen,5/16/2020,0,0,0
Amador,5/16/2020,0,0,0
San Benito,5/16/2020,1,0,1
Mariposa,5/16/2020,0,0,0
Tuolumne,5/16/2020,0,0,0
Imperial,5/16/2020,60,1,61
Colusa,5/16/2020,0,0,0
Humboldt,5/16/2020,3,4,7
Modoc,5/16/2020,0,0,0
Napa,5/16/2020,1,3,4
Santa Cruz,5/16/2020,1,0,1
Tulare,5/16/2020,40,1,41
Nevada,5/16/2020,0,0,0
Merced,5/16/2020,6,1,7
Madera,5/16/2020,0,0,0
Yolo,5/16/2020,0,1,1
San Diego,5/16/2020,319,51,370
Calaveras,5/16/2020,0,0,0
Del Norte,5/16/2020,0,0,0
Orange,5/16/2020,251,74,325
Glenn,5/16/2020,0,0,0
Mono,5/16/2020,0,0,0
Contra Costa,5/16/2020,16,34,50
Shasta,5/16/2020,0,0,0
Fresno,5/16/2020,58,39,97
San Bernardino,5/16/2020,122,79,201
San Francisco,5/16/2020,44,30,74
Trinity,5/16/2020,0,0,0
Sutter,5/16/2020,0,0,0
Sonoma,5/16/2020,5,31,36
Siskiyou,5/17/2020,0,1,1
San Benito,5/17/2020,1,0,1
Merced,5/17/2020,6,3,9
Trinity,5/17/2020,0,0,0
Stanislaus,5/17/2020,20,21,41
Tuolumne,5/17/2020,0,0,0
Tehama,5/17/2020,0,0,0
Mono,5/17/2020,0,0,0
Tulare,5/17/2020,40,1,41
Ventura,5/17/2020,31,13,44
Colusa,5/17/2020,0,0,0
San Francisco,5/17/2020,40,31,71
Imperial,5/17/2020,68,3,71
Calaveras,5/17/2020,0,0,0
Mariposa,5/17/2020,0,1,1
Lake,5/17/2020,0,0,0
Alameda,5/17/2020,74,72,146
Orange,5/17/2020,267,88,355
Yolo,5/17/2020,0,0,0
Yuba,5/17/2020,1,0,1
Santa Clara,5/17/2020,44,38,82
Kings,5/17/2020,21,4,25
Plumas,5/17/2020,0,0,0
Santa Cruz,5/17/2020,1,0,1
Glenn,5/17/2020,0,0,0
Inyo,5/17/2020,0,0,0
Solano,5/17/2020,17,30,47
Madera,5/17/2020,0,0,0
Lassen,5/17/2020,0,0,0
Placer,5/17/2020,2,25,27
San Luis Obispo,5/17/2020,1,4,5
Contra Costa,5/17/2020,16,39,55
Del Norte,5/17/2020,0,0,0
Fresno,5/17/2020,60,46,106
Napa,5/17/2020,1,2,3
Sonoma,5/17/2020,5,26,31
Santa Barbara,5/17/2020,25,6,31
Monterey,5/17/2020,8,2,10
Sutter,5/17/2020,0,0,0
Sacramento,5/17/2020,15,41,56
San Diego,5/17/2020,321,59,380
Los Angeles,5/17/2020,1549,558,2107
Humboldt,5/17/2020,4,1,5
Kern,5/17/2020,36,12,48
Marin,5/17/2020,1,11,12
San Mateo,5/17/2020,32,23,55
Mendocino,5/17/2020,1,0,1
Shasta,5/17/2020,0,0,0
San Bernardino,5/17/2020,129,81,210
Amador,5/17/2020,0,0,0
El Dorado,5/17/2020,1,3,4
Nevada,5/17/2020,0,0,0
San Joaquin,5/17/2020,10,18,28
Modoc,5/17/2020,1,0,1
Butte,5/17/2020,2,0,2
Riverside,5/17/2020,186,91,277
Marin,5/18/2020,4,8,12
Monterey,5/18/2020,8,1,9
Calaveras,5/18/2020,0,0,0
Sacramento,5/18/2020,13,58,71
Glenn,5/18/2020,0,0,0
Humboldt,5/18/2020,4,1,5
Mono,5/18/2020,0,0,0
Lake,5/18/2020,0,2,2
Napa,5/18/2020,1,0,1
San Joaquin,5/18/2020,9,23,32
Sutter,5/18/2020,0,0,0
San Mateo,5/18/2020,41,19,60
San Benito,5/18/2020,1,0,1
Imperial,5/18/2020,73,1,74
El Dorado,5/18/2020,1,3,4
Stanislaus,5/18/2020,18,20,38
Kern,5/18/2020,36,12,48
Santa Cruz,5/18/2020,2,0,2
Modoc,5/18/2020,0,1,1
Solano,5/18/2020,16,27,43
Amador,5/18/2020,0,1,1
San Luis Obispo,5/18/2020,1,2,3
Ventura,5/18/2020,33,16,49
Inyo,5/18/2020,0,0,0
Contra Costa,5/18/2020,19,51,70
Lassen,5/18/2020,0,1,1
Santa Barbara,5/18/2020,25,2,27
San Bernardino,5/18/2020,140,81,221
Riverside,5/18/2020,195,86,281
Plumas,5/18/2020,0,0,0
Colusa,5/18/2020,0,1,1
Tulare,5/18/2020,35,1,36
San Francisco,5/18/2020,46,33,79
Alameda,5/18/2020,87,51,138
Sonoma,5/18/2020,3,20,23
Fresno,5/18/2020,61,44,105
Tuolumne,5/18/2020,0,0,0
Nevada,5/18/2020,0,0,0
Del Norte,5/18/2020,0,0,0
Tehama,5/18/2020,0,1,1
Orange,5/18/2020,263,78,341
Trinity,5/18/2020,0,0,0
Kings,5/18/2020,21,4,25
San Diego,5/18/2020,329,49,378
Los Angeles,5/18/2020,1531,520,2051
Santa Clara,5/18/2020,46,33,79
Mendocino,5/18/2020,1,0,1
Merced,5/18/2020,6,0,6
Yuba,5/18/2020,1,0,1
Siskiyou,5/18/2020,0,0,0
Mariposa,5/18/2020,0,2,2
Shasta,5/18/2020,0,0,0
Butte,5/18/2020,2,1,3
Placer,5/18/2020,1,34,35
Yolo,5/18/2020,0,0,0
Madera,5/18/2020,0,2,2
Solano,5/19/2020,18,29,47
Humboldt,5/19/2020,4,3,7
Colusa,5/19/2020,0,1,1
San Francisco,5/19/2020,48,26,74
Tulare,5/19/2020,37,5,42
Kern,5/19/2020,42,11,53
Ventura,5/19/2020,33,27,60
San Joaquin,5/19/2020,7,26,33
Shasta,5/19/2020,0,0,0
Riverside,5/19/2020,189,103,292
Sonoma,5/19/2020,4,24,28
Lake,5/19/2020,0,1,1
El Dorado,5/19/2020,0,2,2
Calaveras,5/19/2020,0,0,0
Imperial,5/19/2020,74,4,78
Mariposa,5/19/2020,0,3,3
Mono,5/19/2020,0,0,0
Yuba,5/19/2020,1,0,1
Los Angeles,5/19/2020,1517,619,2136
Orange,5/19/2020,269,97,366
Marin,5/19/2020,4,20,24
Madera,5/19/2020,0,1,1
Fresno,5/19/2020,64,43,107
Contra Costa,5/19/2020,14,74,88
Santa Cruz,5/19/2020,1,0,1
Trinity,5/19/2020,0,0,0
Tuolumne,5/19/2020,0,0,0
Lassen,5/19/2020,0,1,1
Siskiyou,5/19/2020,0,0,0
Placer,5/19/2020,3,45,48
Tehama,5/19/2020,0,0,0
Stanislaus,5/19/2020,17,31,48
Napa,5/19/2020,1,0,1
Mendocino,5/19/2020,1,0,1
Nevada,5/19/2020,0,0,0
San Bernardino,5/19/2020,134,76,210
Alameda,5/19/2020,83,108,191
San Mateo,5/19/2020,41,30,71
Plumas,5/19/2020,0,0,0
Amador,5/19/2020,0,0,0
Santa Barbara,5/19/2020,23,5,28
Del Norte,5/19/2020,0,0,0
San Benito,5/19/2020,1,0,1
San Diego,5/19/2020,319,68,387
Merced,5/19/2020,7,1,8
Inyo,5/19/2020,0,0,0
Sutter,5/19/2020,0,0,0
Monterey,5/19/2020,11,0,11
Kings,5/19/2020,23,1,24
Santa Clara,5/19/2020,43,57,100
Yolo,5/19/2020,0,0,0
Butte,5/19/2020,1,0,1
Sacramento,5/19/2020,11,90,101
San Luis Obispo,5/19/2020,2,1,3
Glenn,5/19/2020,0,0,0
Modoc,5/19/2020,0,1,1
Santa Clara,5/20/2020,40,56,96
Solano,5/20/2020,18,37,55
San Benito,5/20/2020,1,0,1
Merced,5/20/2020,8,1,9
San Francisco,5/20/2020,47,32,79
Fresno,5/20/2020,56,41,97
Mariposa,5/20/2020,0,2,2
Stanislaus,5/20/2020,18,30,48
Yolo,5/20/2020,0,0,0
Alameda,5/20/2020,81,134,215
Plumas,5/20/2020,0,0,0
Tehama,5/20/2020,0,0,0
Tuolumne,5/20/2020,0,0,0
Kings,5/20/2020,22,4,26
Siskiyou,5/20/2020,0,0,0
Santa Barbara,5/20/2020,23,4,27
Del Norte,5/20/2020,0,0,0
Trinity,5/20/2020,0,0,0
Tulare,5/20/2020,42,3,45
Napa,5/20/2020,1,0,1
Glenn,5/20/2020,0,0,0
Kern,5/20/2020,48,8,56
Marin,5/20/2020,4,25,29
Modoc,5/20/2020,0,1,1
Mono,5/20/2020,0,0,0
San Diego,5/20/2020,335,69,404
Sonoma,5/20/2020,2,34,36
Sacramento,5/20/2020,11,92,103
Humboldt,5/20/2020,4,8,12
Butte,5/20/2020,4,1,5
Los Angeles,5/20/2020,1506,561,2067
Inyo,5/20/2020,0,0,0
Colusa,5/20/2020,0,0,0
Shasta,5/20/2020,0,0,0
Mendocino,5/20/2020,1,0,1
Riverside,5/20/2020,183,107,290
Contra Costa,5/20/2020,9,73,82
Lake,5/20/2020,0,2,2
Placer,5/20/2020,4,52,56
San Bernardino,5/20/2020,127,89,216
Imperial,5/20/2020,80,3,83
Nevada,5/20/2020,0,0,0
San Luis Obispo,5/20/2020,2,6,8
Sutter,5/20/2020,0,0,0
Yuba,5/20/2020,1,0,1
Monterey,5/20/2020,10,0,10
Amador,5/20/2020,0,0,0
San Joaquin,5/20/2020,9,29,38
El Dorado,5/20/2020,0,2,2
Calaveras,5/20/2020,0,0,0
Lassen,5/20/2020,0,1,1
Ventura,5/20/2020,36,26,62
San Mateo,5/20/2020,37,37,74
Madera,5/20/2020,0,4,4
Santa Cruz,5/20/2020,3,0,3
Orange,5/20/2020,275,113,388
Ventura,5/21/2020,30,19,49
San Mateo,5/21/2020,37,33,70
Humboldt,5/21/2020,4,12,16
Sonoma,5/21/2020,4,31,35
Orange,5/21/2020,262,102,364
El Dorado,5/21/2020,0,2,2
Trinity,5/21/2020,0,0,0
San Bernardino,5/21/2020,131,93,224
Placer,5/21/2020,7,59,66
Kings,5/21/2020,21,4,25
Tuolumne,5/21/2020,0,0,0
Madera,5/21/2020,0,0,0
Riverside,5/21/2020,194,91,285
Alameda,5/21/2020,77,162,239
Tehama,5/21/2020,0,0,0
San Benito,5/21/2020,1,0,1
Imperial,5/21/2020,75,3,78
Colusa,5/21/2020,0,0,0
Los Angeles,5/21/2020,1491,614,2105
Yolo,5/21/2020,0,3,3
Tulare,5/21/2020,39,1,40
Stanislaus,5/21/2020,22,30,52
Siskiyou,5/21/2020,0,0,0
Calaveras,5/21/2020,0,1,1
Mono,5/21/2020,0,0,0
Amador,5/21/2020,0,0,0
Napa,5/21/2020,1,0,1
Glenn,5/21/2020,0,0,0
Fresno,5/21/2020,61,57,118
Inyo,5/21/2020,0,0,0
Monterey,5/21/2020,8,1,9
Del Norte,5/21/2020,0,0,0
Shasta,5/21/2020,0,0,0
Merced,5/21/2020,6,0,6
Butte,5/21/2020,8,1,9
Lassen,5/21/2020,0,1,1
Santa Barbara,5/21/2020,24,6,30
Marin,5/21/2020,4,29,33
San Joaquin,5/21/2020,8,23,31
Kern,5/21/2020,44,10,54
Yuba,5/21/2020,1,0,1
Sutter,5/21/2020,0,0,0
Mariposa,5/21/2020,0,0,0
Plumas,5/21/2020,0,0,0
Santa Cruz,5/21/2020,4,1,5
Nevada,5/21/2020,0,0,0
San Luis Obispo,5/21/2020,2,5,7
Contra Costa,5/21/2020,8,75,83
Sacramento,5/21/2020,7,100,107
Lake,5/21/2020,0,0,0
Modoc,5/21/2020,0,1,1
San Diego,5/21/2020,325,53,378
Santa Clara,5/21/2020,39,60,99
Solano,5/21/2020,18,35,53
Mendocino,5/21/2020,1,0,1
San Francisco,5/21/2020,43,37,80
Santa Cruz,5/22/2020,4,1,5
San Luis Obispo,5/22/2020,2,1,3
Sonoma,5/22/2020,5,16,21
Santa Barbara,5/22/2020,20,4,24
Del Norte,5/22/2020,0,0,0
Ventura,5/22/2020,29,35,64
Solano,5/22/2020,18,16,34
Marin,5/22/2020,3,3,6
Orange,5/22/2020,269,89,358
Riverside,5/22/2020,195,115,310
Lassen,5/22/2020,0,1,1
Shasta,5/22/2020,0,1,1
Contra Costa,5/22/2020,11,30,41
Stanislaus,5/22/2020,23,11,34
Merced,5/22/2020,6,1,7
San Diego,5/22/2020,331,50,381
Mendocino,5/22/2020,1,0,1
San Joaquin,5/22/2020,9,26,35
Plumas,5/22/2020,0,0,0
Butte,5/22/2020,7,1,8
Santa Clara,5/22/2020,36,19,55
Siskiyou,5/22/2020,0,2,2
Kern,5/22/2020,45,8,53
Yolo,5/22/2020,0,0,0
Inyo,5/22/2020,0,0,0
Trinity,5/22/2020,0,0,0
Mono,5/22/2020,0,0,0
San Mateo,5/22/2020,40,12,52
Humboldt,5/22/2020,4,13,17
Glenn,5/22/2020,0,0,0
Madera,5/22/2020,1,0,1
El Dorado,5/22/2020,0,4,4
San Francisco,5/22/2020,43,29,72
Tulare,5/22/2020,38,1,39
Sutter,5/22/2020,0,0,0
Napa,5/22/2020,1,7,8
Kings,5/22/2020,23,5,28
Tehama,5/22/2020,0,0,0
San Bernardino,5/22/2020,125,101,226
Los Angeles,5/22/2020,1490,565,2055
Mariposa,5/22/2020,0,0,0
Monterey,5/22/2020,9,1,10
Colusa,5/22/2020,0,0,0
Imperial,5/22/2020,75,2,77
San Benito,5/22/2020,1,0,1
Lake,5/22/2020,0,2,2
Amador,5/22/2020,0,1,1
Tuolumne,5/22/2020,0,0,0
Nevada,5/22/2020,0,0,0
Calaveras,5/22/2020,0,0,0
Yuba,5/22/2020,1,0,1
Modoc,5/22/2020,0,1,1
Sacramento,5/22/2020,10,13,23
Alameda,5/22/2020,79,81,160
Placer,5/22/2020,6,20,26
Fresno,5/22/2020,64,30,94
San Luis Obispo,5/23/2020,2,0,2
Plumas,5/23/2020,0,0,0
Sutter,5/23/2020,0,0,0
Glenn,5/23/2020,0,0,0
San Francisco,5/23/2020,45,28,73
Modoc,5/23/2020,0,1,1
Shasta,5/23/2020,0,1,1
Nevada,5/23/2020,0,0,0
Kings,5/23/2020,25,3,28
Stanislaus,5/23/2020,23,15,38
Fresno,5/23/2020,66,37,103
Tulare,5/23/2020,40,1,41
Sacramento,5/23/2020,12,12,24
Mendocino,5/23/2020,3,2,5
Sonoma,5/23/2020,5,17,22
Yolo,5/23/2020,0,0,0
Tehama,5/23/2020,0,0,0
Riverside,5/23/2020,193,95,288
San Joaquin,5/23/2020,10,21,31
Placer,5/23/2020,6,19,25
Napa,5/23/2020,1,1,2
Inyo,5/23/2020,0,0,0
Lassen,5/23/2020,0,0,0
San Diego,5/23/2020,304,82,386
Contra Costa,5/23/2020,14,34,48
Merced,5/23/2020,7,4,11
Del Norte,5/23/2020,0,0,0
Lake,5/23/2020,0,1,1
El Dorado,5/23/2020,1,5,6
Santa Barbara,5/23/2020,21,3,24
Siskiyou,5/23/2020,0,2,2
Solano,5/23/2020,18,14,32
San Bernardino,5/23/2020,134,100,234
Humboldt,5/23/2020,4,13,17
Alameda,5/23/2020,80,78,158
San Mateo,5/23/2020,39,11,50
Santa Clara,5/23/2020,37,17,54
Kern,5/23/2020,48,10,58
Yuba,5/23/2020,1,0,1
Santa Cruz,5/23/2020,4,1,5
Marin,5/23/2020,2,4,6
Los Angeles,5/23/2020,1440,566,2006
Monterey,5/23/2020,7,1,8
Imperial,5/23/2020,75,2,77
Ventura,5/23/2020,29,25,54
Tuolumne,5/23/2020,0,0,0
Calaveras,5/23/2020,0,0,0
Madera,5/23/2020,0,0,0
Colusa,5/23/2020,0,0,0
Orange,5/23/2020,278,94,372
San Benito,5/23/2020,1,0,1
Mariposa,5/23/2020,0,0,0
Butte,5/23/2020,5,0,5
Trinity,5/23/2020,0,0,0
Mono,5/23/2020,0,0,0
Amador,5/23/2020,0,0,0
Placer,5/24/2020,5,21,26
Colusa,5/24/2020,0,0,0
Solano,5/24/2020,18,19,37
Santa Clara,5/24/2020,35,19,54
San Francisco,5/24/2020,47,41,88
Lassen,5/24/2020,0,0,0
Kings,5/24/2020,25,3,28
Monterey,5/24/2020,7,1,8
Siskiyou,5/24/2020,0,2,2
Sacramento,5/24/2020,9,17,26
Humboldt,5/24/2020,4,3,7
Sutter,5/24/2020,0,0,0
Yuba,5/24/2020,1,0,1
Del Norte,5/24/2020,0,0,0
Contra Costa,5/24/2020,15,27,42
Stanislaus,5/24/2020,22,15,37
Marin,5/24/2020,2,4,6
Madera,5/24/2020,0,1,1
Modoc,5/24/2020,0,1,1
Sonoma,5/24/2020,6,16,22
Tulare,5/24/2020,42,2,44
Alameda,5/24/2020,88,61,149
Inyo,5/24/2020,0,0,0
Merced,5/24/2020,7,5,12
San Bernardino,5/24/2020,139,103,242
Ventura,5/24/2020,32,36,68
Trinity,5/24/2020,0,0,0
Napa,5/24/2020,1,0,1
Amador,5/24/2020,0,0,0
San Luis Obispo,5/24/2020,2,1,3
Fresno,5/24/2020,66,40,106
Los Angeles,5/24/2020,1443,547,1990
Plumas,5/24/2020,0,0,0
El Dorado,5/24/2020,1,4,5
Imperial,5/24/2020,77,4,81
Santa Barbara,5/24/2020,21,6,27
Tehama,5/24/2020,0,0,0
San Benito,5/24/2020,1,0,1
Mono,5/24/2020,0,0,0
Butte,5/24/2020,5,0,5
San Joaquin,5/24/2020,11,25,36
Riverside,5/24/2020,188,80,268
Mariposa,5/24/2020,0,0,0
Nevada,5/24/2020,0,0,0
Santa Cruz,5/24/2020,4,1,5
Glenn,5/24/2020,0,0,0
Kern,5/24/2020,53,4,57
San Mateo,5/24/2020,39,13,52
Calaveras,5/24/2020,0,1,1
San Diego,5/24/2020,310,60,370
Orange,5/24/2020,286,102,388
Mendocino,5/24/2020,3,2,5
Lake,5/24/2020,0,4,4
Yolo,5/24/2020,0,0,0
Tuolumne,5/24/2020,0,0,0
Shasta,5/24/2020,0,0,0
Inyo,5/25/2020,0,0,0
Tuolumne,5/25/2020,0,0,0
Alameda,5/25/2020,91,65,156
Monterey,5/25/2020,10,0,10
Lassen,5/25/2020,0,0,0
Ventura,5/25/2020,33,30,63
Los Angeles,5/25/2020,1477,564,2041
Calaveras,5/25/2020,0,1,1
Contra Costa,5/25/2020,13,35,48
Tulare,5/25/2020,40,2,42
Shasta,5/25/2020,0,0,0
Lake,5/25/2020,0,1,1
Kings,5/25/2020,26,3,29
San Diego,5/25/2020,317,68,385
Imperial,5/25/2020,69,6,75
Del Norte,5/25/2020,0,1,1
San Mateo,5/25/2020,44,13,57
San Luis Obispo,5/25/2020,2,0,2
Napa,5/25/2020,1,0,1
El Dorado,5/25/2020,1,3,4
Placer,5/25/2020,5,20,25
Yolo,5/25/2020,1,0,1
Amador,5/25/2020,0,0,0
Santa Cruz,5/25/2020,4,3,7
Nevada,5/25/2020,0,0,0
Santa Barbara,5/25/2020,19,8,27
Solano,5/25/2020,21,20,41
Sacramento,5/25/2020,9,17,26
Kern,5/25/2020,51,8,59
Trinity,5/25/2020,0,0,0
Madera,5/25/2020,1,1,2
Sonoma,5/25/2020,5,22,27
Plumas,5/25/2020,0,0,0
Tehama,5/25/2020,0,0,0
Mariposa,5/25/2020,0,1,1
Colusa,5/25/2020,0,0,0
Merced,5/25/2020,6,4,10
Marin,5/25/2020,3,4,7
Modoc,5/25/2020,0,1,1
San Benito,5/25/2020,1,0,1
Mono,5/25/2020,0,0,0
Sutter,5/25/2020,0,0,0
Humboldt,5/25/2020,6,4,10
Orange,5/25/2020,300,94,394
Mendocino,5/25/2020,2,0,2
Fresno,5/25/2020,66,38,104
Riverside,5/25/2020,193,88,281
Butte,5/25/2020,7,0,7
San Joaquin,5/25/2020,12,24,36
Santa Clara,5/25/2020,32,20,52
Stanislaus,5/25/2020,18,11,29
Glenn,5/25/2020,0,0,0
San Bernardino,5/25/2020,138,116,254
Siskiyou,5/25/2020,0,2,2
San Francisco,5/25/2020,40,41,81
Yuba,5/25/2020,1,0,1
Mendocino,5/26/2020,3,1,4
Del Norte,5/26/2020,0,1,1
Siskiyou,5/26/2020,0,0,0
El Dorado,5/26/2020,0,2,2
Merced,5/26/2020,6,3,9
San Benito,5/26/2020,1,0,1
Colusa,5/26/2020,0,0,0
Mono,5/26/2020,0,0,0
Plumas,5/26/2020,0,0,0
San Bernardino,5/26/2020,154,125,279
Los Angeles,5/26/2020,1477,610,2087
San Luis Obispo,5/26/2020,2,2,4
Amador,5/26/2020,0,0,0
Shasta,5/26/2020,1,0,1
Fresno,5/26/2020,69,29,98
Stanislaus,5/26/2020,18,14,32
Modoc,5/26/2020,0,1,1
Butte,5/26/2020,5,0,5
Trinity,5/26/2020,0,3,3
Nevada,5/26/2020,1,3,4
San Joaquin,5/26/2020,14,29,43
Imperial,5/26/2020,69,8,77
Sonoma,5/26/2020,5,20,25
Glenn,5/26/2020,0,0,0
Placer,5/26/2020,6,21,27
Riverside,5/26/2020,207,102,309
San Mateo,5/26/2020,45,9,54
Inyo,5/26/2020,0,0,0
Yolo,5/26/2020,1,0,1
Orange,5/26/2020,301,117,418
Humboldt,5/26/2020,5,5,10
Marin,5/26/2020,2,3,5
Contra Costa,5/26/2020,13,36,49
Lake,5/26/2020,0,1,1
Sutter,5/26/2020,0,0,0
Yuba,5/26/2020,1,0,1
Tuolumne,5/26/2020,0,1,1
Alameda,5/26/2020,93,76,169
Ventura,5/26/2020,34,28,62
Tulare,5/26/2020,37,4,41
Solano,5/26/2020,19,16,35
Calaveras,5/26/2020,0,0,0
Monterey,5/26/2020,11,1,12
Tehama,5/26/2020,0,1,1
Madera,5/26/2020,1,4,5
San Diego,5/26/2020,325,58,383
Santa Barbara,5/26/2020,18,5,23
Mariposa,5/26/2020,0,2,2
San Francisco,5/26/2020,40,47,87
Sacramento,5/26/2020,9,9,18
Lassen,5/26/2020,0,1,1
Kings,5/26/2020,24,3,27
Santa Clara,5/26/2020,33,20,53
Kern,5/26/2020,59,7,66
Santa Cruz,5/26/2020,4,1,5
Napa,5/26/2020,1,1,2
San Benito,5/27/2020,1,0,1
Fresno,5/27/2020,71,44,115
Alameda,5/27/2020,95,69,164
Merced,5/27/2020,6,2,8
San Joaquin,5/27/2020,14,23,37
Mariposa,5/27/2020,0,2,2
Placer,5/27/2020,6,14,20
Lassen,5/27/2020,0,1,1
Shasta,5/27/2020,0,0,0
Sutter,5/27/2020,0,0,0
Tehama,5/27/2020,0,0,0
Santa Cruz,5/27/2020,3,0,3
Amador,5/27/2020,0,0,0
Mendocino,5/27/2020,3,1,4
Monterey,5/27/2020,11,0,11
Del Norte,5/27/2020,0,0,0
El Dorado,5/27/2020,1,2,3
Santa Clara,5/27/2020,28,24,52
Yuba,5/27/2020,1,0,1
Mono,5/27/2020,0,0,0
Orange,5/27/2020,307,111,418
Plumas,5/27/2020,0,0,0
Colusa,5/27/2020,0,0,0
Butte,5/27/2020,6,1,7
San Luis Obispo,5/27/2020,2,4,6
Santa Barbara,5/27/2020,22,5,27
Modoc,5/27/2020,0,0,0
Inyo,5/27/2020,0,0,0
Stanislaus,5/27/2020,17,8,25
San Bernardino,5/27/2020,159,101,260
Lake,5/27/2020,0,0,0
Sonoma,5/27/2020,9,22,31
Kings,5/27/2020,23,1,24
Napa,5/27/2020,1,1,2
Madera,5/27/2020,2,2,4
Los Angeles,5/27/2020,1462,628,2090
Humboldt,5/27/2020,5,4,9
San Mateo,5/27/2020,33,8,41
Contra Costa,5/27/2020,11,30,41
Sacramento,5/27/2020,8,21,29
Kern,5/27/2020,63,5,68
San Diego,5/27/2020,329,79,408
Tulare,5/27/2020,36,5,41
Ventura,5/27/2020,28,24,52
Trinity,5/27/2020,0,2,2
Nevada,5/27/2020,1,3,4
Tuolumne,5/27/2020,0,0,0
Marin,5/27/2020,1,1,2
Riverside,5/27/2020,199,114,313
San Francisco,5/27/2020,40,42,82
Calaveras,5/27/2020,0,0,0
Siskiyou,5/27/2020,0,3,3
Solano,5/27/2020,20,14,34
Glenn,5/27/2020,0,0,0
Imperial,5/27/2020,67,17,84
Yolo,5/27/2020,0,0,0
Napa,5/28/2020,1,1,2
Yolo,5/28/2020,0,0,0
San Luis Obispo,5/28/2020,2,0,2
Madera,5/28/2020,1,0,1
Marin,5/28/2020,3,7,10
Contra Costa,5/28/2020,13,38,51
Lassen,5/28/2020,0,1,1
Butte,5/28/2020,5,1,6
San Francisco,5/28/2020,49,42,91
Lake,5/28/2020,0,1,1
Los Angeles,5/28/2020,1415,639,2054
San Mateo,5/28/2020,39,10,49
San Benito,5/28/2020,0,0,0
Sutter,5/28/2020,0,0,0
Mariposa,5/28/2020,0,2,2
Del Norte,5/28/2020,0,0,0
Glenn,5/28/2020,0,0,0
Trinity,5/28/2020,0,3,3
Inyo,5/28/2020,0,0,0
Siskiyou,5/28/2020,0,0,0
Plumas,5/28/2020,0,0,0
Alameda,5/28/2020,96,57,153
San Joaquin,5/28/2020,15,25,40
Mendocino,5/28/2020,3,0,3
Nevada,5/28/2020,1,2,3
Modoc,5/28/2020,0,0,0
Sonoma,5/28/2020,8,30,38
Fresno,5/28/2020,68,39,107
Sacramento,5/28/2020,14,27,41
Humboldt,5/28/2020,5,4,9
Amador,5/28/2020,0,1,1
Santa Cruz,5/28/2020,3,0,3
Imperial,5/28/2020,61,7,68
Yuba,5/28/2020,1,0,1
Mono,5/28/2020,0,0,0
Monterey,5/28/2020,11,0,11
Tulare,5/28/2020,37,2,39
San Bernardino,5/28/2020,156,87,243
Kings,5/28/2020,25,0,25
Colusa,5/28/2020,0,0,0
Solano,5/28/2020,19,16,35
San Diego,5/28/2020,313,70,383
Tuolumne,5/28/2020,0,0,0
El Dorado,5/28/2020,1,5,6
Placer,5/28/2020,5,18,23
Riverside,5/28/2020,202,99,301
Tehama,5/28/2020,0,0,0
Santa Clara,5/28/2020,26,14,40
Shasta,5/28/2020,0,0,0
Kern,5/28/2020,58,8,66
Orange,5/28/2020,291,106,397
Santa Barbara,5/28/2020,19,7,26
Calaveras,5/28/2020,1,0,1
Ventura,5/28/2020,28,19,47
Merced,5/28/2020,6,2,8
Stanislaus,5/28/2020,15,8,23
Colusa,5/29/2020,0,0,0
Stanislaus,5/29/2020,13,11,24
Napa,5/29/2020,0,0,0
Kings,5/29/2020,27,1,28
Amador,5/29/2020,0,0,0
Yolo,5/29/2020,0,0,0
Tehama,5/29/2020,0,0,0
Ventura,5/29/2020,31,16,47
San Mateo,5/29/2020,37,8,45
Sutter,5/29/2020,0,0,0
Contra Costa,5/29/2020,15,35,50
Sonoma,5/29/2020,7,37,44
San Luis Obispo,5/29/2020,3,5,8
Riverside,5/29/2020,191,79,270
Lassen,5/29/2020,0,1,1
Merced,5/29/2020,6,7,13
Imperial,5/29/2020,60,4,64
Kern,5/29/2020,54,16,70
El Dorado,5/29/2020,1,5,6
Los Angeles,5/29/2020,1402,570,1972
Inyo,5/29/2020,0,0,0
Sacramento,5/29/2020,14,23,37
Tulare,5/29/2020,37,3,40
Alameda,5/29/2020,102,77,179
San Diego,5/29/2020,300,58,358
Glenn,5/29/2020,0,0,0
Fresno,5/29/2020,63,44,107
Siskiyou,5/29/2020,1,0,1
San Benito,5/29/2020,0,0,0
San Bernardino,5/29/2020,134,95,229
Santa Clara,5/29/2020,26,22,48
Trinity,5/29/2020,0,0,0
Nevada,5/29/2020,0,2,2
Calaveras,5/29/2020,1,1,2
Shasta,5/29/2020,0,0,0
Mariposa,5/29/2020,0,2,2
Humboldt,5/29/2020,5,8,13
Tuolumne,5/29/2020,0,0,0
San Joaquin,5/29/2020,17,24,41
Butte,5/29/2020,6,0,6
Madera,5/29/2020,0,0,0
Lake,5/29/2020,0,1,1
Mono,5/29/2020,0,0,0
Yuba,5/29/2020,1,0,1
Marin,5/29/2020,4,6,10
Monterey,5/29/2020,10,1,11
Plumas,5/29/2020,0,1,1
Orange,5/29/2020,262,62,324
Santa Cruz,5/29/2020,3,9,12
Del Norte,5/29/2020,0,0,0
Placer,5/29/2020,8,15,23
Modoc,5/29/2020,0,0,0
Solano,5/29/2020,20,11,31
Santa Barbara,5/29/2020,16,11,27
Mendocino,5/29/2020,2,0,2
San Francisco,5/29/2020,49,16,65
Lake,5/30/2020,0,0,0
Nevada,5/30/2020,0,1,1
San Diego,5/30/2020,311,86,397
Napa,5/30/2020,0,4,4
Kern,5/30/2020,55,21,76
Humboldt,5/30/2020,5,12,17
Madera,5/30/2020,1,2,3
Alameda,5/30/2020,105,41,146
Glenn,5/30/2020,0,0,0
Del Norte,5/30/2020,0,0,0
Fresno,5/30/2020,70,48,118
San Mateo,5/30/2020,44,13,57
Shasta,5/30/2020,1,0,1
Siskiyou,5/30/2020,0,0,0
San Bernardino,5/30/2020,130,95,225
Sonoma,5/30/2020,5,56,61
Los Angeles,5/30/2020,1357,577,1934
Sacramento,5/30/2020,14,23,37
Plumas,5/30/2020,0,1,1
Orange,5/30/2020,291,131,422
Merced,5/30/2020,7,7,14
Tulare,5/30/2020,37,2,39
Lassen,5/30/2020,0,1,1
Stanislaus,5/30/2020,14,8,22
Sutter,5/30/2020,0,0,0
Amador,5/30/2020,0,0,0
Mariposa,5/30/2020,0,2,2
El Dorado,5/30/2020,1,6,7
Contra Costa,5/30/2020,14,32,46
Marin,5/30/2020,3,5,8
Riverside,5/30/2020,185,84,269
Modoc,5/30/2020,0,0,0
Santa Clara,5/30/2020,29,17,46
Tehama,5/30/2020,0,0,0
Yolo,5/30/2020,0,0,0
Inyo,5/30/2020,0,0,0
Placer,5/30/2020,6,16,22
Monterey,5/30/2020,11,0,11
San Francisco,5/30/2020,47,17,64
Mendocino,5/30/2020,2,0,2
Colusa,5/30/2020,0,0,0
San Benito,5/30/2020,0,0,0
Trinity,5/30/2020,0,0,0
Butte,5/30/2020,6,0,6
Solano,5/30/2020,18,11,29
Santa Barbara,5/30/2020,18,8,26
Imperial,5/30/2020,73,8,81
Tuolumne,5/30/2020,0,0,0
Mono,5/30/2020,0,0,0
San Joaquin,5/30/2020,19,23,42
Santa Cruz,5/30/2020,3,9,12
San Luis Obispo,5/30/2020,3,2,5
Yuba,5/30/2020,1,0,1
Ventura,5/30/2020,26,20,46
Kings,5/30/2020,27,1,28
Calaveras,5/30/2020,1,1,2
Orange,5/31/2020,283,124,407
San Joaquin,5/31/2020,18,27,45
San Francisco,5/31/2020,50,19,69
Placer,5/31/2020,9,9,18
Sacramento,5/31/2020,16,18,34
Contra Costa,5/31/2020,11,32,43
Calaveras,5/31/2020,1,0,1
Tuolumne,5/31/2020,0,0,0
Solano,5/31/2020,19,10,29
San Luis Obispo,5/31/2020,3,1,4
Sonoma,5/31/2020,5,44,49
Siskiyou,5/31/2020,0,0,0
Mariposa,5/31/2020,0,0,0
San Diego,5/31/2020,306,92,398
Kern,5/31/2020,59,16,75
Merced,5/31/2020,6,5,11
El Dorado,5/31/2020,1,6,7
Lassen,5/31/2020,0,1,1
Inyo,5/31/2020,0,0,0
Humboldt,5/31/2020,4,6,10
Butte,5/31/2020,5,0,5
Ventura,5/31/2020,25,21,46
Modoc,5/31/2020,0,0,0
Los Angeles,5/31/2020,1389,519,1908
Santa Cruz,5/31/2020,3,10,13
Santa Clara,5/31/2020,25,13,38
Mono,5/31/2020,0,0,0
Fresno,5/31/2020,68,52,120
Yolo,5/31/2020,0,0,0
Colusa,5/31/2020,0,1,1
Tehama,5/31/2020,0,0,0
San Bernardino,5/31/2020,136,73,209
Mendocino,5/31/2020,1,0,1
Del Norte,5/31/2020,0,1,1
Sutter,5/31/2020,0,0,0
Nevada,5/31/2020,0,0,0
Trinity,5/31/2020,0,1,1
Alameda,5/31/2020,99,33,132
Shasta,5/31/2020,1,0,1
Napa,5/31/2020,0,2,2
Monterey,5/31/2020,9,0,9
Yuba,5/31/2020,1,0,1
Lake,5/31/2020,1,0,1
Kings,5/31/2020,28,2,30
Stanislaus,5/31/2020,16,17,33
Riverside,5/31/2020,195,99,294
Glenn,5/31/2020,0,0,0
Marin,5/31/2020,2,6,8
Madera,5/31/2020,2,2,4
Santa Barbara,5/31/2020,22,4,26
Tulare,5/31/2020,35,1,36
Imperial,5/31/2020,73,7,80
Plumas,5/31/2020,0,1,1
San Benito,5/31/2020,0,0,0
San Mateo,5/31/2020,46,10,56
Amador,5/31/2020,0,0,0
Colusa,6/1/2020,0,1,1
Shasta,6/1/2020,1,0,1
Glenn,6/1/2020,0,0,0
Santa Barbara,6/1/2020,25,4,29
Mono,6/1/2020,0,0,0
Tehama,6/1/2020,0,0,0
Madera,6/1/2020,2,1,3
El Dorado,6/1/2020,1,5,6
Merced,6/1/2020,5,3,8
Kings,6/1/2020,26,2,28
San Benito,6/1/2020,0,0,0
Santa Clara,6/1/2020,26,14,40
San Mateo,6/1/2020,40,6,46
Plumas,6/1/2020,0,0,0
San Luis Obispo,6/1/2020,3,3,6
Nevada,6/1/2020,0,1,1
Yuba,6/1/2020,1,0,1
Sutter,6/1/2020,0,0,0
Tuolumne,6/1/2020,0,0,0
Solano,6/1/2020,20,17,37
Imperial,6/1/2020,68,3,71
Santa Cruz,6/1/2020,3,1,4
Humboldt,6/1/2020,4,6,10
Contra Costa,6/1/2020,13,17,30
Amador,6/1/2020,0,0,0
Monterey,6/1/2020,9,0,9
Los Angeles,6/1/2020,1422,596,2018
Sonoma,6/1/2020,5,62,67
Lake,6/1/2020,1,1,2
San Diego,6/1/2020,314,83,397
Alameda,6/1/2020,97,51,148
Lassen,6/1/2020,0,1,1
Ventura,6/1/2020,24,21,45
Placer,6/1/2020,9,8,17
Fresno,6/1/2020,68,54,122
Sacramento,6/1/2020,14,18,32
Trinity,6/1/2020,0,1,1
Yolo,6/1/2020,0,0,0
Mendocino,6/1/2020,0,1,1
Calaveras,6/1/2020,1,0,1
Riverside,6/1/2020,203,104,307
Stanislaus,6/1/2020,22,11,33
Kern,6/1/2020,63,14,77
Napa,6/1/2020,0,2,2
Orange,6/1/2020,292,113,405
San Francisco,6/1/2020,45,29,74
Butte,6/1/2020,4,0,4
Modoc,6/1/2020,0,0,0
Inyo,6/1/2020,0,0,0
Del Norte,6/1/2020,0,0,0
Marin,6/1/2020,2,3,5
Mariposa,6/1/2020,0,0,0
Tulare,6/1/2020,34,1,35
San Bernardino,6/1/2020,148,69,217
Siskiyou,6/1/2020,0,3,3
San Joaquin,6/1/2020,23,25,48
San Mateo,6/2/2020,42,17,59
Butte,6/2/2020,4,2,6
Santa Clara,6/2/2020,26,23,49
Trinity,6/2/2020,0,2,2
Mendocino,6/2/2020,1,0,1
Imperial,6/2/2020,66,1,67
Placer,6/2/2020,9,18,27
Solano,6/2/2020,16,16,32
Los Angeles,6/2/2020,1457,570,2027
Humboldt,6/2/2020,3,6,9
Kern,6/2/2020,67,15,82
Riverside,6/2/2020,211,94,305
Inyo,6/2/2020,0,0,0
Tulare,6/2/2020,32,2,34
Tehama,6/2/2020,0,0,0
Santa Cruz,6/2/2020,2,3,5
Del Norte,6/2/2020,0,0,0
Marin,6/2/2020,1,10,11
Sonoma,6/2/2020,3,69,72
Modoc,6/2/2020,0,0,0
Yuba,6/2/2020,1,0,1
Mariposa,6/2/2020,0,0,0
Lassen,6/2/2020,0,1,1
Glenn,6/2/2020,0,0,0
Kings,6/2/2020,31,1,32
Alameda,6/2/2020,92,68,160
Plumas,6/2/2020,0,0,0
Sutter,6/2/2020,0,0,0
San Luis Obispo,6/2/2020,2,2,4
Sacramento,6/2/2020,17,25,42
Madera,6/2/2020,6,4,10
San Diego,6/2/2020,297,72,369
Merced,6/2/2020,4,2,6
Contra Costa,6/2/2020,15,41,56
El Dorado,6/2/2020,1,7,8
Tuolumne,6/2/2020,0,0,0
Lake,6/2/2020,1,1,2
Nevada,6/2/2020,0,1,1
Calaveras,6/2/2020,1,0,1
Siskiyou,6/2/2020,0,3,3
San Benito,6/2/2020,0,0,0
Yolo,6/2/2020,0,0,0
Mono,6/2/2020,0,0,0
San Bernardino,6/2/2020,156,70,226
San Francisco,6/2/2020,43,28,71
Amador,6/2/2020,0,0,0
Colusa,6/2/2020,0,1,1
Fresno,6/2/2020,64,37,101
Santa Barbara,6/2/2020,25,3,28
Napa,6/2/2020,0,2,2
Ventura,6/2/2020,25,21,46
Shasta,6/2/2020,1,0,1
Orange,6/2/2020,306,92,398
San Joaquin,6/2/2020,25,27,52
Stanislaus,6/2/2020,25,11,36
Monterey,6/2/2020,12,0,12
Butte,6/3/2020,4,0,4
San Francisco,6/3/2020,37,34,71
Placer,6/3/2020,11,23,34
Napa,6/3/2020,0,2,2
San Benito,6/3/2020,0,0,0
Imperial,6/3/2020,69,4,73
Santa Barbara,6/3/2020,21,4,25
Marin,6/3/2020,1,10,11
Monterey,6/3/2020,12,0,12
Tuolumne,6/3/2020,0,0,0
Sutter,6/3/2020,0,0,0
Amador,6/3/2020,0,0,0
Sacramento,6/3/2020,19,33,52
San Mateo,6/3/2020,43,23,66
Contra Costa,6/3/2020,15,52,67
Stanislaus,6/3/2020,27,14,41
Santa Cruz,6/3/2020,2,1,3
Orange,6/3/2020,296,80,376
Riverside,6/3/2020,221,101,322
Colusa,6/3/2020,0,0,0
Yuba,6/3/2020,2,0,2
Mono,6/3/2020,0,0,0
Yolo,6/3/2020,0,0,0
San Luis Obispo,6/3/2020,2,1,3
Tehama,6/3/2020,0,0,0
Inyo,6/3/2020,0,0,0
Calaveras,6/3/2020,1,0,1
El Dorado,6/3/2020,1,6,7
Lassen,6/3/2020,0,1,1
Del Norte,6/3/2020,0,0,0
Siskiyou,6/3/2020,0,1,1
Ventura,6/3/2020,24,19,43
San Joaquin,6/3/2020,28,32,60
Alameda,6/3/2020,89,80,169
Madera,6/3/2020,0,0,0
Santa Clara,6/3/2020,30,27,57
Nevada,6/3/2020,0,0,0
Solano,6/3/2020,10,13,23
Mendocino,6/3/2020,1,0,1
Kern,6/3/2020,66,9,75
Kings,6/3/2020,32,0,32
Tulare,6/3/2020,37,2,39
Trinity,6/3/2020,0,2,2
San Bernardino,6/3/2020,157,75,232
Humboldt,6/3/2020,1,5,6
Glenn,6/3/2020,0,0,0
Los Angeles,6/3/2020,1488,502,1990
Modoc,6/3/2020,0,0,0
Sonoma,6/3/2020,3,76,79
San Diego,6/3/2020,295,75,370
Shasta,6/3/2020,1,0,1
Fresno,6/3/2020,59,38,97
Merced,6/3/2020,3,1,4
Lake,6/3/2020,1,0,1
Mariposa,6/3/2020,0,0,0
Plumas,6/3/2020,0,0,0
Monterey,6/4/2020,13,1,14
Mendocino,6/4/2020,1,0,1
Modoc,6/4/2020,0,0,0
Kings,6/4/2020,33,0,33
Tehama,6/4/2020,0,0,0
Los Angeles,6/4/2020,1462,586,2048
Merced,6/4/2020,3,4,7
Contra Costa,6/4/2020,18,70,88
Mariposa,6/4/2020,0,0,0
Yuba,6/4/2020,3,0,3
Del Norte,6/4/2020,0,0,0
Marin,6/4/2020,2,8,10
Imperial,6/4/2020,74,3,77
El Dorado,6/4/2020,1,5,6
Mono,6/4/2020,0,0,0
Amador,6/4/2020,0,0,0
Tuolumne,6/4/2020,1,0,1
Lake,6/4/2020,2,2,4
Inyo,6/4/2020,0,0,0
Yolo,6/4/2020,0,0,0
San Benito,6/4/2020,0,0,0
Santa Cruz,6/4/2020,2,3,5
Butte,6/4/2020,4,0,4
Shasta,6/4/2020,2,0,2
Lassen,6/4/2020,0,1,1
San Diego,6/4/2020,297,82,379
Calaveras,6/4/2020,0,0,0
San Luis Obispo,6/4/2020,2,0,2
Alameda,6/4/2020,82,92,174
San Mateo,6/4/2020,35,18,53
Napa,6/4/2020,0,3,3
Sacramento,6/4/2020,28,33,61
Riverside,6/4/2020,226,91,317
Santa Clara,6/4/2020,37,38,75
San Bernardino,6/4/2020,168,70,238
Ventura,6/4/2020,27,23,50
Nevada,6/4/2020,0,0,0
Humboldt,6/4/2020,0,2,2
Trinity,6/4/2020,0,1,1
Sonoma,6/4/2020,4,54,58
Madera,6/4/2020,1,1,2
Sutter,6/4/2020,0,0,0
Placer,6/4/2020,11,35,46
Fresno,6/4/2020,66,35,101
Santa Barbara,6/4/2020,28,10,38
Solano,6/4/2020,10,21,31
Glenn,6/4/2020,0,0,0
San Francisco,6/4/2020,41,21,62
Tulare,6/4/2020,39,2,41
Siskiyou,6/4/2020,0,1,1
Colusa,6/4/2020,0,0,0
Stanislaus,6/4/2020,29,16,45
Kern,6/4/2020,62,14,76
Plumas,6/4/2020,0,0,0
Orange,6/4/2020,300,110,410
San Joaquin,6/4/2020,28,27,55
Sutter,6/5/2020,0,0,0
Glenn,6/5/2020,0,0,0
Lassen,6/5/2020,0,0,0
San Bernardino,6/5/2020,180,63,243
Marin,6/5/2020,2,9,11
Sacramento,6/5/2020,35,37,72
Lake,6/5/2020,1,0,1
Madera,6/5/2020,3,2,5
Tuolumne,6/5/2020,1,0,1
Kings,6/5/2020,31,0,31
Nevada,6/5/2020,0,2,2
San Benito,6/5/2020,0,0,0
Plumas,6/5/2020,0,0,0
Mendocino,6/5/2020,1,0,1
Imperial,6/5/2020,79,3,82
San Francisco,6/5/2020,42,22,64
Del Norte,6/5/2020,0,0,0
Modoc,6/5/2020,0,0,0
Calaveras,6/5/2020,0,0,0
Santa Clara,6/5/2020,43,32,75
Stanislaus,6/5/2020,25,14,39
Riverside,6/5/2020,228,98,326
El Dorado,6/5/2020,2,3,5
Placer,6/5/2020,11,21,32
San Luis Obispo,6/5/2020,3,3,6
San Diego,6/5/2020,299,69,368
Yolo,6/5/2020,0,0,0
Mariposa,6/5/2020,0,0,0
Fresno,6/5/2020,67,30,97
Humboldt,6/5/2020,0,1,1
Shasta,6/5/2020,0,0,0
Monterey,6/5/2020,14,1,15
Contra Costa,6/5/2020,17,46,63
Alameda,6/5/2020,82,68,150
Ventura,6/5/2020,29,21,50
Merced,6/5/2020,4,1,5
Tulare,6/5/2020,39,2,41
Orange,6/5/2020,315,80,395
Tehama,6/5/2020,0,0,0
Napa,6/5/2020,1,2,3
Yuba,6/5/2020,3,0,3
Sonoma,6/5/2020,3,69,72
Santa Cruz,6/5/2020,2,3,5
Trinity,6/5/2020,0,0,0
Santa Barbara,6/5/2020,29,8,37
Siskiyou,6/5/2020,0,1,1
Butte,6/5/2020,2,0,2
Los Angeles,6/5/2020,1451,547,1998
Kern,6/5/2020,62,16,78
San Joaquin,6/5/2020,26,33,59
San Mateo,6/5/2020,36,18,54
Solano,6/5/2020,13,20,33
Colusa,6/5/2020,0,0,0
Inyo,6/5/2020,0,0,0
Amador,6/5/2020,0,0,0
Mono,6/5/2020,0,0,0
Lassen,6/6/2020,0,0,0
Monterey,6/6/2020,13,0,13
Merced,6/6/2020,5,0,5
Santa Barbara,6/6/2020,30,3,33
San Joaquin,6/6/2020,30,34,64
Butte,6/6/2020,1,0,1
Kings,6/6/2020,26,1,27
El Dorado,6/6/2020,1,4,5
Sutter,6/6/2020,0,0,0
Yolo,6/6/2020,0,0,0
Inyo,6/6/2020,0,0,0
San Luis Obispo,6/6/2020,3,4,7
Solano,6/6/2020,12,16,28
Mono,6/6/2020,0,0,0
Napa,6/6/2020,1,3,4
Sacramento,6/6/2020,33,28,61
Trinity,6/6/2020,0,0,0
Calaveras,6/6/2020,0,0,0
Tulare,6/6/2020,34,1,35
Imperial,6/6/2020,81,2,83
Orange,6/6/2020,309,67,376
Alameda,6/6/2020,83,72,155
Tuolumne,6/6/2020,0,0,0
Contra Costa,6/6/2020,18,43,61
Marin,6/6/2020,3,6,9
Amador,6/6/2020,0,0,0
Tehama,6/6/2020,0,0,0
San Bernardino,6/6/2020,195,59,254
Glenn,6/6/2020,0,0,0
Kern,6/6/2020,80,32,112
San Diego,6/6/2020,285,76,361
Yuba,6/6/2020,5,0,5
Ventura,6/6/2020,33,28,61
Shasta,6/6/2020,0,0,0
Sonoma,6/6/2020,4,71,75
Placer,6/6/2020,10,24,34
Lake,6/6/2020,1,1,2
Santa Clara,6/6/2020,41,32,73
Mariposa,6/6/2020,0,0,0
Madera,6/6/2020,5,3,8
San Benito,6/6/2020,0,0,0
Colusa,6/6/2020,0,0,0
San Mateo,6/6/2020,37,21,58
Plumas,6/6/2020,0,0,0
Los Angeles,6/6/2020,1399,582,1981
Riverside,6/6/2020,220,89,309
Siskiyou,6/6/2020,0,1,1
Nevada,6/6/2020,0,2,2
Del Norte,6/6/2020,0,0,0
Modoc,6/6/2020,0,0,0
Fresno,6/6/2020,70,41,111
Mendocino,6/6/2020,1,0,1
Humboldt,6/6/2020,1,5,6
Santa Cruz,6/6/2020,1,3,4
Stanislaus,6/6/2020,26,9,35
San Francisco,6/6/2020,41,24,65
Fresno,6/7/2020,69,31,100
Alameda,6/7/2020,92,74,166
El Dorado,6/7/2020,2,4,6
San Francisco,6/7/2020,34,14,48
Kern,6/7/2020,83,24,107
Humboldt,6/7/2020,1,4,5
Inyo,6/7/2020,0,0,0
Mendocino,6/7/2020,1,0,1
Colusa,6/7/2020,0,0,0
Napa,6/7/2020,1,2,3
San Luis Obispo,6/7/2020,3,2,5
Lassen,6/7/2020,0,0,0
Trinity,6/7/2020,0,0,0
Lake,6/7/2020,0,0,0
Solano,6/7/2020,13,17,30
Yuba,6/7/2020,5,0,5
Yolo,6/7/2020,0,2,2
Tehama,6/7/2020,0,0,0
Kings,6/7/2020,27,1,28
Butte,6/7/2020,1,0,1
San Bernardino,6/7/2020,164,57,221
San Benito,6/7/2020,0,0,0
San Joaquin,6/7/2020,39,24,63
Santa Cruz,6/7/2020,1,3,4
Tuolumne,6/7/2020,0,0,0
Siskiyou,6/7/2020,0,0,0
Riverside,6/7/2020,217,79,296
Mariposa,6/7/2020,0,0,0
Marin,6/7/2020,1,6,7
Del Norte,6/7/2020,0,1,1
Imperial,6/7/2020,87,1,88
Modoc,6/7/2020,0,0,0
Placer,6/7/2020,10,24,34
Merced,6/7/2020,5,2,7
Sutter,6/7/2020,0,0,0
Amador,6/7/2020,0,1,1
Mono,6/7/2020,0,0,0
Tulare,6/7/2020,28,0,28
Ventura,6/7/2020,39,32,71
Orange,6/7/2020,322,77,399
Monterey,6/7/2020,12,1,13
Plumas,6/7/2020,0,0,0
Nevada,6/7/2020,0,1,1
Glenn,6/7/2020,0,0,0
San Diego,6/7/2020,286,73,359
Madera,6/7/2020,5,6,11
Sonoma,6/7/2020,5,66,71
Calaveras,6/7/2020,0,1,1
San Mateo,6/7/2020,37,20,57
Stanislaus,6/7/2020,27,10,37
Los Angeles,6/7/2020,1453,558,2011
Sacramento,6/7/2020,33,26,59
Contra Costa,6/7/2020,23,44,67
Santa Barbara,6/7/2020,20,3,23
Santa Clara,6/7/2020,38,31,69
Shasta,6/7/2020,0,0,0
Santa Barbara,6/8/2020,22,6,28
Lassen,6/8/2020,0,0,0
Tehama,6/8/2020,0,0,0
Sutter,6/8/2020,0,0,0
Mariposa,6/8/2020,0,0,0
Glenn,6/8/2020,0,0,0
El Dorado,6/8/2020,1,5,6
Contra Costa,6/8/2020,20,35,55
Monterey,6/8/2020,12,0,12
Sonoma,6/8/2020,5,74,79
Butte,6/8/2020,4,0,4
Merced,6/8/2020,5,3,8
Trinity,6/8/2020,0,3,3
Madera,6/8/2020,5,4,9
Plumas,6/8/2020,0,0,0
Marin,6/8/2020,2,0,2
Fresno,6/8/2020,70,37,107
Humboldt,6/8/2020,1,6,7
Santa Clara,6/8/2020,44,17,61
Shasta,6/8/2020,1,0,1
Kings,6/8/2020,24,1,25
Amador,6/8/2020,0,0,0
San Benito,6/8/2020,0,0,0
Imperial,6/8/2020,85,2,87
Colusa,6/8/2020,0,1,1
Santa Cruz,6/8/2020,1,1,2
Stanislaus,6/8/2020,26,13,39
Mono,6/8/2020,0,0,0
San Bernardino,6/8/2020,197,54,251
Los Angeles,6/8/2020,1458,595,2053
Inyo,6/8/2020,1,0,1
Solano,6/8/2020,13,15,28
San Joaquin,6/8/2020,43,27,70
San Luis Obispo,6/8/2020,3,0,3
Nevada,6/8/2020,0,2,2
Calaveras,6/8/2020,0,0,0
Modoc,6/8/2020,0,0,0
Kern,6/8/2020,87,26,113
Napa,6/8/2020,1,6,7
Sacramento,6/8/2020,37,24,61
Riverside,6/8/2020,220,108,328
Orange,6/8/2020,327,64,391
Del Norte,6/8/2020,0,0,0
San Diego,6/8/2020,291,80,371
Siskiyou,6/8/2020,0,0,0
Lake,6/8/2020,0,0,0
Tulare,6/8/2020,34,2,36
Yolo,6/8/2020,0,1,1
Alameda,6/8/2020,92,60,152
Tuolumne,6/8/2020,0,0,0
Yuba,6/8/2020,5,0,5
San Mateo,6/8/2020,34,5,39
Placer,6/8/2020,11,11,22
Mendocino,6/8/2020,1,0,1
Ventura,6/8/2020,42,27,69
San Francisco,6/8/2020,32,11,43
Sacramento,6/9/2020,33,19,52
Tehama,6/9/2020,0,0,0
Amador,6/9/2020,0,0,0
San Bernardino,6/9/2020,205,71,276
Fresno,6/9/2020,68,36,104
Yuba,6/9/2020,4,0,4
Kings,6/9/2020,30,0,30
Merced,6/9/2020,4,0,4
San Diego,6/9/2020,299,74,373
Tulare,6/9/2020,36,8,44
Humboldt,6/9/2020,1,8,9
Los Angeles,6/9/2020,1416,695,2111
Kern,6/9/2020,83,22,105
Mariposa,6/9/2020,0,0,0
San Joaquin,6/9/2020,45,31,76
Shasta,6/9/2020,1,0,1
Santa Cruz,6/9/2020,1,3,4
Sonoma,6/9/2020,5,70,75
Plumas,6/9/2020,0,0,0
Orange,6/9/2020,315,69,384
Contra Costa,6/9/2020,21,40,61
Ventura,6/9/2020,42,45,87
Inyo,6/9/2020,1,0,1
San Benito,6/9/2020,0,0,0
Glenn,6/9/2020,1,0,1
San Mateo,6/9/2020,31,13,44
El Dorado,6/9/2020,0,3,3
Napa,6/9/2020,0,6,6
Del Norte,6/9/2020,0,0,0
Calaveras,6/9/2020,0,0,0
Riverside,6/9/2020,227,106,333
San Francisco,6/9/2020,37,12,49
Alameda,6/9/2020,94,52,146
Modoc,6/9/2020,0,0,0
Butte,6/9/2020,6,0,6
Santa Barbara,6/9/2020,25,7,32
Trinity,6/9/2020,0,2,2
Mono,6/9/2020,0,0,0
Stanislaus,6/9/2020,29,13,42
Sutter,6/9/2020,0,0,0
Yolo,6/9/2020,0,1,1
Madera,6/9/2020,6,5,11
Nevada,6/9/2020,0,3,3
Siskiyou,6/9/2020,0,1,1
Mendocino,6/9/2020,1,0,1
Santa Clara,6/9/2020,41,18,59
Placer,6/9/2020,10,12,22
Colusa,6/9/2020,0,0,0
Monterey,6/9/2020,13,0,13
Tuolumne,6/9/2020,0,0,0
Lassen,6/9/2020,0,0,0
Lake,6/9/2020,0,1,1
Imperial,6/9/2020,83,2,85
San Luis Obispo,6/9/2020,3,2,5
Solano,6/9/2020,17,25,42
Marin,6/9/2020,6,4,10
San Luis Obispo,6/10/2020,3,2,5
Kings,6/10/2020,30,1,31
Plumas,6/10/2020,0,0,0
Orange,6/10/2020,312,72,384
Humboldt,6/10/2020,1,14,15
Sacramento,6/10/2020,36,26,62
Mono,6/10/2020,0,0,0
Santa Cruz,6/10/2020,3,3,6
Stanislaus,6/10/2020,26,15,41
Alameda,6/10/2020,88,46,134
Monterey,6/10/2020,16,0,16
Mariposa,6/10/2020,0,0,0
Yuba,6/10/2020,5,1,6
El Dorado,6/10/2020,0,1,1
San Benito,6/10/2020,0,0,0
Butte,6/10/2020,7,23,30
San Diego,6/10/2020,286,76,362
Santa Barbara,6/10/2020,26,5,31
Merced,6/10/2020,3,4,7
Lake,6/10/2020,0,2,2
Lassen,6/10/2020,0,0,0
Madera,6/10/2020,6,5,11
Ventura,6/10/2020,44,56,100
Tehama,6/10/2020,0,0,0
Los Angeles,6/10/2020,1389,564,1953
San Bernardino,6/10/2020,171,76,247
Riverside,6/10/2020,232,101,333
Tulare,6/10/2020,38,5,43
Modoc,6/10/2020,0,0,0
Santa Clara,6/10/2020,40,22,62
Nevada,6/10/2020,0,2,2
Tuolumne,6/10/2020,0,1,1
Trinity,6/10/2020,0,1,1
Colusa,6/10/2020,0,0,0
Glenn,6/10/2020,1,0,1
Yolo,6/10/2020,0,0,0
Solano,6/10/2020,18,15,33
San Joaquin,6/10/2020,45,38,83
Marin,6/10/2020,8,3,11
Placer,6/10/2020,11,12,23
Amador,6/10/2020,0,0,0
San Mateo,6/10/2020,29,11,40
San Francisco,6/10/2020,39,11,50
Kern,6/10/2020,89,23,112
Calaveras,6/10/2020,0,0,0
Contra Costa,6/10/2020,20,23,43
Siskiyou,6/10/2020,0,0,0
Fresno,6/10/2020,67,35,102
Mendocino,6/10/2020,1,0,1
Imperial,6/10/2020,79,0,79
Del Norte,6/10/2020,0,0,0
Sutter,6/10/2020,0,0,0
Shasta,6/10/2020,1,0,1
Napa,6/10/2020,1,5,6
Inyo,6/10/2020,1,0,1
Sonoma,6/10/2020,5,57,62
Madera,6/11/2020,7,4,11
Monterey,6/11/2020,17,0,17
Lake,6/11/2020,0,0,0
Marin,6/11/2020,8,2,10
Kern,6/11/2020,90,19,109
San Francisco,6/11/2020,38,13,51
Mariposa,6/11/2020,0,0,0
San Luis Obispo,6/11/2020,2,3,5
Santa Clara,6/11/2020,39,18,57
Santa Cruz,6/11/2020,4,2,6
San Benito,6/11/2020,0,0,0
Solano,6/11/2020,19,12,31
Merced,6/11/2020,4,1,5
Amador,6/11/2020,0,0,0
Colusa,6/11/2020,0,0,0
Riverside,6/11/2020,238,68,306
Santa Barbara,6/11/2020,30,7,37
Nevada,6/11/2020,0,2,2
Sutter,6/11/2020,0,0,0
Trinity,6/11/2020,0,0,0
San Bernardino,6/11/2020,194,77,271
Tehama,6/11/2020,0,0,0
Plumas,6/11/2020,0,0,0
Inyo,6/11/2020,1,0,1
Mono,6/11/2020,0,1,1
Glenn,6/11/2020,1,0,1
Tuolumne,6/11/2020,0,0,0
Butte,6/11/2020,5,37,42
Imperial,6/11/2020,86,1,87
Contra Costa,6/11/2020,22,29,51
Tulare,6/11/2020,35,6,41
Yuba,6/11/2020,5,1,6
Siskiyou,6/11/2020,0,0,0
Shasta,6/11/2020,2,0,2
San Mateo,6/11/2020,26,7,33
Kings,6/11/2020,29,2,31
Alameda,6/11/2020,86,38,124
Napa,6/11/2020,0,3,3
Mendocino,6/11/2020,0,0,0
Sonoma,6/11/2020,4,23,27
Los Angeles,6/11/2020,1397,576,1973
Ventura,6/11/2020,43,47,90
San Joaquin,6/11/2020,42,25,67
Orange,6/11/2020,325,67,392
Yolo,6/11/2020,0,1,1
Del Norte,6/11/2020,0,1,1
Sacramento,6/11/2020,39,23,62
Placer,6/11/2020,10,8,18
Lassen,6/11/2020,0,0,0
Modoc,6/11/2020,0,0,0
Humboldt,6/11/2020,1,8,9
San Diego,6/11/2020,277,75,352
Calaveras,6/11/2020,0,0,0
Stanislaus,6/11/2020,29,18,47
Fresno,6/11/2020,67,32,99
El Dorado,6/11/2020,0,1,1
Butte,6/12/2020,5,0,5
Colusa,6/12/2020,0,0,0
Solano,6/12/2020,18,9,27
Imperial,6/12/2020,81,1,82
Calaveras,6/12/2020,0,0,0
Sonoma,6/12/2020,4,38,42
Marin,6/12/2020,8,3,11
Mono,6/12/2020,0,0,0
Humboldt,6/12/2020,1,13,14
Fresno,6/12/2020,69,33,102
Tulare,6/12/2020,12,13,25
Modoc,6/12/2020,0,0,0
Nevada,6/12/2020,0,0,0
Merced,6/12/2020,5,1,6
Mariposa,6/12/2020,0,0,0
Tuolumne,6/12/2020,0,0,0
Siskiyou,6/12/2020,0,1,1
San Joaquin,6/12/2020,49,19,68
San Francisco,6/12/2020,41,11,52
Kern,6/12/2020,96,15,111
Yolo,6/12/2020,0,0,0
Ventura,6/12/2020,46,63,109
Napa,6/12/2020,0,8,8
Madera,6/12/2020,5,4,9
Lake,6/12/2020,0,2,2
Stanislaus,6/12/2020,34,34,68
Monterey,6/12/2020,15,0,15
Placer,6/12/2020,7,8,15
Contra Costa,6/12/2020,22,20,42
Lassen,6/12/2020,0,0,0
Plumas,6/12/2020,0,0,0
Del Norte,6/12/2020,0,0,0
Mendocino,6/12/2020,0,0,0
San Diego,6/12/2020,275,41,316
Santa Barbara,6/12/2020,30,4,34
Trinity,6/12/2020,0,0,0
Alameda,6/12/2020,84,42,126
El Dorado,6/12/2020,0,3,3
San Luis Obispo,6/12/2020,2,3,5
Amador,6/12/2020,0,0,0
Tehama,6/12/2020,0,1,1
Yuba,6/12/2020,6,0,6
Sutter,6/12/2020,0,0,0
San Mateo,6/12/2020,22,10,32
Riverside,6/12/2020,236,83,319
Kings,6/12/2020,34,0,34
San Benito,6/12/2020,0,0,0
Inyo,6/12/2020,1,0,1
Santa Clara,6/12/2020,43,17,60
Sacramento,6/12/2020,35,32,67
Glenn,6/12/2020,1,0,1
San Bernardino,6/12/2020,205,78,283
Los Angeles,6/12/2020,1383,487,1870
Santa Cruz,6/12/2020,4,6,10
Orange,6/12/2020,311,117,428
Shasta,6/12/2020,1,0,1
San Mateo,6/13/2020,18,9,27
Yolo,6/13/2020,0,0,0
San Joaquin,6/13/2020,50,21,71
Sacramento,6/13/2020,28,23,51
Kings,6/13/2020,33,1,34
Santa Barbara,6/13/2020,36,6,42
Inyo,6/13/2020,1,0,1
El Dorado,6/13/2020,0,3,3
San Benito,6/13/2020,0,0,0
Fresno,6/13/2020,64,34,98
Marin,6/13/2020,10,2,12
Nevada,6/13/2020,0,0,0
Santa Cruz,6/13/2020,4,5,9
Ventura,6/13/2020,44,50,94
Solano,6/13/2020,17,5,22
Sonoma,6/13/2020,5,6,11
Lassen,6/13/2020,0,0,0
San Francisco,6/13/2020,41,9,50
Calaveras,6/13/2020,0,0,0
Modoc,6/13/2020,0,0,0
Riverside,6/13/2020,235,101,336
Del Norte,6/13/2020,0,0,0
Yuba,6/13/2020,6,0,6
San Luis Obispo,6/13/2020,2,6,8
Los Angeles,6/13/2020,1285,483,1768
Merced,6/13/2020,3,1,4
Stanislaus,6/13/2020,41,21,62
Tulare,6/13/2020,9,27,36
Plumas,6/13/2020,0,0,0
Mono,6/13/2020,0,0,0
Humboldt,6/13/2020,1,13,14
Sutter,6/13/2020,0,0,0
Orange,6/13/2020,336,70,406
San Diego,6/13/2020,284,58,342
Imperial,6/13/2020,78,8,86
Alameda,6/13/2020,87,27,114
Shasta,6/13/2020,1,0,1
Butte,6/13/2020,3,0,3
Amador,6/13/2020,0,0,0
Mariposa,6/13/2020,0,0,0
Colusa,6/13/2020,0,0,0
Contra Costa,6/13/2020,23,24,47
Lake,6/13/2020,0,1,1
Siskiyou,6/13/2020,0,1,1
Santa Clara,6/13/2020,35,14,49
Glenn,6/13/2020,1,0,1
Trinity,6/13/2020,0,1,1
Monterey,6/13/2020,15,3,18
Placer,6/13/2020,7,6,13
Kern,6/13/2020,79,28,107
Tehama,6/13/2020,0,0,0
Mendocino,6/13/2020,0,0,0
San Bernardino,6/13/2020,204,81,285
Tuolumne,6/13/2020,0,0,0
Madera,6/13/2020,6,2,8
Napa,6/13/2020,0,5,5
Marin,6/14/2020,9,2,11
Plumas,6/14/2020,0,0,0
Nevada,6/14/2020,0,1,1
San Joaquin,6/14/2020,49,25,74
Calaveras,6/14/2020,0,0,0
Yolo,6/14/2020,0,0,0
Butte,6/14/2020,3,0,3
Sacramento,6/14/2020,30,21,51
Alameda,6/14/2020,88,36,124
San Luis Obispo,6/14/2020,2,10,12
Imperial,6/14/2020,79,11,90
Trinity,6/14/2020,0,0,0
San Francisco,6/14/2020,40,9,49
Glenn,6/14/2020,1,0,1
Mono,6/14/2020,0,0,0
Monterey,6/14/2020,11,4,15
Mendocino,6/14/2020,0,0,0
Shasta,6/14/2020,0,0,0
Siskiyou,6/14/2020,0,1,1
Yuba,6/14/2020,7,0,7
Los Angeles,6/14/2020,1288,509,1797
San Mateo,6/14/2020,18,11,29
Lassen,6/14/2020,0,0,0
Kern,6/14/2020,81,22,103
Del Norte,6/14/2020,0,0,0
Napa,6/14/2020,2,1,3
Fresno,6/14/2020,58,35,93
Modoc,6/14/2020,0,0,0
Sutter,6/14/2020,0,0,0
Riverside,6/14/2020,228,92,320
Tehama,6/14/2020,0,0,0
San Diego,6/14/2020,282,84,366
Placer,6/14/2020,7,6,13
Lake,6/14/2020,0,1,1
Kings,6/14/2020,38,2,40
Inyo,6/14/2020,0,0,0
Colusa,6/14/2020,0,0,0
Ventura,6/14/2020,42,47,89
Merced,6/14/2020,3,1,4
Santa Barbara,6/14/2020,37,4,41
Santa Cruz,6/14/2020,3,6,9
Solano,6/14/2020,14,7,21
Santa Clara,6/14/2020,38,16,54
San Bernardino,6/14/2020,206,89,295
Amador,6/14/2020,0,0,0
El Dorado,6/14/2020,0,4,4
Stanislaus,6/14/2020,44,12,56
San Benito,6/14/2020,0,0,0
Madera,6/14/2020,5,0,5
Sonoma,6/14/2020,5,29,34
Tuolumne,6/14/2020,0,0,0
Mariposa,6/14/2020,0,0,0
Tulare,6/14/2020,38,2,40
Contra Costa,6/14/2020,26,16,42
Humboldt,6/14/2020,0,4,4
Orange,6/14/2020,321,100,421
San Bernardino,6/15/2020,221,74,295
Yuba,6/15/2020,6,0,6
Amador,6/15/2020,1,0,1
Sutter,6/15/2020,0,0,0
Glenn,6/15/2020,1,0,1
Sonoma,6/15/2020,6,30,36
Merced,6/15/2020,3,0,3
Santa Clara,6/15/2020,38,16,54
Kings,6/15/2020,38,1,39
San Francisco,6/15/2020,37,8,45
Tuolumne,6/15/2020,0,0,0
Madera,6/15/2020,5,2,7
Shasta,6/15/2020,0,0,0
Solano,6/15/2020,16,7,23
Contra Costa,6/15/2020,27,6,33
Trinity,6/15/2020,0,0,0
Fresno,6/15/2020,61,25,86
Tulare,6/15/2020,46,3,49
Santa Cruz,6/15/2020,2,3,5
Mariposa,6/15/2020,0,0,0
Siskiyou,6/15/2020,0,0,0
San Luis Obispo,6/15/2020,3,1,4
Butte,6/15/2020,3,2,5
Kern,6/15/2020,90,17,107
Colusa,6/15/2020,0,0,0
Napa,6/15/2020,5,1,6
Mono,6/15/2020,0,0,0
Del Norte,6/15/2020,0,0,0
El Dorado,6/15/2020,0,2,2
Tehama,6/15/2020,0,0,0
San Benito,6/15/2020,0,0,0
Calaveras,6/15/2020,0,0,0
Santa Barbara,6/15/2020,42,7,49
Inyo,6/15/2020,0,0,0
Los Angeles,6/15/2020,1420,536,1956
Alameda,6/15/2020,98,31,129
Orange,6/15/2020,346,79,425
Riverside,6/15/2020,237,98,335
Marin,6/15/2020,6,3,9
Ventura,6/15/2020,44,39,83
Yolo,6/15/2020,0,0,0
Imperial,6/15/2020,79,3,82
San Joaquin,6/15/2020,46,13,59
Lassen,6/15/2020,0,0,0
Nevada,6/15/2020,0,2,2
Stanislaus,6/15/2020,43,18,61
San Mateo,6/15/2020,17,5,22
Plumas,6/15/2020,0,0,0
Placer,6/15/2020,7,6,13
Monterey,6/15/2020,14,2,16
Modoc,6/15/2020,0,0,0
Mendocino,6/15/2020,0,1,1
Lake,6/15/2020,0,0,0
Humboldt,6/15/2020,0,5,5
Sacramento,6/15/2020,33,15,48
San Diego,6/15/2020,294,66,360
Modoc,6/16/2020,0,0,0
Nevada,6/16/2020,0,1,1
Fresno,6/16/2020,67,36,103
Madera,6/16/2020,5,3,8
Kings,6/16/2020,47,0,47
San Luis Obispo,6/16/2020,5,8,13
Mariposa,6/16/2020,0,0,0
San Benito,6/16/2020,0,0,0
Tuolumne,6/16/2020,0,0,0
Monterey,6/16/2020,13,4,17
Lassen,6/16/2020,0,0,0
Imperial,6/16/2020,83,2,85
Santa Clara,6/16/2020,32,16,48
Kern,6/16/2020,96,14,110
Del Norte,6/16/2020,0,0,0
El Dorado,6/16/2020,0,1,1
San Mateo,6/16/2020,17,11,28
Ventura,6/16/2020,47,45,92
San Joaquin,6/16/2020,47,14,61
Shasta,6/16/2020,0,0,0
Sonoma,6/16/2020,5,13,18
Calaveras,6/16/2020,0,0,0
Sacramento,6/16/2020,36,21,57
Contra Costa,6/16/2020,26,14,40
Solano,6/16/2020,17,8,25
Los Angeles,6/16/2020,1429,518,1947
San Francisco,6/16/2020,34,8,42
Mendocino,6/16/2020,0,0,0
Santa Barbara,6/16/2020,42,8,50
Tulare,6/16/2020,49,4,53
Marin,6/16/2020,6,3,9
Amador,6/16/2020,1,0,1
Plumas,6/16/2020,0,0,0
Placer,6/16/2020,8,10,18
San Bernardino,6/16/2020,229,64,293
Glenn,6/16/2020,1,0,1
Orange,6/16/2020,364,65,429
San Diego,6/16/2020,289,54,343
Yolo,6/16/2020,1,0,1
Merced,6/16/2020,6,2,8
Lake,6/16/2020,0,2,2
Santa Cruz,6/16/2020,3,1,4
Riverside,6/16/2020,257,84,341
Tehama,6/16/2020,0,0,0
Alameda,6/16/2020,95,38,133
Yuba,6/16/2020,6,0,6
Sutter,6/16/2020,0,0,0
Colusa,6/16/2020,0,1,1
Stanislaus,6/16/2020,50,14,64
Inyo,6/16/2020,0,0,0
Butte,6/16/2020,3,0,3
Napa,6/16/2020,4,6,10
Trinity,6/16/2020,0,0,0
Mono,6/16/2020,0,0,0
Humboldt,6/16/2020,1,7,8
Siskiyou,6/16/2020,0,1,1
Orange,6/17/2020,351,74,425
Madera,6/17/2020,4,3,7
Los Angeles,6/17/2020,1446,512,1958
Amador,6/17/2020,1,0,1
Marin,6/17/2020,7,1,8
Sacramento,6/17/2020,34,18,52
Plumas,6/17/2020,0,0,0
Kern,6/17/2020,99,24,123
Sonoma,6/17/2020,6,13,19
Tulare,6/17/2020,46,3,49
Butte,6/17/2020,3,0,3
Mendocino,6/17/2020,0,0,0
Fresno,6/17/2020,73,30,103
Santa Barbara,6/17/2020,38,10,48
Tuolumne,6/17/2020,0,0,0
Santa Cruz,6/17/2020,3,4,7
Ventura,6/17/2020,37,64,101
Merced,6/17/2020,6,4,10
Calaveras,6/17/2020,0,0,0
Yuba,6/17/2020,5,0,5
San Francisco,6/17/2020,35,9,44
Inyo,6/17/2020,0,0,0
Yolo,6/17/2020,2,0,2
San Luis Obispo,6/17/2020,4,3,7
Napa,6/17/2020,3,6,9
Glenn,6/17/2020,1,0,1
Tehama,6/17/2020,0,0,0
Lake,6/17/2020,0,1,1
Stanislaus,6/17/2020,49,25,74
El Dorado,6/17/2020,0,2,2
Santa Clara,6/17/2020,37,18,55
San Bernardino,6/17/2020,233,64,297
Sutter,6/17/2020,0,0,0
Solano,6/17/2020,13,6,19
Del Norte,6/17/2020,0,0,0
San Benito,6/17/2020,0,0,0
Mariposa,6/17/2020,0,0,0
Riverside,6/17/2020,285,94,379
Colusa,6/17/2020,0,0,0
Humboldt,6/17/2020,0,3,3
Contra Costa,6/17/2020,23,9,32
Modoc,6/17/2020,0,0,0
Lassen,6/17/2020,0,0,0
Imperial,6/17/2020,86,3,89
San Diego,6/17/2020,283,60,343
Monterey,6/17/2020,15,2,17
San Joaquin,6/17/2020,50,11,61
Siskiyou,6/17/2020,1,3,4
Trinity,6/17/2020,0,2,2
Placer,6/17/2020,6,10,16
Shasta,6/17/2020,0,0,0
Kings,6/17/2020,48,1,49
Mono,6/17/2020,0,0,0
Nevada,6/17/2020,2,0,2
Alameda,6/17/2020,90,47,137
San Mateo,6/17/2020,14,6,20
Madera,6/18/2020,10,6,16
San Diego,6/18/2020,288,63,351
San Luis Obispo,6/18/2020,6,2,8
Mariposa,6/18/2020,0,0,0
Contra Costa,6/18/2020,25,18,43
Solano,6/18/2020,18,11,29
Marin,6/18/2020,5,1,6
Kern,6/18/2020,89,14,103
Inyo,6/18/2020,0,0,0
Nevada,6/18/2020,2,1,3
Los Angeles,6/18/2020,1406,494,1900
Modoc,6/18/2020,0,0,0
Trinity,6/18/2020,0,2,2
Kings,6/18/2020,48,2,50
Imperial,6/18/2020,72,1,73
Placer,6/18/2020,12,7,19
Shasta,6/18/2020,1,0,1
Merced,6/18/2020,12,5,17
Glenn,6/18/2020,1,0,1
Tehama,6/18/2020,0,0,0
Tulare,6/18/2020,47,4,51
Napa,6/18/2020,4,3,7
Calaveras,6/18/2020,0,1,1
Siskiyou,6/18/2020,1,0,1
Yuba,6/18/2020,4,0,4
Tuolumne,6/18/2020,0,0,0
Fresno,6/18/2020,72,26,98
San Mateo,6/18/2020,15,9,24
San Benito,6/18/2020,0,0,0
Humboldt,6/18/2020,0,3,3
Riverside,6/18/2020,292,129,421
Santa Cruz,6/18/2020,2,2,4
San Joaquin,6/18/2020,56,20,76
Santa Clara,6/18/2020,38,11,49
Monterey,6/18/2020,20,1,21
Sonoma,6/18/2020,5,11,16
Del Norte,6/18/2020,0,0,0
San Bernardino,6/18/2020,253,60,313
Colusa,6/18/2020,0,0,0
Ventura,6/18/2020,40,37,77
San Francisco,6/18/2020,33,12,45
Butte,6/18/2020,4,0,4
Plumas,6/18/2020,0,0,0
Sacramento,6/18/2020,34,13,47
Stanislaus,6/18/2020,56,37,93
Orange,6/18/2020,335,87,422
Santa Barbara,6/18/2020,42,6,48
Alameda,6/18/2020,77,53,130
Sutter,6/18/2020,0,0,0
Mono,6/18/2020,0,0,0
Lassen,6/18/2020,0,0,0
Lake,6/18/2020,0,2,2
Mendocino,6/18/2020,0,0,0
Amador,6/18/2020,1,1,2
Yolo,6/18/2020,2,1,3
El Dorado,6/18/2020,0,3,3
Imperial,6/19/2020,80,0,80
Glenn,6/19/2020,0,0,0
Marin,6/19/2020,5,0,5
Placer,6/19/2020,11,11,22
Humboldt,6/19/2020,0,1,1
Tehama,6/19/2020,0,0,0
Colusa,6/19/2020,0,0,0
Solano,6/19/2020,17,7,24
Sonoma,6/19/2020,4,4,8
San Benito,6/19/2020,0,0,0
Tuolumne,6/19/2020,0,0,0
San Luis Obispo,6/19/2020,5,2,7
Napa,6/19/2020,3,8,11
Los Angeles,6/19/2020,1426,494,1920
Merced,6/19/2020,9,1,10
Sutter,6/19/2020,0,0,0
Mariposa,6/19/2020,0,0,0
San Bernardino,6/19/2020,261,57,318
Amador,6/19/2020,0,0,0
Kings,6/19/2020,49,1,50
Yuba,6/19/2020,4,0,4
El Dorado,6/19/2020,0,3,3
Fresno,6/19/2020,64,37,101
Riverside,6/19/2020,296,90,386
Sacramento,6/19/2020,37,17,54
Modoc,6/19/2020,0,0,0
Shasta,6/19/2020,1,0,1
Lassen,6/19/2020,0,0,0
Santa Cruz,6/19/2020,4,4,8
Mendocino,6/19/2020,1,3,4
Contra Costa,6/19/2020,30,11,41
Kern,6/19/2020,93,10,103
Nevada,6/19/2020,2,3,5
Siskiyou,6/19/2020,1,0,1
Butte,6/19/2020,4,1,5
Del Norte,6/19/2020,0,0,0
Orange,6/19/2020,344,66,410
San Mateo,6/19/2020,15,5,20
Plumas,6/19/2020,0,0,0
San Diego,6/19/2020,294,65,359
San Joaquin,6/19/2020,59,15,74
Yolo,6/19/2020,2,0,2
Ventura,6/19/2020,43,38,81
Monterey,6/19/2020,18,1,19
Lake,6/19/2020,0,0,0
Trinity,6/19/2020,0,4,4
Inyo,6/19/2020,0,0,0
San Francisco,6/19/2020,30,9,39
Calaveras,6/19/2020,0,1,1
Stanislaus,6/19/2020,59,34,93
Tulare,6/19/2020,48,2,50
Madera,6/19/2020,10,1,11
Alameda,6/19/2020,80,57,137
Mono,6/19/2020,0,0,0
Santa Barbara,6/19/2020,46,4,50
Santa Clara,6/19/2020,39,21,60
Inyo,6/20/2020,0,0,0
El Dorado,6/20/2020,0,2,2
Stanislaus,6/20/2020,67,30,97
Contra Costa,6/20/2020,34,17,51
Calaveras,6/20/2020,1,1,2
Orange,6/20/2020,363,83,446
Modoc,6/20/2020,0,0,0
Fresno,6/20/2020,71,44,115
San Benito,6/20/2020,0,0,0
San Diego,6/20/2020,280,50,330
Sonoma,6/20/2020,5,0,5
Riverside,6/20/2020,297,69,366
San Mateo,6/20/2020,15,6,21
Del Norte,6/20/2020,0,0,0
Mendocino,6/20/2020,0,0,0
Los Angeles,6/20/2020,1453,516,1969
Santa Barbara,6/20/2020,52,5,57
Napa,6/20/2020,2,8,10
Kern,6/20/2020,103,13,116
Shasta,6/20/2020,1,0,1
Lassen,6/20/2020,0,0,0
Trinity,6/20/2020,0,4,4
Tuolumne,6/20/2020,0,0,0
Humboldt,6/20/2020,0,1,1
Lake,6/20/2020,0,0,0
Glenn,6/20/2020,0,0,0
Sutter,6/20/2020,0,0,0
Colusa,6/20/2020,0,0,0
Alameda,6/20/2020,77,44,121
Tulare,6/20/2020,47,2,49
Merced,6/20/2020,9,1,10
Monterey,6/20/2020,19,0,19
Marin,6/20/2020,5,0,5
San Luis Obispo,6/20/2020,5,4,9
Mariposa,6/20/2020,0,0,0
Mono,6/20/2020,0,0,0
Imperial,6/20/2020,89,0,89
Yuba,6/20/2020,3,0,3
Amador,6/20/2020,0,0,0
Plumas,6/20/2020,0,0,0
Yolo,6/20/2020,3,0,3
Placer,6/20/2020,10,11,21
San Joaquin,6/20/2020,67,20,87
Santa Cruz,6/20/2020,4,3,7
Sacramento,6/20/2020,39,14,53
Butte,6/20/2020,3,0,3
Ventura,6/20/2020,47,26,73
San Bernardino,6/20/2020,252,78,330
Siskiyou,6/20/2020,1,0,1
San Francisco,6/20/2020,32,24,56
Santa Clara,6/20/2020,41,14,55
Madera,6/20/2020,8,2,10
Kings,6/20/2020,44,0,44
Solano,6/20/2020,22,10,32
Tehama,6/20/2020,0,0,0
Nevada,6/20/2020,3,3,6
Lake,6/21/2020,0,1,1
Fresno,6/21/2020,73,31,104
Alameda,6/21/2020,76,43,119
Kern,6/21/2020,108,17,125
Mariposa,6/21/2020,0,0,0
San Diego,6/21/2020,277,49,326
Imperial,6/21/2020,95,0,95
Orange,6/21/2020,361,85,446
Plumas,6/21/2020,0,0,0
Inyo,6/21/2020,0,0,0
San Joaquin,6/21/2020,81,21,102
Trinity,6/21/2020,0,3,3
San Mateo,6/21/2020,18,9,27
San Francisco,6/21/2020,37,7,44
Yuba,6/21/2020,3,0,3
Sonoma,6/21/2020,4,3,7
Humboldt,6/21/2020,0,1,1
Solano,6/21/2020,20,9,29
Santa Cruz,6/21/2020,5,4,9
Sacramento,6/21/2020,46,15,61
Los Angeles,6/21/2020,1515,486,2001
Glenn,6/21/2020,0,0,0
Lassen,6/21/2020,0,0,0
San Bernardino,6/21/2020,270,74,344
El Dorado,6/21/2020,0,2,2
Sutter,6/21/2020,0,0,0
Santa Barbara,6/21/2020,46,8,54
San Benito,6/21/2020,0,0,0
Napa,6/21/2020,5,3,8
Nevada,6/21/2020,3,4,7
Tuolumne,6/21/2020,0,0,0
Placer,6/21/2020,11,9,20
San Luis Obispo,6/21/2020,4,2,6
Amador,6/21/2020,0,1,1
Ventura,6/21/2020,51,37,88
Del Norte,6/21/2020,0,0,0
Santa Clara,6/21/2020,40,21,61
Tehama,6/21/2020,0,0,0
Riverside,6/21/2020,299,106,405
Monterey,6/21/2020,18,0,18
Marin,6/21/2020,9,2,11
Yolo,6/21/2020,3,1,4
Mono,6/21/2020,0,0,0
Colusa,6/21/2020,0,1,1
Contra Costa,6/21/2020,35,16,51
Mendocino,6/21/2020,0,0,0
Shasta,6/21/2020,2,1,3
Madera,6/21/2020,7,0,7
Merced,6/21/2020,9,3,12
Stanislaus,6/21/2020,70,21,91
Calaveras,6/21/2020,0,1,1
Tulare,6/21/2020,49,5,54
Siskiyou,6/21/2020,1,0,1
Kings,6/21/2020,45,0,45
Butte,6/21/2020,6,0,6
Modoc,6/21/2020,0,0,0
Kern,6/22/2020,115,14,129
San Joaquin,6/22/2020,91,50,141
Butte,6/22/2020,6,3,9
Siskiyou,6/22/2020,1,0,1
Nevada,6/22/2020,3,3,6
Inyo,6/22/2020,0,0,0
Del Norte,6/22/2020,0,0,0
Yolo,6/22/2020,1,0,1
Monterey,6/22/2020,20,1,21
Plumas,6/22/2020,0,0,0
Lassen,6/22/2020,0,0,0
Trinity,6/22/2020,0,2,2
Mono,6/22/2020,0,0,0
Mendocino,6/22/2020,0,0,0
San Diego,6/22/2020,286,60,346
Santa Cruz,6/22/2020,6,4,10
San Luis Obispo,6/22/2020,4,3,7
Contra Costa,6/22/2020,32,19,51
Glenn,6/22/2020,0,0,0
San Bernardino,6/22/2020,301,84,385
Sonoma,6/22/2020,6,1,7
San Benito,6/22/2020,0,0,0
Fresno,6/22/2020,83,39,122
Amador,6/22/2020,0,0,0
Napa,6/22/2020,5,5,10
Sacramento,6/22/2020,46,8,54
Tuolumne,6/22/2020,0,0,0
Solano,6/22/2020,19,7,26
Tehama,6/22/2020,0,0,0
Placer,6/22/2020,11,9,20
Imperial,6/22/2020,95,0,95
Santa Clara,6/22/2020,48,16,64
Tulare,6/22/2020,53,4,57
Alameda,6/22/2020,78,34,112
Yuba,6/22/2020,4,0,4
Madera,6/22/2020,6,1,7
Lake,6/22/2020,0,0,0
Humboldt,6/22/2020,0,1,1
Stanislaus,6/22/2020,73,19,92
Santa Barbara,6/22/2020,51,7,58
Calaveras,6/22/2020,0,0,0
Shasta,6/22/2020,2,0,2
Kings,6/22/2020,47,0,47
Los Angeles,6/22/2020,1556,534,2090
Sutter,6/22/2020,0,0,0
Orange,6/22/2020,376,90,466
Merced,6/22/2020,7,2,9
Modoc,6/22/2020,0,0,0
El Dorado,6/22/2020,1,0,1
Ventura,6/22/2020,49,56,105
Marin,6/22/2020,11,2,13
San Francisco,6/22/2020,40,7,47
San Mateo,6/22/2020,19,4,23
Riverside,6/22/2020,316,107,423
Mariposa,6/22/2020,0,0,0
Colusa,6/22/2020,0,1,1
Mono,6/23/2020,0,0,0
San Diego,6/23/2020,312,58,370
Ventura,6/23/2020,54,40,94
Madera,6/23/2020,7,0,7
Del Norte,6/23/2020,1,0,1
Fresno,6/23/2020,91,48,139
Glenn,6/23/2020,0,0,0
Tehama,6/23/2020,0,0,0
Alameda,6/23/2020,86,42,128
Siskiyou,6/23/2020,1,0,1
Sacramento,6/23/2020,50,15,65
Los Angeles,6/23/2020,1633,626,2259
Kings,6/23/2020,51,0,51
Mariposa,6/23/2020,0,0,0
San Luis Obispo,6/23/2020,5,2,7
Solano,6/23/2020,23,3,26
Marin,6/23/2020,12,2,14
Orange,6/23/2020,406,79,485
Placer,6/23/2020,10,3,13
Merced,6/23/2020,9,3,12
Modoc,6/23/2020,0,0,0
Plumas,6/23/2020,0,0,0
Amador,6/23/2020,0,0,0
Santa Cruz,6/23/2020,6,3,9
Lassen,6/23/2020,0,0,0
Monterey,6/23/2020,21,2,23
Tulare,6/23/2020,56,5,61
Contra Costa,6/23/2020,37,15,52
Santa Clara,6/23/2020,57,15,72
Butte,6/23/2020,7,0,7
Nevada,6/23/2020,3,2,5
El Dorado,6/23/2020,1,2,3
Tuolumne,6/23/2020,1,0,1
Sonoma,6/23/2020,9,5,14
San Francisco,6/23/2020,45,8,53
Colusa,6/23/2020,0,1,1
Santa Barbara,6/23/2020,53,8,61
Yolo,6/23/2020,1,0,1
Kern,6/23/2020,118,15,133
Inyo,6/23/2020,0,0,0
San Mateo,6/23/2020,22,5,27
Stanislaus,6/23/2020,82,16,98
Trinity,6/23/2020,0,1,1
Napa,6/23/2020,7,7,14
Imperial,6/23/2020,93,0,93
San Joaquin,6/23/2020,89,20,109
San Benito,6/23/2020,0,0,0
Yuba,6/23/2020,6,1,7
Calaveras,6/23/2020,0,1,1
Humboldt,6/23/2020,1,1,2
San Bernardino,6/23/2020,311,130,441
Riverside,6/23/2020,315,119,434
Mendocino,6/23/2020,0,0,0
Lake,6/23/2020,0,1,1
Sutter,6/23/2020,0,0,0
Shasta,6/23/2020,3,0,3
Del Norte,6/24/2020,1,0,1
Marin,6/24/2020,14,2,16
Mono,6/24/2020,0,0,0
Lake,6/24/2020,0,1,1
Amador,6/24/2020,0,0,0
Sutter,6/24/2020,0,0,0
Tehama,6/24/2020,0,0,0
San Francisco,6/24/2020,46,9,55
Merced,6/24/2020,14,3,17
Napa,6/24/2020,6,1,7
Colusa,6/24/2020,1,0,1
Kern,6/24/2020,118,14,132
San Joaquin,6/24/2020,89,33,122
Calaveras,6/24/2020,0,0,0
Humboldt,6/24/2020,1,2,3
Santa Clara,6/24/2020,65,13,78
Glenn,6/24/2020,0,0,0
Monterey,6/24/2020,21,4,25
Riverside,6/24/2020,312,125,437
Santa Barbara,6/24/2020,54,3,57
Trinity,6/24/2020,0,2,2
Kings,6/24/2020,54,0,54
Shasta,6/24/2020,3,0,3
Modoc,6/24/2020,0,0,0
Inyo,6/24/2020,0,1,1
Stanislaus,6/24/2020,85,17,102
Imperial,6/24/2020,82,0,82
Placer,6/24/2020,8,8,16
Fresno,6/24/2020,93,46,139
Yolo,6/24/2020,5,0,5
Sonoma,6/24/2020,7,1,8
San Benito,6/24/2020,0,0,0
Tulare,6/24/2020,56,3,59
Siskiyou,6/24/2020,1,0,1
San Bernardino,6/24/2020,331,101,432
El Dorado,6/24/2020,1,0,1
Sacramento,6/24/2020,61,16,77
San Luis Obispo,6/24/2020,6,5,11
Mariposa,6/24/2020,0,0,0
Santa Cruz,6/24/2020,6,3,9
Nevada,6/24/2020,3,0,3
Lassen,6/24/2020,0,0,0
Ventura,6/24/2020,52,34,86
Madera,6/24/2020,9,4,13
Alameda,6/24/2020,89,41,130
Yuba,6/24/2020,5,0,5
San Mateo,6/24/2020,24,5,29
San Diego,6/24/2020,333,50,383
Los Angeles,6/24/2020,1676,607,2283
Mendocino,6/24/2020,0,0,0
Orange,6/24/2020,437,106,543
Butte,6/24/2020,6,1,7
Plumas,6/24/2020,0,0,0
Tuolumne,6/24/2020,0,0,0
Solano,6/24/2020,26,2,28
Contra Costa,6/24/2020,39,19,58
Alameda,6/25/2020,91,49,140
Tehama,6/25/2020,0,0,0
Sutter,6/25/2020,0,0,0
Shasta,6/25/2020,4,1,5
Marin,6/25/2020,14,2,16
Imperial,6/25/2020,76,1,77
Tulare,6/25/2020,55,4,59
Lake,6/25/2020,0,2,2
Lassen,6/25/2020,0,0,0
Kern,6/25/2020,123,14,137
Ventura,6/25/2020,60,38,98
Glenn,6/25/2020,0,0,0
Santa Cruz,6/25/2020,6,7,13
Sonoma,6/25/2020,7,4,11
Madera,6/25/2020,9,4,13
Del Norte,6/25/2020,1,0,1
Kings,6/25/2020,57,0,57
Inyo,6/25/2020,0,0,0
San Diego,6/25/2020,368,57,425
Fresno,6/25/2020,103,44,147
Siskiyou,6/25/2020,1,0,1
El Dorado,6/25/2020,1,0,1
Tuolumne,6/25/2020,1,0,1
Amador,6/25/2020,0,0,0
Monterey,6/25/2020,17,7,24
Contra Costa,6/25/2020,42,18,60
Butte,6/25/2020,6,0,6
Placer,6/25/2020,8,8,16
Solano,6/25/2020,25,4,29
Napa,6/25/2020,5,0,5
Calaveras,6/25/2020,1,1,2
San Francisco,6/25/2020,44,10,54
Orange,6/25/2020,451,95,546
Modoc,6/25/2020,0,0,0
San Joaquin,6/25/2020,101,36,137
San Luis Obispo,6/25/2020,7,1,8
Sacramento,6/25/2020,73,24,97
Santa Clara,6/25/2020,68,14,82
Yolo,6/25/2020,6,0,6
Santa Barbara,6/25/2020,55,4,59
Plumas,6/25/2020,0,0,0
San Benito,6/25/2020,0,0,0
Yuba,6/25/2020,6,0,6
Nevada,6/25/2020,3,1,4
San Mateo,6/25/2020,22,5,27
Mendocino,6/25/2020,0,0,0
Mono,6/25/2020,0,0,0
Riverside,6/25/2020,319,141,460
Colusa,6/25/2020,1,0,1
San Bernardino,6/25/2020,338,98,436
Humboldt,6/25/2020,1,2,3
Los Angeles,6/25/2020,1698,539,2237
Merced,6/25/2020,13,1,14
Trinity,6/25/2020,0,2,2
Stanislaus,6/25/2020,93,21,114
Mariposa,6/25/2020,0,0,0
Riverside,6/26/2020,339,135,474
Solano,6/26/2020,28,5,33
Nevada,6/26/2020,1,5,6
Ventura,6/26/2020,62,38,100
Amador,6/26/2020,0,0,0
San Bernardino,6/26/2020,349,97,446
San Luis Obispo,6/26/2020,7,1,8
Sutter,6/26/2020,0,0,0
Siskiyou,6/26/2020,0,0,0
Tehama,6/26/2020,0,0,0
Yuba,6/26/2020,5,1,6
Calaveras,6/26/2020,1,1,2
Monterey,6/26/2020,17,2,19
Kings,6/26/2020,58,0,58
Glenn,6/26/2020,0,1,1
Sacramento,6/26/2020,73,10,83
Merced,6/26/2020,15,0,15
Alameda,6/26/2020,92,41,133
San Francisco,6/26/2020,54,14,68
Mariposa,6/26/2020,0,0,0
Butte,6/26/2020,6,0,6
Mendocino,6/26/2020,0,0,0
Santa Clara,6/26/2020,66,16,82
Shasta,6/26/2020,5,1,6
Modoc,6/26/2020,0,1,1
Plumas,6/26/2020,0,0,0
Del Norte,6/26/2020,1,0,1
Inyo,6/26/2020,0,0,0
San Diego,6/26/2020,362,65,427
Orange,6/26/2020,467,93,560
Marin,6/26/2020,13,8,21
Stanislaus,6/26/2020,101,21,122
Lassen,6/26/2020,0,0,0
Trinity,6/26/2020,0,1,1
El Dorado,6/26/2020,1,0,1
Mono,6/26/2020,0,0,0
Contra Costa,6/26/2020,42,23,65
San Benito,6/26/2020,0,0,0
Imperial,6/26/2020,71,3,74
Tulare,6/26/2020,58,8,66
Placer,6/26/2020,8,5,13
Colusa,6/26/2020,1,0,1
Humboldt,6/26/2020,2,3,5
Kern,6/26/2020,136,11,147
Fresno,6/26/2020,107,50,157
Madera,6/26/2020,11,2,13
San Mateo,6/26/2020,20,1,21
Yolo,6/26/2020,6,0,6
Santa Cruz,6/26/2020,8,6,14
Lake,6/26/2020,0,1,1
Tuolumne,6/26/2020,1,0,1
Sonoma,6/26/2020,8,4,12
Los Angeles,6/26/2020,1717,579,2296
Santa Barbara,6/26/2020,53,6,59
Napa,6/26/2020,6,1,7
San Joaquin,6/26/2020,116,36,152
Santa Clara,6/27/2020,77,18,95
Trinity,6/27/2020,0,1,1
San Luis Obispo,6/27/2020,8,3,11
San Benito,6/27/2020,0,0,0
Yuba,6/27/2020,6,0,6
Del Norte,6/27/2020,1,0,1
Humboldt,6/27/2020,1,3,4
Shasta,6/27/2020,5,0,5
Sacramento,6/27/2020,77,17,94
Tehama,6/27/2020,0,0,0
San Bernardino,6/27/2020,353,79,432
San Francisco,6/27/2020,56,16,72
Merced,6/27/2020,15,0,15
Mendocino,6/27/2020,0,0,0
San Joaquin,6/27/2020,126,28,154
San Mateo,6/27/2020,23,4,27
Mono,6/27/2020,0,0,0
Solano,6/27/2020,31,5,36
Ventura,6/27/2020,65,41,106
Monterey,6/27/2020,19,2,21
Contra Costa,6/27/2020,38,25,63
Butte,6/27/2020,5,0,5
Santa Barbara,6/27/2020,60,5,65
Imperial,6/27/2020,77,2,79
Riverside,6/27/2020,340,145,485
Lake,6/27/2020,0,3,3
Placer,6/27/2020,11,3,14
Plumas,6/27/2020,0,0,0
Orange,6/27/2020,492,103,595
Lassen,6/27/2020,0,0,0
Siskiyou,6/27/2020,0,0,0
Sutter,6/27/2020,0,0,0
Kings,6/27/2020,54,1,55
Tuolumne,6/27/2020,1,1,2
Madera,6/27/2020,12,10,22
El Dorado,6/27/2020,1,1,2
Fresno,6/27/2020,111,53,164
Calaveras,6/27/2020,1,0,1
Yolo,6/27/2020,5,1,6
Santa Cruz,6/27/2020,9,6,15
Glenn,6/27/2020,0,1,1
Modoc,6/27/2020,0,0,0
Napa,6/27/2020,7,1,8
Nevada,6/27/2020,1,3,4
Amador,6/27/2020,0,0,0
Sonoma,6/27/2020,10,3,13
Marin,6/27/2020,12,2,14
Mariposa,6/27/2020,0,0,0
Colusa,6/27/2020,1,1,2
Tulare,6/27/2020,54,7,61
Los Angeles,6/27/2020,1710,606,2316
Stanislaus,6/27/2020,98,31,129
Kern,6/27/2020,142,34,176
Alameda,6/27/2020,99,40,139
Inyo,6/27/2020,0,0,0
San Diego,6/27/2020,363,74,437
Lassen,6/28/2020,0,0,0
Riverside,6/28/2020,367,115,482
Los Angeles,6/28/2020,1783,682,2465
San Luis Obispo,6/28/2020,8,2,10
Alameda,6/28/2020,102,39,141
Calaveras,6/28/2020,1,1,2
Kings,6/28/2020,53,1,54
Yuba,6/28/2020,7,0,7
El Dorado,6/28/2020,1,3,4
San Mateo,6/28/2020,27,5,32
Orange,6/28/2020,485,110,595
Placer,6/28/2020,13,5,18
Siskiyou,6/28/2020,0,0,0
Modoc,6/28/2020,0,0,0
Marin,6/28/2020,15,4,19
Lake,6/28/2020,2,0,2
Kern,6/28/2020,146,9,155
Nevada,6/28/2020,1,3,4
Yolo,6/28/2020,3,1,4
Shasta,6/28/2020,8,2,10
Ventura,6/28/2020,66,32,98
Santa Cruz,6/28/2020,9,10,19
Napa,6/28/2020,7,3,10
Colusa,6/28/2020,0,0,0
Santa Clara,6/28/2020,83,22,105
Tulare,6/28/2020,66,5,71
Madera,6/28/2020,9,7,16
Inyo,6/28/2020,0,0,0
Fresno,6/28/2020,118,48,166
Mariposa,6/28/2020,0,0,0
San Francisco,6/28/2020,59,10,69
San Bernardino,6/28/2020,376,83,459
Amador,6/28/2020,0,0,0
Stanislaus,6/28/2020,108,28,136
Sonoma,6/28/2020,11,1,12
Sutter,6/28/2020,0,0,0
Mendocino,6/28/2020,0,0,0
Merced,6/28/2020,19,0,19
Tehama,6/28/2020,0,0,0
San Diego,6/28/2020,373,85,458
Del Norte,6/28/2020,1,1,2
Contra Costa,6/28/2020,32,18,50
San Benito,6/28/2020,0,0,0
Solano,6/28/2020,30,5,35
Plumas,6/28/2020,0,0,0
Santa Barbara,6/28/2020,66,3,69
Humboldt,6/28/2020,1,3,4
Imperial,6/28/2020,72,2,74
Butte,6/28/2020,5,0,5
Trinity,6/28/2020,0,4,4
Sacramento,6/28/2020,87,19,106
San Joaquin,6/28/2020,129,31,160
Glenn,6/28/2020,0,1,1
Mono,6/28/2020,0,0,0
Tuolumne,6/28/2020,1,0,1
Monterey,6/28/2020,26,0,26
Orange,6/29/2020,510,114,624
Santa Clara,6/29/2020,87,18,105
Colusa,6/29/2020,0,0,0
San Benito,6/29/2020,0,0,0
Solano,6/29/2020,39,5,44
Inyo,6/29/2020,0,0,0
Tuolumne,6/29/2020,1,0,1
Riverside,6/29/2020,405,102,507
El Dorado,6/29/2020,1,1,2
Butte,6/29/2020,6,1,7
Tulare,6/29/2020,74,6,80
Lake,6/29/2020,2,0,2
Los Angeles,6/29/2020,1889,622,2511
Madera,6/29/2020,9,6,15
Merced,6/29/2020,16,2,18
Marin,6/29/2020,25,4,29
Sacramento,6/29/2020,98,32,130
Santa Cruz,6/29/2020,10,6,16
Amador,6/29/2020,1,0,1
Calaveras,6/29/2020,1,1,2
Santa Barbara,6/29/2020,62,8,70
Monterey,6/29/2020,33,2,35
Ventura,6/29/2020,74,37,111
Siskiyou,6/29/2020,0,0,0
Nevada,6/29/2020,3,4,7
Fresno,6/29/2020,116,54,170
Glenn,6/29/2020,0,0,0
San Luis Obispo,6/29/2020,9,6,15
Imperial,6/29/2020,70,2,72
San Francisco,6/29/2020,63,16,79
Lassen,6/29/2020,0,0,0
Stanislaus,6/29/2020,113,29,142
Yolo,6/29/2020,3,1,4
Sonoma,6/29/2020,11,1,12
Del Norte,6/29/2020,1,0,1
Kern,6/29/2020,151,9,160
San Mateo,6/29/2020,33,8,41
Trinity,6/29/2020,0,5,5
Kings,6/29/2020,55,1,56
Tehama,6/29/2020,0,0,0
Sutter,6/29/2020,0,0,0
San Diego,6/29/2020,395,98,493
Mendocino,6/29/2020,0,0,0
Humboldt,6/29/2020,0,3,3
Yuba,6/29/2020,8,0,8
Mariposa,6/29/2020,0,0,0
Modoc,6/29/2020,0,0,0
Alameda,6/29/2020,111,35,146
Plumas,6/29/2020,0,0,0
Contra Costa,6/29/2020,37,24,61
Placer,6/29/2020,13,9,22
Napa,6/29/2020,7,3,10
Mono,6/29/2020,0,0,0
Shasta,6/29/2020,9,3,12
San Bernardino,6/29/2020,393,85,478
San Joaquin,6/29/2020,133,26,159
Santa Barbara,6/30/2020,64,6,70
Los Angeles,6/30/2020,1893,645,2538
Lassen,6/30/2020,0,0,0
Imperial,6/30/2020,72,2,74
Calaveras,6/30/2020,1,2,3
Mariposa,6/30/2020,0,0,0
Mono,6/30/2020,0,0,0
Tuolumne,6/30/2020,1,0,1
Colusa,6/30/2020,1,2,3
San Francisco,6/30/2020,68,12,80
El Dorado,6/30/2020,3,1,4
Madera,6/30/2020,8,2,10
Sonoma,6/30/2020,11,4,15
Del Norte,6/30/2020,1,0,1
San Luis Obispo,6/30/2020,9,3,12
Alameda,6/30/2020,116,41,157
Lake,6/30/2020,3,2,5
Siskiyou,6/30/2020,0,0,0
Modoc,6/30/2020,0,0,0
Yuba,6/30/2020,5,0,5
Shasta,6/30/2020,10,2,12
Inyo,6/30/2020,0,0,0
Riverside,6/30/2020,419,112,531
Orange,6/30/2020,542,120,662
Tehama,6/30/2020,0,0,0
Sacramento,6/30/2020,106,21,127
Mendocino,6/30/2020,0,0,0
Solano,6/30/2020,41,5,46
Kern,6/30/2020,163,12,175
Plumas,6/30/2020,0,0,0
Kings,6/30/2020,41,0,41
San Bernardino,6/30/2020,406,85,491
Nevada,6/30/2020,4,3,7
Sutter,6/30/2020,0,0,0
Monterey,6/30/2020,36,5,41
Fresno,6/30/2020,129,42,171
San Mateo,6/30/2020,40,7,47
Amador,6/30/2020,1,1,2
Placer,6/30/2020,13,11,24
San Joaquin,6/30/2020,140,56,196
Stanislaus,6/30/2020,118,52,170
Santa Cruz,6/30/2020,10,6,16
Tulare,6/30/2020,73,6,79
Contra Costa,6/30/2020,41,20,61
Merced,6/30/2020,15,1,16
Butte,6/30/2020,6,0,6
San Benito,6/30/2020,1,0,1
Napa,6/30/2020,7,2,9
Glenn,6/30/2020,0,0,0
San Diego,6/30/2020,391,62,453
Yolo,6/30/2020,4,1,5
Humboldt,6/30/2020,1,3,4
Trinity,6/30/2020,0,0,0
Santa Clara,6/30/2020,81,12,93
Ventura,6/30/2020,76,43,119
Marin,6/30/2020,25,4,29
Sacramento,7/1/2020,109,27,136
Imperial,7/1/2020,79,2,81
Madera,7/1/2020,15,7,22
Marin,7/1/2020,30,2,32
Alameda,7/1/2020,123,47,170
Siskiyou,7/1/2020,0,0,0
Riverside,7/1/2020,431,116,547
Placer,7/1/2020,13,20,33
San Diego,7/1/2020,398,64,462
Tulare,7/1/2020,78,5,83
Contra Costa,7/1/2020,50,21,71
San Joaquin,7/1/2020,128,35,163
Merced,7/1/2020,17,9,26
Santa Barbara,7/1/2020,62,4,66
Santa Cruz,7/1/2020,10,0,10
Glenn,7/1/2020,0,0,0
San Bernardino,7/1/2020,428,88,516
Calaveras,7/1/2020,2,0,2
Tuolumne,7/1/2020,3,0,3
Napa,7/1/2020,7,1,8
Lassen,7/1/2020,0,0,0
Humboldt,7/1/2020,1,3,4
Kern,7/1/2020,164,14,178
Orange,7/1/2020,556,149,705
Amador,7/1/2020,1,1,2
Mendocino,7/1/2020,0,0,0
Mariposa,7/1/2020,0,0,0
Los Angeles,7/1/2020,1937,643,2580
Stanislaus,7/1/2020,121,61,182
Solano,7/1/2020,48,9,57
Del Norte,7/1/2020,1,0,1
Yolo,7/1/2020,4,1,5
Fresno,7/1/2020,125,24,149
Kings,7/1/2020,40,1,41
Ventura,7/1/2020,79,38,117
Inyo,7/1/2020,0,0,0
Tehama,7/1/2020,0,0,0
Plumas,7/1/2020,0,0,0
Santa Clara,7/1/2020,82,18,100
San Mateo,7/1/2020,45,10,55
San Francisco,7/1/2020,71,14,85
Monterey,7/1/2020,41,2,43
El Dorado,7/1/2020,5,1,6
Sutter,7/1/2020,0,0,0
Mono,7/1/2020,0,0,0
Modoc,7/1/2020,0,2,2
Lake,7/1/2020,3,0,3
Shasta,7/1/2020,7,1,8
Sonoma,7/1/2020,13,4,17
San Benito,7/1/2020,1,0,1
San Luis Obispo,7/1/2020,8,6,14
Nevada,7/1/2020,4,2,6
Trinity,7/1/2020,0,0,0
Butte,7/1/2020,7,2,9
Yuba,7/1/2020,8,1,9
Colusa,7/1/2020,0,2,2
San Francisco,7/2/2020,66,16,82
Lassen,7/2/2020,1,0,1
Placer,7/2/2020,17,22,39
El Dorado,7/2/2020,3,2,5
Tehama,7/2/2020,0,0,0
San Benito,7/2/2020,1,0,1
Mariposa,7/2/2020,0,0,0
Trinity,7/2/2020,0,0,0
Tuolumne,7/2/2020,4,0,4
San Joaquin,7/2/2020,151,42,193
Monterey,7/2/2020,36,1,37
Santa Cruz,7/2/2020,10,3,13
Sacramento,7/2/2020,128,21,149
Imperial,7/2/2020,86,3,89
Kings,7/2/2020,38,1,39
Mono,7/2/2020,0,0,0
Madera,7/2/2020,17,1,18
Stanislaus,7/2/2020,133,76,209
Amador,7/2/2020,1,0,1
San Bernardino,7/2/2020,438,91,529
Santa Barbara,7/2/2020,64,6,70
Orange,7/2/2020,584,132,716
Shasta,7/2/2020,7,1,8
Sutter,7/2/2020,0,0,0
Nevada,7/2/2020,5,1,6
Ventura,7/2/2020,80,42,122
Los Angeles,7/2/2020,1933,679,2612
Solano,7/2/2020,39,9,48
Napa,7/2/2020,7,2,9
Kern,7/2/2020,173,33,206
Riverside,7/2/2020,465,111,576
Humboldt,7/2/2020,1,0,1
Contra Costa,7/2/2020,56,20,76
Butte,7/2/2020,9,3,12
Yuba,7/2/2020,8,3,11
Inyo,7/2/2020,0,0,0
Siskiyou,7/2/2020,0,0,0
Marin,7/2/2020,27,3,30
Lake,7/2/2020,3,1,4
San Diego,7/2/2020,380,79,459
Mendocino,7/2/2020,0,0,0
Merced,7/2/2020,19,4,23
Yolo,7/2/2020,6,3,9
Fresno,7/2/2020,128,17,145
Santa Clara,7/2/2020,91,16,107
Calaveras,7/2/2020,0,3,3
Del Norte,7/2/2020,1,0,1
Tulare,7/2/2020,77,2,79
Sonoma,7/2/2020,12,3,15
Plumas,7/2/2020,0,0,0
Modoc,7/2/2020,0,0,0
Alameda,7/2/2020,141,52,193
San Luis Obispo,7/2/2020,8,7,15
Colusa,7/2/2020,0,2,2
Glenn,7/2/2020,0,1,1
San Mateo,7/2/2020,52,4,56
Fresno,7/3/2020,133,21,154
Santa Cruz,7/3/2020,11,6,17
Yolo,7/3/2020,7,2,9
Tuolumne,7/3/2020,1,0,1
Merced,7/3/2020,20,6,26
Madera,7/3/2020,10,9,19
Imperial,7/3/2020,83,2,85
Napa,7/3/2020,6,2,8
Marin,7/3/2020,28,3,31
Shasta,7/3/2020,8,1,9
Santa Barbara,7/3/2020,71,4,75
Mendocino,7/3/2020,0,0,0
Siskiyou,7/3/2020,0,0,0
Riverside,7/3/2020,472,99,571
San Luis Obispo,7/3/2020,8,3,11
Ventura,7/3/2020,85,38,123
San Benito,7/3/2020,1,0,1
San Mateo,7/3/2020,56,4,60
Butte,7/3/2020,7,2,9
Mariposa,7/3/2020,0,0,0
Tulare,7/3/2020,75,3,78
Plumas,7/3/2020,0,0,0
Lassen,7/3/2020,1,0,1
Santa Clara,7/3/2020,84,16,100
Mono,7/3/2020,0,0,0
San Joaquin,7/3/2020,165,41,206
Amador,7/3/2020,1,0,1
Kern,7/3/2020,189,14,203
Del Norte,7/3/2020,1,0,1
Humboldt,7/3/2020,1,0,1
Lake,7/3/2020,3,0,3
Sacramento,7/3/2020,129,15,144
Calaveras,7/3/2020,0,0,0
Monterey,7/3/2020,35,1,36
Solano,7/3/2020,38,9,47
Nevada,7/3/2020,4,1,5
Kings,7/3/2020,39,1,40
San Diego,7/3/2020,367,68,435
Glenn,7/3/2020,0,1,1
Sonoma,7/3/2020,15,3,18
Trinity,7/3/2020,0,0,0
San Bernardino,7/3/2020,451,88,539
Yuba,7/3/2020,9,1,10
Stanislaus,7/3/2020,137,73,210
Los Angeles,7/3/2020,1947,696,2643
Sutter,7/3/2020,0,0,0
Placer,7/3/2020,19,26,45
San Francisco,7/3/2020,70,15,85
Modoc,7/3/2020,0,0,0
Colusa,7/3/2020,0,0,0
Inyo,7/3/2020,0,0,0
Tehama,7/3/2020,0,0,0
Orange,7/3/2020,594,150,744
Contra Costa,7/3/2020,54,21,75
El Dorado,7/3/2020,3,1,4
Alameda,7/3/2020,157,51,208
Lassen,7/4/2020,1,0,1
Siskiyou,7/4/2020,0,0,0
Del Norte,7/4/2020,1,0,1
Sutter,7/4/2020,0,0,0
Merced,7/4/2020,23,1,24
Imperial,7/4/2020,87,4,91
Ventura,7/4/2020,82,22,104
Contra Costa,7/4/2020,59,22,81
Colusa,7/4/2020,0,0,0
Madera,7/4/2020,15,12,27
Mendocino,7/4/2020,0,1,1
Yolo,7/4/2020,9,0,9
Calaveras,7/4/2020,0,1,1
San Bernardino,7/4/2020,461,96,557
Santa Barbara,7/4/2020,69,7,76
Santa Clara,7/4/2020,83,18,101
Humboldt,7/4/2020,1,0,1
Tuolumne,7/4/2020,1,0,1
Mariposa,7/4/2020,0,0,0
Kings,7/4/2020,46,2,48
Alameda,7/4/2020,146,44,190
Orange,7/4/2020,624,148,772
Kern,7/4/2020,204,16,220
Lake,7/4/2020,3,1,4
Trinity,7/4/2020,0,0,0
Plumas,7/4/2020,0,0,0
Butte,7/4/2020,8,0,8
Tehama,7/4/2020,0,0,0
Stanislaus,7/4/2020,147,75,222
El Dorado,7/4/2020,2,2,4
Tulare,7/4/2020,78,2,80
Monterey,7/4/2020,38,1,39
Riverside,7/4/2020,485,115,600
Nevada,7/4/2020,5,2,7
Modoc,7/4/2020,0,0,0
Fresno,7/4/2020,139,23,162
Mono,7/4/2020,0,0,0
Solano,7/4/2020,38,7,45
San Benito,7/4/2020,1,0,1
San Joaquin,7/4/2020,155,39,194
Amador,7/4/2020,1,0,1
Placer,7/4/2020,19,27,46
Santa Cruz,7/4/2020,10,5,15
Los Angeles,7/4/2020,1921,653,2574
Sonoma,7/4/2020,18,8,26
Shasta,7/4/2020,8,1,9
Yuba,7/4/2020,10,2,12
San Francisco,7/4/2020,68,14,82
Inyo,7/4/2020,0,0,0
Napa,7/4/2020,6,1,7
San Mateo,7/4/2020,46,4,50
Glenn,7/4/2020,0,1,1
San Luis Obispo,7/4/2020,8,4,12
San Diego,7/4/2020,372,73,445
Marin,7/4/2020,29,1,30
Sacramento,7/4/2020,142,25,167
Calaveras,7/5/2020,0,2,2
Alameda,7/5/2020,146,37,183
Yolo,7/5/2020,7,1,8
El Dorado,7/5/2020,2,0,2
San Mateo,7/5/2020,45,8,53
Sutter,7/5/2020,0,0,0
Modoc,7/5/2020,0,0,0
Lake,7/5/2020,3,1,4
Santa Clara,7/5/2020,84,26,110
Mariposa,7/5/2020,0,0,0
Kings,7/5/2020,45,2,47
Contra Costa,7/5/2020,49,39,88
Tuolumne,7/5/2020,0,0,0
Trinity,7/5/2020,0,0,0
Placer,7/5/2020,22,19,41
Siskiyou,7/5/2020,0,1,1
Plumas,7/5/2020,0,0,0
Santa Cruz,7/5/2020,10,9,19
Santa Barbara,7/5/2020,67,6,73
Kern,7/5/2020,210,12,222
Amador,7/5/2020,1,0,1
Sacramento,7/5/2020,148,21,169
Lassen,7/5/2020,1,0,1
Solano,7/5/2020,39,8,47
Monterey,7/5/2020,38,2,40
Riverside,7/5/2020,498,116,614
San Bernardino,7/5/2020,484,81,565
Nevada,7/5/2020,4,5,9
Glenn,7/5/2020,0,1,1
Yuba,7/5/2020,14,2,16
Shasta,7/5/2020,6,1,7
San Benito,7/5/2020,0,0,0
Ventura,7/5/2020,77,26,103
Merced,7/5/2020,24,0,24
Colusa,7/5/2020,0,0,0
Marin,7/5/2020,32,8,40
San Joaquin,7/5/2020,158,30,188
Sonoma,7/5/2020,20,10,30
Humboldt,7/5/2020,1,1,2
Napa,7/5/2020,6,1,7
Stanislaus,7/5/2020,154,59,213
Madera,7/5/2020,17,4,21
Orange,7/5/2020,634,158,792
Los Angeles,7/5/2020,1969,676,2645
San Diego,7/5/2020,374,67,441
Imperial,7/5/2020,89,4,93
Mendocino,7/5/2020,0,0,0
Fresno,7/5/2020,140,23,163
Tulare,7/5/2020,78,2,80
San Luis Obispo,7/5/2020,10,7,17
Tehama,7/5/2020,0,0,0
Inyo,7/5/2020,0,1,1
Mono,7/5/2020,0,0,0
Butte,7/5/2020,10,0,10
San Francisco,7/5/2020,73,11,84
Del Norte,7/5/2020,1,0,1
Lake,7/6/2020,3,3,6
San Joaquin,7/6/2020,168,74,242
Tuolumne,7/6/2020,1,0,1
Riverside,7/6/2020,520,138,658
San Francisco,7/6/2020,68,12,80
Colusa,7/6/2020,0,0,0
Santa Barbara,7/6/2020,72,8,80
Los Angeles,7/6/2020,2004,666,2670
Sonoma,7/6/2020,22,11,33
Orange,7/6/2020,659,180,839
Madera,7/6/2020,26,6,32
San Luis Obispo,7/6/2020,11,2,13
San Benito,7/6/2020,0,0,0
Del Norte,7/6/2020,1,0,1
Inyo,7/6/2020,0,1,1
Tehama,7/6/2020,0,0,0
Contra Costa,7/6/2020,57,27,84
Plumas,7/6/2020,0,1,1
Santa Clara,7/6/2020,88,16,104
Yolo,7/6/2020,9,0,9
Kern,7/6/2020,211,12,223
Sutter,7/6/2020,0,0,0
Placer,7/6/2020,26,15,41
Mendocino,7/6/2020,0,0,0
Nevada,7/6/2020,3,3,6
Mono,7/6/2020,0,0,0
Yuba,7/6/2020,20,1,21
Imperial,7/6/2020,89,2,91
San Mateo,7/6/2020,48,7,55
Siskiyou,7/6/2020,0,0,0
Alameda,7/6/2020,142,45,187
Shasta,7/6/2020,5,1,6
Santa Cruz,7/6/2020,11,2,13
Merced,7/6/2020,22,2,24
Fresno,7/6/2020,148,14,162
Sacramento,7/6/2020,157,15,172
Solano,7/6/2020,38,5,43
El Dorado,7/6/2020,2,0,2
Monterey,7/6/2020,35,2,37
Ventura,7/6/2020,92,28,120
Marin,7/6/2020,34,5,39
Butte,7/6/2020,12,1,13
Calaveras,7/6/2020,0,3,3
Mariposa,7/6/2020,0,0,0
Tulare,7/6/2020,81,5,86
Amador,7/6/2020,1,0,1
Stanislaus,7/6/2020,160,46,206
Humboldt,7/6/2020,1,2,3
Napa,7/6/2020,7,0,7
Glenn,7/6/2020,0,1,1
Trinity,7/6/2020,0,0,0
San Bernardino,7/6/2020,501,73,574
San Diego,7/6/2020,384,72,456
Modoc,7/6/2020,0,0,0
Lassen,7/6/2020,1,0,1
Kings,7/6/2020,49,3,52
Trinity,7/7/2020,0,0,0
Tehama,7/7/2020,0,0,0
Los Angeles,7/7/2020,2037,792,2829
El Dorado,7/7/2020,2,1,3
Lake,7/7/2020,1,0,1
Alameda,7/7/2020,145,45,190
Modoc,7/7/2020,0,0,0
San Joaquin,7/7/2020,168,41,209
Fresno,7/7/2020,164,13,177
Mendocino,7/7/2020,0,0,0
Sutter,7/7/2020,0,0,0
Orange,7/7/2020,679,138,817
Del Norte,7/7/2020,1,0,1
Imperial,7/7/2020,93,0,93
Mariposa,7/7/2020,0,0,0
San Luis Obispo,7/7/2020,14,5,19
Plumas,7/7/2020,0,1,1
Tuolumne,7/7/2020,2,0,2
Stanislaus,7/7/2020,166,49,215
Placer,7/7/2020,27,28,55
Sacramento,7/7/2020,155,18,173
Santa Barbara,7/7/2020,80,9,89
Monterey,7/7/2020,37,2,39
Contra Costa,7/7/2020,55,31,86
San Francisco,7/7/2020,72,16,88
Solano,7/7/2020,36,8,44
Nevada,7/7/2020,1,1,2
Mono,7/7/2020,0,0,0
Colusa,7/7/2020,0,1,1
Kern,7/7/2020,203,20,223
Ventura,7/7/2020,87,29,116
Riverside,7/7/2020,508,143,651
San Benito,7/7/2020,1,0,1
Sonoma,7/7/2020,24,9,33
Humboldt,7/7/2020,1,2,3
Kings,7/7/2020,52,2,54
Lassen,7/7/2020,0,0,0
Shasta,7/7/2020,2,3,5
San Diego,7/7/2020,406,73,479
Yuba,7/7/2020,21,1,22
Marin,7/7/2020,36,8,44
Glenn,7/7/2020,0,1,1
San Bernardino,7/7/2020,511,68,579
Calaveras,7/7/2020,0,0,0
Yolo,7/7/2020,8,0,8
Napa,7/7/2020,7,1,8
San Mateo,7/7/2020,53,7,60
Santa Cruz,7/7/2020,13,3,16
Amador,7/7/2020,1,1,2
Santa Clara,7/7/2020,98,16,114
Siskiyou,7/7/2020,0,0,0
Merced,7/7/2020,21,2,23
Madera,7/7/2020,20,8,28
Tulare,7/7/2020,78,7,85
Butte,7/7/2020,14,1,15
Inyo,7/7/2020,0,1,1
Calaveras,7/8/2020,0,0,0
Plumas,7/8/2020,0,0,0
Santa Barbara,7/8/2020,75,11,86
Orange,7/8/2020,691,124,815
Trinity,7/8/2020,0,0,0
Sutter,7/8/2020,0,0,0
San Francisco,7/8/2020,73,15,88
Sonoma,7/8/2020,24,11,35
Tehama,7/8/2020,0,0,0
San Luis Obispo,7/8/2020,14,4,18
Butte,7/8/2020,13,1,14
Kern,7/8/2020,215,12,227
Marin,7/8/2020,33,10,43
Mono,7/8/2020,0,0,0
Lassen,7/8/2020,0,1,1
Imperial,7/8/2020,84,1,85
Placer,7/8/2020,28,28,56
Alameda,7/8/2020,140,48,188
Modoc,7/8/2020,0,0,0
Amador,7/8/2020,1,0,1
El Dorado,7/8/2020,3,0,3
Lake,7/8/2020,1,2,3
Sacramento,7/8/2020,152,25,177
Inyo,7/8/2020,0,1,1
Yolo,7/8/2020,11,0,11
Ventura,7/8/2020,85,26,111
Mendocino,7/8/2020,0,0,0
Tuolumne,7/8/2020,2,1,3
Santa Cruz,7/8/2020,13,5,18
Del Norte,7/8/2020,0,0,0
Shasta,7/8/2020,6,1,7
Mariposa,7/8/2020,0,0,0
Stanislaus,7/8/2020,170,45,215
Fresno,7/8/2020,172,34,206
San Mateo,7/8/2020,51,9,60
Tulare,7/8/2020,78,2,80
Merced,7/8/2020,19,3,22
Humboldt,7/8/2020,0,0,0
San Benito,7/8/2020,2,0,2
Siskiyou,7/8/2020,0,0,0
San Bernardino,7/8/2020,505,94,599
San Joaquin,7/8/2020,186,58,244
Monterey,7/8/2020,43,1,44
Colusa,7/8/2020,0,1,1
Santa Clara,7/8/2020,107,18,125
Madera,7/8/2020,27,6,33
Glenn,7/8/2020,0,1,1
Contra Costa,7/8/2020,68,39,107
Nevada,7/8/2020,1,1,2
Yuba,7/8/2020,20,0,20
San Diego,7/8/2020,407,76,483
Solano,7/8/2020,37,8,45
Riverside,7/8/2020,515,149,664
Los Angeles,7/8/2020,1995,822,2817
Napa,7/8/2020,8,0,8
Kings,7/8/2020,51,1,52
Modoc,7/9/2020,0,0,0
Orange,7/9/2020,672,128,800
Imperial,7/9/2020,77,0,77
Solano,7/9/2020,39,8,47
Alameda,7/9/2020,133,52,185
Napa,7/9/2020,9,0,9
Trinity,7/9/2020,0,0,0
Kings,7/9/2020,56,1,57
Kern,7/9/2020,217,10,227
Sutter,7/9/2020,0,0,0
Butte,7/9/2020,16,0,16
Marin,7/9/2020,32,6,38
Ventura,7/9/2020,81,22,103
Shasta,7/9/2020,5,1,6
San Bernardino,7/9/2020,522,78,600
Del Norte,7/9/2020,0,0,0
Amador,7/9/2020,1,0,1
Yolo,7/9/2020,15,0,15
Madera,7/9/2020,23,7,30
Calaveras,7/9/2020,0,0,0
Santa Cruz,7/9/2020,13,3,16
Tuolumne,7/9/2020,0,0,0
Santa Clara,7/9/2020,112,23,135
Tulare,7/9/2020,72,2,74
Los Angeles,7/9/2020,2032,817,2849
San Joaquin,7/9/2020,189,55,244
Sonoma,7/9/2020,25,5,30
Colusa,7/9/2020,0,0,0
San Francisco,7/9/2020,76,18,94
San Mateo,7/9/2020,47,11,58
Santa Barbara,7/9/2020,73,9,82
Contra Costa,7/9/2020,77,35,112
Placer,7/9/2020,27,21,48
Glenn,7/9/2020,0,0,0
Lassen,7/9/2020,0,1,1
Monterey,7/9/2020,46,1,47
Stanislaus,7/9/2020,167,61,228
Fresno,7/9/2020,179,50,229
Mendocino,7/9/2020,0,0,0
Merced,7/9/2020,22,11,33
Tehama,7/9/2020,0,0,0
Humboldt,7/9/2020,0,1,1
San Diego,7/9/2020,404,85,489
Inyo,7/9/2020,0,1,1
Yuba,7/9/2020,16,1,17
Siskiyou,7/9/2020,0,0,0
Plumas,7/9/2020,0,0,0
Mariposa,7/9/2020,0,0,0
Mono,7/9/2020,0,0,0
San Luis Obispo,7/9/2020,10,5,15
Sacramento,7/9/2020,150,31,181
San Benito,7/9/2020,3,0,3
Lake,7/9/2020,1,1,2
El Dorado,7/9/2020,3,0,3
Nevada,7/9/2020,1,2,3
Riverside,7/9/2020,528,162,690
Kings,7/10/2020,57,1,58
Santa Cruz,7/10/2020,13,4,17
Inyo,7/10/2020,0,0,0
Imperial,7/10/2020,74,0,74
Yuba,7/10/2020,20,0,20
Del Norte,7/10/2020,0,0,0
Sutter,7/10/2020,0,0,0
Lake,7/10/2020,2,1,3
Amador,7/10/2020,1,1,2
Plumas,7/10/2020,0,0,0
Fresno,7/10/2020,186,49,235
Modoc,7/10/2020,0,0,0
Merced,7/10/2020,30,8,38
San Benito,7/10/2020,4,0,4
Mendocino,7/10/2020,2,0,2
Ventura,7/10/2020,79,26,105
San Luis Obispo,7/10/2020,12,5,17
Mariposa,7/10/2020,0,0,0
Orange,7/10/2020,671,114,785
Sacramento,7/10/2020,157,19,176
Los Angeles,7/10/2020,2093,684,2777
Tuolumne,7/10/2020,2,0,2
Trinity,7/10/2020,0,0,0
Marin,7/10/2020,30,6,36
Mono,7/10/2020,0,0,0
Placer,7/10/2020,31,18,49
Napa,7/10/2020,7,0,7
Santa Barbara,7/10/2020,72,9,81
Calaveras,7/10/2020,0,0,0
Santa Clara,7/10/2020,117,25,142
Madera,7/10/2020,29,12,41
Stanislaus,7/10/2020,172,59,231
Lassen,7/10/2020,0,1,1
Tulare,7/10/2020,69,2,71
Butte,7/10/2020,16,0,16
Sonoma,7/10/2020,28,8,36
Contra Costa,7/10/2020,83,24,107
Riverside,7/10/2020,532,149,681
Yolo,7/10/2020,12,3,15
Glenn,7/10/2020,0,0,0
Kern,7/10/2020,234,16,250
Colusa,7/10/2020,0,0,0
Tehama,7/10/2020,0,0,0
Nevada,7/10/2020,1,1,2
San Mateo,7/10/2020,48,14,62
Solano,7/10/2020,41,5,46
San Joaquin,7/10/2020,194,50,244
Shasta,7/10/2020,5,1,6
San Diego,7/10/2020,411,79,490
San Bernardino,7/10/2020,558,84,642
Siskiyou,7/10/2020,1,1,2
El Dorado,7/10/2020,2,0,2
San Francisco,7/10/2020,76,21,97
Monterey,7/10/2020,48,0,48
Humboldt,7/10/2020,0,1,1
Alameda,7/10/2020,137,46,183
Amador,7/11/2020,0,0,0
Orange,7/11/2020,675,111,786
San Benito,7/11/2020,3,0,3
Lake,7/11/2020,3,1,4
Tuolumne,7/11/2020,1,0,1
Kings,7/11/2020,65,0,65
Inyo,7/11/2020,0,0,0
Riverside,7/11/2020,511,136,647
San Joaquin,7/11/2020,188,44,232
Stanislaus,7/11/2020,172,46,218
Ventura,7/11/2020,83,17,100
Shasta,7/11/2020,3,2,5
Trinity,7/11/2020,0,0,0
Sutter,7/11/2020,0,0,0
Merced,7/11/2020,27,7,34
Calaveras,7/11/2020,0,0,0
Mono,7/11/2020,0,0,0
Madera,7/11/2020,25,11,36
Santa Barbara,7/11/2020,76,5,81
Imperial,7/11/2020,76,0,76
Colusa,7/11/2020,0,2,2
Yolo,7/11/2020,11,0,11
Napa,7/11/2020,8,0,8
Mendocino,7/11/2020,2,0,2
Del Norte,7/11/2020,0,0,0
San Francisco,7/11/2020,79,18,97
Tulare,7/11/2020,74,3,77
San Diego,7/11/2020,385,81,466
Nevada,7/11/2020,2,0,2
Lassen,7/11/2020,0,3,3
San Luis Obispo,7/11/2020,9,2,11
Los Angeles,7/11/2020,2056,713,2769
Modoc,7/11/2020,0,0,0
Tehama,7/11/2020,1,0,1
Monterey,7/11/2020,42,0,42
Kern,7/11/2020,249,24,273
El Dorado,7/11/2020,2,0,2
Yuba,7/11/2020,21,0,21
Mariposa,7/11/2020,0,0,0
San Mateo,7/11/2020,50,9,59
Siskiyou,7/11/2020,1,0,1
Humboldt,7/11/2020,0,1,1
Placer,7/11/2020,35,26,61
Santa Clara,7/11/2020,121,20,141
San Bernardino,7/11/2020,564,88,652
Butte,7/11/2020,15,1,16
Plumas,7/11/2020,0,0,0
Sonoma,7/11/2020,25,8,33
Fresno,7/11/2020,197,42,239
Santa Cruz,7/11/2020,13,4,17
Solano,7/11/2020,41,11,52
Marin,7/11/2020,31,4,35
Contra Costa,7/11/2020,79,24,103
Alameda,7/11/2020,144,44,188
Glenn,7/11/2020,0,1,1
Sacramento,7/11/2020,157,23,180
Modoc,7/12/2020,0,0,0
Riverside,7/12/2020,513,122,635
Santa Barbara,7/12/2020,76,8,84
Solano,7/12/2020,43,8,51
Yolo,7/12/2020,11,0,11
Contra Costa,7/12/2020,79,26,105
Stanislaus,7/12/2020,188,42,230
Mariposa,7/12/2020,0,0,0
Fresno,7/12/2020,203,38,241
Butte,7/12/2020,16,1,17
San Joaquin,7/12/2020,202,35,237
Orange,7/12/2020,674,84,758
Mono,7/12/2020,0,0,0
Monterey,7/12/2020,43,0,43
Amador,7/12/2020,0,0,0
Sonoma,7/12/2020,25,9,34
Kern,7/12/2020,238,17,255
El Dorado,7/12/2020,3,0,3
Plumas,7/12/2020,0,0,0
San Bernardino,7/12/2020,587,82,669
Ventura,7/12/2020,92,17,109
Sutter,7/12/2020,0,0,0
Imperial,7/12/2020,73,0,73
Alameda,7/12/2020,150,37,187
San Luis Obispo,7/12/2020,9,4,13
Trinity,7/12/2020,0,0,0
Lassen,7/12/2020,0,2,2
Napa,7/12/2020,8,0,8
Nevada,7/12/2020,1,0,1
Merced,7/12/2020,34,4,38
Lake,7/12/2020,3,1,4
Colusa,7/12/2020,0,4,4
San Mateo,7/12/2020,51,14,65
Calaveras,7/12/2020,0,2,2
Marin,7/12/2020,29,1,30
Del Norte,7/12/2020,0,0,0
Kings,7/12/2020,64,0,64
Mendocino,7/12/2020,2,0,2
Madera,7/12/2020,27,8,35
Tulare,7/12/2020,86,3,89
San Benito,7/12/2020,2,0,2
Los Angeles,7/12/2020,2103,670,2773
Inyo,7/12/2020,0,0,0
Tuolumne,7/12/2020,2,0,2
Placer,7/12/2020,38,25,63
Glenn,7/12/2020,0,1,1
Tehama,7/12/2020,1,1,2
Siskiyou,7/12/2020,2,0,2
Santa Clara,7/12/2020,129,20,149
Humboldt,7/12/2020,0,2,2
San Diego,7/12/2020,389,78,467
San Francisco,7/12/2020,80,14,94
Sacramento,7/12/2020,175,25,200
Santa Cruz,7/12/2020,12,5,17
Yuba,7/12/2020,19,0,19
Shasta,7/12/2020,3,0,3
Fresno,7/13/2020,212,40,252
Orange,7/13/2020,712,83,795
Kern,7/13/2020,240,13,253
Los Angeles,7/13/2020,2193,612,2805
Plumas,7/13/2020,0,0,0
San Francisco,7/13/2020,89,20,109
Santa Barbara,7/13/2020,81,7,88
Amador,7/13/2020,1,0,1
Yolo,7/13/2020,12,0,12
Solano,7/13/2020,48,7,55
Modoc,7/13/2020,0,1,1
Mendocino,7/13/2020,0,0,0
Stanislaus,7/13/2020,182,58,240
Glenn,7/13/2020,0,0,0
Mono,7/13/2020,0,0,0
Calaveras,7/13/2020,0,3,3
Trinity,7/13/2020,0,0,0
Placer,7/13/2020,40,27,67
Sacramento,7/13/2020,176,25,201
Nevada,7/13/2020,2,1,3
Napa,7/13/2020,9,2,11
Kings,7/13/2020,62,0,62
Santa Clara,7/13/2020,139,27,166
Marin,7/13/2020,29,0,29
Madera,7/13/2020,31,7,38
Riverside,7/13/2020,538,124,662
Sutter,7/13/2020,0,0,0
Alameda,7/13/2020,152,48,200
Mariposa,7/13/2020,0,0,0
San Luis Obispo,7/13/2020,10,4,14
Del Norte,7/13/2020,0,1,1
San Benito,7/13/2020,2,0,2
San Mateo,7/13/2020,56,26,82
Ventura,7/13/2020,99,25,124
Santa Cruz,7/13/2020,16,4,20
Lassen,7/13/2020,0,1,1
Shasta,7/13/2020,3,1,4
Humboldt,7/13/2020,0,1,1
San Diego,7/13/2020,383,75,458
Tulare,7/13/2020,89,3,92
San Bernardino,7/13/2020,616,64,680
Yuba,7/13/2020,19,0,19
San Joaquin,7/13/2020,205,42,247
Monterey,7/13/2020,49,2,51
Inyo,7/13/2020,0,0,0
El Dorado,7/13/2020,2,0,2
Siskiyou,7/13/2020,2,0,2
Merced,7/13/2020,33,1,34
Imperial,7/13/2020,81,0,81
Tuolumne,7/13/2020,1,0,1
Sonoma,7/13/2020,27,11,38
Tehama,7/13/2020,1,0,1
Lake,7/13/2020,4,2,6
Butte,7/13/2020,15,2,17
Colusa,7/13/2020,0,4,4
Contra Costa,7/13/2020,84,26,110
Del Norte,7/14/2020,0,1,1
Orange,7/14/2020,722,87,809
San Joaquin,7/14/2020,197,39,236
Shasta,7/14/2020,4,1,5
Kings,7/14/2020,68,1,69
Mendocino,7/14/2020,0,0,0
Humboldt,7/14/2020,0,1,1
Santa Barbara,7/14/2020,81,10,91
Kern,7/14/2020,245,9,254
Siskiyou,7/14/2020,4,0,4
Riverside,7/14/2020,550,166,716
San Diego,7/14/2020,394,88,482
Monterey,7/14/2020,49,1,50
Marin,7/14/2020,32,2,34
Tuolumne,7/14/2020,3,0,3
Yolo,7/14/2020,14,8,22
Calaveras,7/14/2020,0,4,4
Colusa,7/14/2020,1,2,3
Sacramento,7/14/2020,169,26,195
Tehama,7/14/2020,1,0,1
Merced,7/14/2020,35,2,37
Lassen,7/14/2020,0,1,1
Santa Clara,7/14/2020,143,26,169
Trinity,7/14/2020,0,0,0
Santa Cruz,7/14/2020,14,6,20
Los Angeles,7/14/2020,2173,726,2899
Yuba,7/14/2020,20,0,20
Contra Costa,7/14/2020,84,28,112
Stanislaus,7/14/2020,192,46,238
Alameda,7/14/2020,158,46,204
Modoc,7/14/2020,0,0,0
Ventura,7/14/2020,101,19,120
San Francisco,7/14/2020,90,15,105
Placer,7/14/2020,45,27,72
Sutter,7/14/2020,0,0,0
San Mateo,7/14/2020,59,18,77
El Dorado,7/14/2020,2,0,2
Lake,7/14/2020,2,0,2
Mono,7/14/2020,0,0,0
Napa,7/14/2020,8,0,8
Glenn,7/14/2020,0,0,0
Amador,7/14/2020,2,0,2
Nevada,7/14/2020,1,1,2
San Luis Obispo,7/14/2020,7,3,10
Butte,7/14/2020,17,1,18
San Bernardino,7/14/2020,603,73,676
Sonoma,7/14/2020,30,11,41
Imperial,7/14/2020,83,2,85
Solano,7/14/2020,46,6,52
Plumas,7/14/2020,0,0,0
Tulare,7/14/2020,86,3,89
Madera,7/14/2020,30,10,40
Inyo,7/14/2020,0,0,0
Fresno,7/14/2020,219,51,270
San Benito,7/14/2020,2,0,2
Mariposa,7/14/2020,0,0,0
El Dorado,7/15/2020,2,1,3
Colusa,7/15/2020,2,2,4
Contra Costa,7/15/2020,81,36,117
Humboldt,7/15/2020,0,3,3
Inyo,7/15/2020,0,0,0
Shasta,7/15/2020,4,1,5
Plumas,7/15/2020,0,0,0
Mono,7/15/2020,0,0,0
San Benito,7/15/2020,1,0,1
Modoc,7/15/2020,0,1,1
San Diego,7/15/2020,401,99,500
Napa,7/15/2020,9,0,9
Trinity,7/15/2020,0,0,0
Fresno,7/15/2020,229,45,274
Ventura,7/15/2020,105,46,151
Imperial,7/15/2020,89,1,90
Los Angeles,7/15/2020,2122,729,2851
Sonoma,7/15/2020,33,10,43
Siskiyou,7/15/2020,3,0,3
Sutter,7/15/2020,0,0,0
Yuba,7/15/2020,19,1,20
Tehama,7/15/2020,1,0,1
Kings,7/15/2020,72,2,74
Monterey,7/15/2020,51,1,52
Madera,7/15/2020,28,4,32
Kern,7/15/2020,236,14,250
Mendocino,7/15/2020,2,0,2
Solano,7/15/2020,46,4,50
Yolo,7/15/2020,14,7,21
Placer,7/15/2020,45,24,69
Mariposa,7/15/2020,0,0,0
San Bernardino,7/15/2020,589,67,656
Tuolumne,7/15/2020,2,0,2
Amador,7/15/2020,1,1,2
Santa Clara,7/15/2020,146,37,183
Alameda,7/15/2020,159,43,202
Sacramento,7/15/2020,184,20,204
Glenn,7/15/2020,0,0,0
San Francisco,7/15/2020,95,13,108
Del Norte,7/15/2020,0,0,0
Lassen,7/15/2020,0,1,1
Lake,7/15/2020,1,0,1
Stanislaus,7/15/2020,193,42,235
Nevada,7/15/2020,3,4,7
Calaveras,7/15/2020,0,3,3
San Mateo,7/15/2020,56,21,77
Marin,7/15/2020,29,1,30
Riverside,7/15/2020,531,151,682
Tulare,7/15/2020,88,4,92
Orange,7/15/2020,711,102,813
Santa Barbara,7/15/2020,77,9,86
Butte,7/15/2020,17,2,19
San Luis Obispo,7/15/2020,9,2,11
Santa Cruz,7/15/2020,12,1,13
Merced,7/15/2020,33,3,36
San Joaquin,7/15/2020,246,28,274
Napa,7/16/2020,8,0,8
Tuolumne,7/16/2020,3,0,3
San Benito,7/16/2020,1,0,1
Solano,7/16/2020,51,5,56
Santa Barbara,7/16/2020,74,10,84
Yuba,7/16/2020,17,2,19
Contra Costa,7/16/2020,86,34,120
Santa Cruz,7/16/2020,11,1,12
Placer,7/16/2020,51,30,81
Tehama,7/16/2020,1,0,1
Siskiyou,7/16/2020,2,1,3
Madera,7/16/2020,19,5,24
Del Norte,7/16/2020,0,0,0
Fresno,7/16/2020,242,39,281
San Francisco,7/16/2020,90,17,107
Orange,7/16/2020,682,119,801
Amador,7/16/2020,2,1,3
Sutter,7/16/2020,0,0,0
Colusa,7/16/2020,1,1,2
Marin,7/16/2020,26,3,29
Sacramento,7/16/2020,185,33,218
Kings,7/16/2020,78,2,80
Yolo,7/16/2020,14,0,14
Lake,7/16/2020,2,2,4
Glenn,7/16/2020,0,1,1
Kern,7/16/2020,245,28,273
Stanislaus,7/16/2020,200,53,253
San Joaquin,7/16/2020,193,40,233
Mariposa,7/16/2020,0,0,0
Ventura,7/16/2020,104,31,135
San Luis Obispo,7/16/2020,10,2,12
Mendocino,7/16/2020,5,0,5
El Dorado,7/16/2020,2,3,5
Trinity,7/16/2020,0,0,0
Inyo,7/16/2020,0,0,0
Riverside,7/16/2020,535,140,675
Shasta,7/16/2020,3,0,3
Butte,7/16/2020,18,1,19
Lassen,7/16/2020,0,1,1
Calaveras,7/16/2020,0,0,0
Mono,7/16/2020,0,0,0
Tulare,7/16/2020,86,7,93
Imperial,7/16/2020,94,1,95
Modoc,7/16/2020,0,0,0
Nevada,7/16/2020,0,1,1
Sonoma,7/16/2020,32,14,46
Santa Clara,7/16/2020,147,36,183
Monterey,7/16/2020,54,0,54
Los Angeles,7/16/2020,2188,719,2907
San Mateo,7/16/2020,61,19,80
Alameda,7/16/2020,164,47,211
Plumas,7/16/2020,0,0,0
Humboldt,7/16/2020,1,3,4
San Diego,7/16/2020,388,110,498
Merced,7/16/2020,32,4,36
San Bernardino,7/16/2020,600,76,676
Merced,7/17/2020,33,0,33
San Bernardino,7/17/2020,625,55,680
San Francisco,7/17/2020,89,16,105
San Joaquin,7/17/2020,192,40,232
Yolo,7/17/2020,17,0,17
Del Norte,7/17/2020,0,0,0
Calaveras,7/17/2020,0,0,0
Fresno,7/17/2020,240,44,284
Tuolumne,7/17/2020,4,1,5
Stanislaus,7/17/2020,208,59,267
El Dorado,7/17/2020,3,3,6
Solano,7/17/2020,52,5,57
Tulare,7/17/2020,73,10,83
Modoc,7/17/2020,0,0,0
Riverside,7/17/2020,515,179,694
Kern,7/17/2020,252,30,282
Butte,7/17/2020,16,1,17
Santa Barbara,7/17/2020,74,14,88
Mendocino,7/17/2020,9,1,10
Tehama,7/17/2020,1,0,1
Yuba,7/17/2020,19,2,21
Sonoma,7/17/2020,38,21,59
Contra Costa,7/17/2020,89,27,116
Sutter,7/17/2020,0,0,0
Lassen,7/17/2020,0,0,0
Shasta,7/17/2020,4,1,5
Sacramento,7/17/2020,196,26,222
Siskiyou,7/17/2020,2,0,2
Santa Clara,7/17/2020,153,31,184
Imperial,7/17/2020,97,2,99
Los Angeles,7/17/2020,2216,660,2876
Plumas,7/17/2020,0,0,0
Alameda,7/17/2020,157,49,206
San Luis Obispo,7/17/2020,13,7,20
Marin,7/17/2020,29,4,33
Kings,7/17/2020,79,2,81
Napa,7/17/2020,5,0,5
Trinity,7/17/2020,0,0,0
Humboldt,7/17/2020,1,2,3
Monterey,7/17/2020,45,1,46
Placer,7/17/2020,48,28,76
Madera,7/17/2020,33,7,40
Mono,7/17/2020,0,1,1
Orange,7/17/2020,692,92,784
Inyo,7/17/2020,0,1,1
Lake,7/17/2020,2,2,4
Amador,7/17/2020,1,1,2
Ventura,7/17/2020,95,43,138
San Diego,7/17/2020,402,107,509
San Benito,7/17/2020,2,0,2
Glenn,7/17/2020,0,1,1
Santa Cruz,7/17/2020,11,10,21
San Mateo,7/17/2020,60,20,80
Colusa,7/17/2020,1,1,2
Mariposa,7/17/2020,0,0,0
Nevada,7/17/2020,1,1,2
Santa Barbara,7/18/2020,82,9,91
Plumas,7/18/2020,0,0,0
Mono,7/18/2020,0,1,1
El Dorado,7/18/2020,3,0,3
Ventura,7/18/2020,92,31,123
Sutter,7/18/2020,0,0,0
San Joaquin,7/18/2020,205,32,237
Orange,7/18/2020,665,64,729
Madera,7/18/2020,26,10,36
Tuolumne,7/18/2020,4,1,5
Mendocino,7/18/2020,9,1,10
Placer,7/18/2020,48,22,70
Siskiyou,7/18/2020,2,0,2
Lake,7/18/2020,1,2,3
Stanislaus,7/18/2020,205,52,257
Sonoma,7/18/2020,37,13,50
Fresno,7/18/2020,261,36,297
Los Angeles,7/18/2020,2232,608,2840
Santa Cruz,7/18/2020,11,9,20
Contra Costa,7/18/2020,82,30,112
San Mateo,7/18/2020,67,17,84
Tulare,7/18/2020,80,6,86
Inyo,7/18/2020,0,1,1
Humboldt,7/18/2020,1,1,2
Trinity,7/18/2020,0,0,0
Yuba,7/18/2020,18,0,18
Shasta,7/18/2020,4,0,4
Kern,7/18/2020,253,24,277
Colusa,7/18/2020,1,1,2
Imperial,7/18/2020,92,1,93
Alameda,7/18/2020,163,63,226
Napa,7/18/2020,8,4,12
San Bernardino,7/18/2020,611,88,699
San Francisco,7/18/2020,91,16,107
Amador,7/18/2020,1,1,2
Santa Clara,7/18/2020,149,45,194
Sacramento,7/18/2020,195,28,223
Glenn,7/18/2020,0,1,1
Marin,7/18/2020,31,2,33
Tehama,7/18/2020,0,0,0
Del Norte,7/18/2020,0,0,0
Yolo,7/18/2020,18,1,19
Lassen,7/18/2020,0,0,0
Mariposa,7/18/2020,0,0,0
Modoc,7/18/2020,0,0,0
San Luis Obispo,7/18/2020,13,1,14
Merced,7/18/2020,35,0,35
Solano,7/18/2020,51,6,57
Nevada,7/18/2020,1,2,3
San Benito,7/18/2020,3,0,3
Calaveras,7/18/2020,1,5,6
Butte,7/18/2020,23,0,23
San Diego,7/18/2020,396,91,487
Riverside,7/18/2020,507,170,677
Monterey,7/18/2020,43,1,44
Kings,7/18/2020,78,2,80
Yolo,7/19/2020,13,0,13
Placer,7/19/2020,47,17,64
Ventura,7/19/2020,91,27,118
Lassen,7/19/2020,0,0,0
Butte,7/19/2020,22,1,23
Calaveras,7/19/2020,1,1,2
Plumas,7/19/2020,0,0,0
Inyo,7/19/2020,0,1,1
Santa Cruz,7/19/2020,12,10,22
Glenn,7/19/2020,0,1,1
Los Angeles,7/19/2020,2218,616,2834
Stanislaus,7/19/2020,209,39,248
Mono,7/19/2020,0,1,1
Napa,7/19/2020,6,0,6
Tuolumne,7/19/2020,4,1,5
San Mateo,7/19/2020,68,12,80
El Dorado,7/19/2020,3,1,4
Tehama,7/19/2020,0,0,0
Riverside,7/19/2020,507,161,668
Kern,7/19/2020,248,22,270
Kings,7/19/2020,78,2,80
Merced,7/19/2020,35,1,36
Del Norte,7/19/2020,0,2,2
San Bernardino,7/19/2020,613,61,674
Orange,7/19/2020,666,81,747
Marin,7/19/2020,32,3,35
Shasta,7/19/2020,4,0,4
San Francisco,7/19/2020,96,13,109
San Joaquin,7/19/2020,210,38,248
Imperial,7/19/2020,95,1,96
Monterey,7/19/2020,43,2,45
Alameda,7/19/2020,159,69,228
Siskiyou,7/19/2020,2,0,2
San Benito,7/19/2020,3,0,3
Colusa,7/19/2020,2,1,3
San Diego,7/19/2020,390,92,482
Mendocino,7/19/2020,9,2,11
Contra Costa,7/19/2020,88,33,121
Madera,7/19/2020,30,18,48
Solano,7/19/2020,51,8,59
Yuba,7/19/2020,18,0,18
Humboldt,7/19/2020,1,1,2
Sacramento,7/19/2020,204,37,241
Santa Barbara,7/19/2020,82,6,88
Lake,7/19/2020,1,1,2
Amador,7/19/2020,2,0,2
Sutter,7/19/2020,0,0,0
Trinity,7/19/2020,0,0,0
Mariposa,7/19/2020,0,0,0
Modoc,7/19/2020,0,0,0
Tulare,7/19/2020,84,8,92
Nevada,7/19/2020,1,2,3
Santa Clara,7/19/2020,157,47,204
Fresno,7/19/2020,269,38,307
San Luis Obispo,7/19/2020,11,6,17
Sonoma,7/19/2020,36,14,50
Sonoma,7/20/2020,41,15,56
San Diego,7/20/2020,402,97,499
Amador,7/20/2020,2,0,2
Inyo,7/20/2020,0,2,2
Mendocino,7/20/2020,8,2,10
Yolo,7/20/2020,12,0,12
Merced,7/20/2020,44,3,47
Plumas,7/20/2020,0,0,0
Orange,7/20/2020,700,73,773
Tuolumne,7/20/2020,4,0,4
Lassen,7/20/2020,0,0,0
Sacramento,7/20/2020,212,33,245
Lake,7/20/2020,0,0,0
Mono,7/20/2020,1,0,1
Calaveras,7/20/2020,3,0,3
Del Norte,7/20/2020,0,1,1
Sutter,7/20/2020,0,0,0
Siskiyou,7/20/2020,2,0,2
San Mateo,7/20/2020,71,11,82
Santa Cruz,7/20/2020,12,8,20
Los Angeles,7/20/2020,2207,670,2877
Butte,7/20/2020,24,2,26
Solano,7/20/2020,52,6,58
Kings,7/20/2020,75,2,77
San Benito,7/20/2020,2,0,2
Stanislaus,7/20/2020,210,51,261
Tulare,7/20/2020,87,9,96
Yuba,7/20/2020,16,0,16
Trinity,7/20/2020,0,0,0
Madera,7/20/2020,32,11,43
Humboldt,7/20/2020,0,1,1
Monterey,7/20/2020,41,3,44
Contra Costa,7/20/2020,93,31,124
Modoc,7/20/2020,0,0,0
Santa Clara,7/20/2020,168,41,209
San Bernardino,7/20/2020,607,69,676
San Joaquin,7/20/2020,220,50,270
Colusa,7/20/2020,2,2,4
San Luis Obispo,7/20/2020,11,4,15
Nevada,7/20/2020,1,1,2
Glenn,7/20/2020,0,1,1
Marin,7/20/2020,29,4,33
Placer,7/20/2020,52,21,73
San Francisco,7/20/2020,95,10,105
Fresno,7/20/2020,283,53,336
Ventura,7/20/2020,92,34,126
Napa,7/20/2020,8,2,10
Alameda,7/20/2020,171,59,230
Mariposa,7/20/2020,0,0,0
Riverside,7/20/2020,536,171,707
Shasta,7/20/2020,4,0,4
Tehama,7/20/2020,0,0,0
Imperial,7/20/2020,95,2,97
El Dorado,7/20/2020,2,1,3
Kern,7/20/2020,277,23,300
Santa Barbara,7/20/2020,85,11,96
Siskiyou,7/21/2020,0,0,0
Tuolumne,7/21/2020,3,0,3
Yuba,7/21/2020,22,2,24
San Mateo,7/21/2020,72,8,80
San Francisco,7/21/2020,96,25,121
Sacramento,7/21/2020,213,56,269
Contra Costa,7/21/2020,101,40,141
Modoc,7/21/2020,0,0,0
Calaveras,7/21/2020,2,2,4
San Joaquin,7/21/2020,216,44,260
Del Norte,7/21/2020,0,0,0
Riverside,7/21/2020,528,160,688
Plumas,7/21/2020,0,3,3
Humboldt,7/21/2020,0,3,3
Stanislaus,7/21/2020,221,45,266
Monterey,7/21/2020,45,3,48
Lassen,7/21/2020,0,0,0
Tehama,7/21/2020,0,0,0
San Bernardino,7/21/2020,606,118,724
Tulare,7/21/2020,93,11,104
Sutter,7/21/2020,0,0,0
Kern,7/21/2020,280,26,306
San Luis Obispo,7/21/2020,11,6,17
Madera,7/21/2020,45,13,58
Lake,7/21/2020,0,0,0
San Benito,7/21/2020,4,0,4
Yolo,7/21/2020,10,8,18
Alameda,7/21/2020,176,63,239
Glenn,7/21/2020,0,2,2
Inyo,7/21/2020,0,1,1
Amador,7/21/2020,3,1,4
Ventura,7/21/2020,98,37,135
Mendocino,7/21/2020,6,2,8
El Dorado,7/21/2020,2,1,3
Napa,7/21/2020,10,0,10
Kings,7/21/2020,80,1,81
Santa Barbara,7/21/2020,86,8,94
Placer,7/21/2020,53,33,86
Santa Clara,7/21/2020,170,46,216
Mariposa,7/21/2020,0,0,0
Sonoma,7/21/2020,40,18,58
Santa Cruz,7/21/2020,19,14,33
Mono,7/21/2020,1,0,1
Fresno,7/21/2020,296,56,352
Merced,7/21/2020,50,1,51
Colusa,7/21/2020,0,0,0
Imperial,7/21/2020,89,1,90
Nevada,7/21/2020,1,2,3
Shasta,7/21/2020,3,0,3
Solano,7/21/2020,51,5,56
Marin,7/21/2020,31,6,37
Butte,7/21/2020,27,1,28
Orange,7/21/2020,699,74,773
Los Angeles,7/21/2020,2210,620,2830
San Diego,7/21/2020,401,84,485
Trinity,7/21/2020,0,0,0
Kern,7/22/2020,257,16,273
El Dorado,7/22/2020,2,1,3
Los Angeles,7/22/2020,1928,542,2470
Placer,7/22/2020,53,35,88
Napa,7/22/2020,11,4,15
Santa Barbara,7/22/2020,85,7,92
Colusa,7/22/2020,1,0,1
San Mateo,7/22/2020,70,13,83
Mariposa,7/22/2020,0,0,0
Monterey,7/22/2020,41,2,43
Ventura,7/22/2020,93,46,139
San Benito,7/22/2020,2,0,2
Lassen,7/22/2020,0,1,1
Trinity,7/22/2020,0,0,0
Humboldt,7/22/2020,0,0,0
Inyo,7/22/2020,0,0,0
Siskiyou,7/22/2020,0,0,0
Alameda,7/22/2020,166,75,241
Madera,7/22/2020,48,22,70
Tulare,7/22/2020,105,6,111
Mono,7/22/2020,1,0,1
Nevada,7/22/2020,2,1,3
Marin,7/22/2020,32,3,35
Sonoma,7/22/2020,38,11,49
Tuolumne,7/22/2020,5,1,6
Stanislaus,7/22/2020,232,52,284
Mendocino,7/22/2020,5,0,5
Glenn,7/22/2020,0,0,0
San Bernardino,7/22/2020,586,102,688
Modoc,7/22/2020,0,0,0
San Joaquin,7/22/2020,221,46,267
Del Norte,7/22/2020,0,0,0
Contra Costa,7/22/2020,106,41,147
Santa Clara,7/22/2020,180,37,217
Imperial,7/22/2020,78,0,78
San Diego,7/22/2020,351,82,433
Calaveras,7/22/2020,2,0,2
Yuba,7/22/2020,22,3,25
Yolo,7/22/2020,13,1,14
Sacramento,7/22/2020,236,57,293
Fresno,7/22/2020,295,57,352
Riverside,7/22/2020,534,139,673
Shasta,7/22/2020,4,0,4
San Luis Obispo,7/22/2020,12,5,17
Lake,7/22/2020,0,2,2
Solano,7/22/2020,57,10,67
Amador,7/22/2020,2,1,3
Butte,7/22/2020,26,1,27
Sutter,7/22/2020,0,0,0
Kings,7/22/2020,77,1,78
Santa Cruz,7/22/2020,7,7,14
Merced,7/22/2020,53,4,57
Orange,7/22/2020,690,61,751
San Francisco,7/22/2020,96,17,113
Tehama,7/22/2020,0,0,0
Plumas,7/22/2020,0,0,0
Mariposa,7/23/2020,0,0,0
Alameda,7/23/2020,201,82,283
Inyo,7/23/2020,0,1,1
Riverside,7/23/2020,523,138,661
Fresno,7/23/2020,297,79,376
Humboldt,7/23/2020,0,1,1
San Luis Obispo,7/23/2020,9,7,16
Contra Costa,7/23/2020,108,45,153
Santa Cruz,7/23/2020,17,20,37
Stanislaus,7/23/2020,232,55,287
Sonoma,7/23/2020,41,24,65
Santa Barbara,7/23/2020,78,6,84
Del Norte,7/23/2020,0,0,0
El Dorado,7/23/2020,1,2,3
Sacramento,7/23/2020,239,70,309
San Francisco,7/23/2020,97,17,114
Napa,7/23/2020,13,3,16
Tuolumne,7/23/2020,3,0,3
Glenn,7/23/2020,0,2,2
San Joaquin,7/23/2020,215,32,247
Lassen,7/23/2020,0,1,1
Merced,7/23/2020,50,7,57
Shasta,7/23/2020,4,0,4
Marin,7/23/2020,29,2,31
Madera,7/23/2020,52,12,64
Ventura,7/23/2020,97,39,136
Tulare,7/23/2020,110,5,115
Lake,7/23/2020,0,2,2
Sutter,7/23/2020,0,0,0
Amador,7/23/2020,0,0,0
Kings,7/23/2020,74,1,75
Nevada,7/23/2020,2,2,4
Placer,7/23/2020,57,30,87
San Bernardino,7/23/2020,600,104,704
Calaveras,7/23/2020,2,0,2
Trinity,7/23/2020,0,0,0
San Diego,7/23/2020,356,86,442
Butte,7/23/2020,31,0,31
Mono,7/23/2020,1,0,1
Mendocino,7/23/2020,5,1,6
Modoc,7/23/2020,0,0,0
Plumas,7/23/2020,0,0,0
Yuba,7/23/2020,24,2,26
Imperial,7/23/2020,80,0,80
Yolo,7/23/2020,15,1,16
San Mateo,7/23/2020,68,12,80
Tehama,7/23/2020,0,0,0
Kern,7/23/2020,269,24,293
Siskiyou,7/23/2020,0,0,0
Solano,7/23/2020,57,20,77
San Benito,7/23/2020,3,0,3
Santa Clara,7/23/2020,183,40,223
Orange,7/23/2020,652,59,711
Monterey,7/23/2020,41,1,42
Los Angeles,7/23/2020,2016,582,2598
Colusa,7/23/2020,0,2,2
San Diego,7/24/2020,347,73,420
Calaveras,7/24/2020,1,1,2
Sonoma,7/24/2020,40,16,56
Kings,7/24/2020,73,1,74
Lassen,7/24/2020,0,0,0
Stanislaus,7/24/2020,206,39,245
Trinity,7/24/2020,0,0,0
Imperial,7/24/2020,77,0,77
Tuolumne,7/24/2020,4,1,5
San Francisco,7/24/2020,95,15,110
Humboldt,7/24/2020,0,6,6
Lake,7/24/2020,0,1,1
Sacramento,7/24/2020,233,47,280
Del Norte,7/24/2020,0,0,0
Los Angeles,7/24/2020,2033,595,2628
Riverside,7/24/2020,489,109,598
Glenn,7/24/2020,0,2,2
Napa,7/24/2020,11,1,12
Marin,7/24/2020,24,1,25
San Mateo,7/24/2020,62,13,75
Plumas,7/24/2020,0,0,0
Yolo,7/24/2020,11,1,12
San Bernardino,7/24/2020,607,108,715
Modoc,7/24/2020,0,0,0
Inyo,7/24/2020,2,0,2
Yuba,7/24/2020,21,4,25
Santa Barbara,7/24/2020,80,5,85
Merced,7/24/2020,49,2,51
Ventura,7/24/2020,95,44,139
Santa Cruz,7/24/2020,18,21,39
Solano,7/24/2020,52,16,68
Fresno,7/24/2020,311,65,376
Siskiyou,7/24/2020,0,0,0
Tehama,7/24/2020,0,0,0
Placer,7/24/2020,52,29,81
Butte,7/24/2020,28,1,29
Monterey,7/24/2020,47,2,49
Nevada,7/24/2020,1,1,2
Shasta,7/24/2020,5,0,5
Alameda,7/24/2020,188,65,253
Orange,7/24/2020,685,91,776
Mariposa,7/24/2020,0,0,0
El Dorado,7/24/2020,1,0,1
Madera,7/24/2020,58,8,66
San Joaquin,7/24/2020,221,39,260
Mendocino,7/24/2020,6,0,6
San Luis Obispo,7/24/2020,12,3,15
Amador,7/24/2020,0,0,0
Santa Clara,7/24/2020,180,46,226
San Benito,7/24/2020,6,0,6
Contra Costa,7/24/2020,97,50,147
Colusa,7/24/2020,1,2,3
Sutter,7/24/2020,0,0,0
Mono,7/24/2020,1,0,1
Tulare,7/24/2020,111,4,115
Kern,7/24/2020,254,26,280
San Mateo,7/25/2020,72,10,82
Lake,7/25/2020,0,1,1
Inyo,7/25/2020,1,0,1
Yuba,7/25/2020,21,3,24
Trinity,7/25/2020,0,0,0
Alameda,7/25/2020,180,67,247
Shasta,7/25/2020,5,0,5
Fresno,7/25/2020,298,59,357
Colusa,7/25/2020,2,0,2
Orange,7/25/2020,687,67,754
Sacramento,7/25/2020,239,46,285
Los Angeles,7/25/2020,2017,535,2552
Santa Cruz,7/25/2020,17,22,39
Stanislaus,7/25/2020,205,43,248
Ventura,7/25/2020,90,33,123
San Benito,7/25/2020,6,0,6
Imperial,7/25/2020,77,1,78
Riverside,7/25/2020,483,127,610
Glenn,7/25/2020,0,2,2
Kern,7/25/2020,248,29,277
Placer,7/25/2020,60,32,92
Tulare,7/25/2020,111,3,114
Kings,7/25/2020,84,1,85
Nevada,7/25/2020,0,2,2
Lassen,7/25/2020,0,0,0
Mendocino,7/25/2020,7,0,7
San Luis Obispo,7/25/2020,16,2,18
Marin,7/25/2020,22,1,23
San Joaquin,7/25/2020,224,25,249
El Dorado,7/25/2020,1,0,1
Merced,7/25/2020,53,0,53
Yolo,7/25/2020,12,0,12
Siskiyou,7/25/2020,0,0,0
San Francisco,7/25/2020,93,25,118
Contra Costa,7/25/2020,99,34,133
Plumas,7/25/2020,0,0,0
Humboldt,7/25/2020,0,1,1
Calaveras,7/25/2020,0,0,0
Amador,7/25/2020,1,0,1
Monterey,7/25/2020,43,4,47
Butte,7/25/2020,26,2,28
Modoc,7/25/2020,0,0,0
Del Norte,7/25/2020,0,0,0
Solano,7/25/2020,45,14,59
San Bernardino,7/25/2020,638,100,738
Santa Barbara,7/25/2020,79,3,82
Tuolumne,7/25/2020,2,0,2
Madera,7/25/2020,55,9,64
Tehama,7/25/2020,0,0,0
Mariposa,7/25/2020,0,0,0
Santa Clara,7/25/2020,176,56,232
Napa,7/25/2020,14,3,17
Mono,7/25/2020,1,0,1
Sonoma,7/25/2020,48,18,66
San Diego,7/25/2020,354,88,442
Sutter,7/25/2020,0,0,0
Amador,7/26/2020,2,0,2
Modoc,7/26/2020,0,0,0
Humboldt,7/26/2020,0,3,3
Monterey,7/26/2020,39,3,42
Placer,7/26/2020,57,29,86
Lake,7/26/2020,0,0,0
Madera,7/26/2020,52,12,64
Nevada,7/26/2020,1,2,3
Tehama,7/26/2020,0,0,0
Mono,7/26/2020,1,0,1
Merced,7/26/2020,61,3,64
Riverside,7/26/2020,488,142,630
Ventura,7/26/2020,85,29,114
San Diego,7/26/2020,369,89,458
Sonoma,7/26/2020,46,15,61
Tulare,7/26/2020,102,0,102
Inyo,7/26/2020,1,0,1
Kern,7/26/2020,260,21,281
Solano,7/26/2020,48,16,64
Marin,7/26/2020,21,2,23
Shasta,7/26/2020,7,0,7
Del Norte,7/26/2020,0,0,0
Santa Cruz,7/26/2020,14,19,33
Santa Clara,7/26/2020,171,46,217
Tuolumne,7/26/2020,2,0,2
El Dorado,7/26/2020,2,1,3
Contra Costa,7/26/2020,103,27,130
Trinity,7/26/2020,0,0,0
San Francisco,7/26/2020,99,18,117
Fresno,7/26/2020,302,62,364
Colusa,7/26/2020,2,0,2
Alameda,7/26/2020,188,69,257
Mendocino,7/26/2020,7,1,8
Yuba,7/26/2020,25,3,28
Sacramento,7/26/2020,246,47,293
Los Angeles,7/26/2020,2051,570,2621
Siskiyou,7/26/2020,0,3,3
Kings,7/26/2020,85,1,86
San Benito,7/26/2020,6,0,6
Plumas,7/26/2020,0,0,0
Napa,7/26/2020,13,2,15
San Bernardino,7/26/2020,609,104,713
Calaveras,7/26/2020,0,1,1
Mariposa,7/26/2020,0,0,0
Imperial,7/26/2020,75,2,77
San Joaquin,7/26/2020,227,36,263
Stanislaus,7/26/2020,209,39,248
Yolo,7/26/2020,13,0,13
Sutter,7/26/2020,0,0,0
San Luis Obispo,7/26/2020,13,4,17
Santa Barbara,7/26/2020,80,5,85
Butte,7/26/2020,22,1,23
San Mateo,7/26/2020,70,9,79
Orange,7/26/2020,661,46,707
Glenn,7/26/2020,0,2,2
Lassen,7/26/2020,0,0,0
San Bernardino,7/27/2020,595,93,688
Mariposa,7/27/2020,0,0,0
Del Norte,7/27/2020,0,0,0
Alameda,7/27/2020,198,51,249
Riverside,7/27/2020,487,122,609
Butte,7/27/2020,25,1,26
Inyo,7/27/2020,1,0,1
Tuolumne,7/27/2020,1,0,1
Placer,7/27/2020,57,40,97
El Dorado,7/27/2020,3,0,3
Lassen,7/27/2020,0,0,0
Sacramento,7/27/2020,253,50,303
Modoc,7/27/2020,0,0,0
Marin,7/27/2020,22,3,25
Santa Clara,7/27/2020,175,48,223
Kings,7/27/2020,85,1,86
Colusa,7/27/2020,0,0,0
San Benito,7/27/2020,6,0,6
San Joaquin,7/27/2020,233,27,260
San Luis Obispo,7/27/2020,13,2,15
San Mateo,7/27/2020,71,15,86
Nevada,7/27/2020,1,0,1
Lake,7/27/2020,1,1,2
Yolo,7/27/2020,13,0,13
Trinity,7/27/2020,0,0,0
Stanislaus,7/27/2020,204,46,250
San Francisco,7/27/2020,101,17,118
Merced,7/27/2020,64,0,64
Sutter,7/27/2020,0,0,0
Tehama,7/27/2020,0,0,0
Yuba,7/27/2020,24,3,27
Fresno,7/27/2020,297,48,345
Orange,7/27/2020,640,45,685
Santa Cruz,7/27/2020,14,19,33
Monterey,7/27/2020,39,0,39
Mono,7/27/2020,2,0,2
Sonoma,7/27/2020,42,17,59
Napa,7/27/2020,11,2,13
Kern,7/27/2020,255,20,275
Shasta,7/27/2020,8,0,8
Solano,7/27/2020,46,19,65
Contra Costa,7/27/2020,105,31,136
Calaveras,7/27/2020,1,1,2
San Diego,7/27/2020,343,89,432
Mendocino,7/27/2020,6,2,8
Plumas,7/27/2020,0,1,1
Ventura,7/27/2020,86,29,115
Tulare,7/27/2020,104,3,107
Madera,7/27/2020,55,5,60
Glenn,7/27/2020,0,2,2
Los Angeles,7/27/2020,2045,554,2599
Amador,7/27/2020,3,0,3
Imperial,7/27/2020,81,1,82
Santa Barbara,7/27/2020,79,8,87
Siskiyou,7/27/2020,1,2,3
Humboldt,7/27/2020,0,3,3
Lassen,7/28/2020,0,0,0
San Bernardino,7/28/2020,608,102,710
San Diego,7/28/2020,392,110,502
San Benito,7/28/2020,7,0,7
Yolo,7/28/2020,12,0,12
Plumas,7/28/2020,0,1,1
Sacramento,7/28/2020,265,49,314
Del Norte,7/28/2020,0,0,0
Merced,7/28/2020,52,1,53
Yuba,7/28/2020,20,0,20
Kern,7/28/2020,265,14,279
Shasta,7/28/2020,10,0,10
San Luis Obispo,7/28/2020,13,4,17
Madera,7/28/2020,49,4,53
Mendocino,7/28/2020,5,1,6
Solano,7/28/2020,48,12,60
Lake,7/28/2020,0,1,1
Kings,7/28/2020,75,0,75
Sutter,7/28/2020,0,0,0
Fresno,7/28/2020,284,49,333
Inyo,7/28/2020,1,0,1
Napa,7/28/2020,11,2,13
San Francisco,7/28/2020,107,16,123
Siskiyou,7/28/2020,1,0,1
Glenn,7/28/2020,0,2,2
Tuolumne,7/28/2020,1,0,1
Orange,7/28/2020,626,81,707
Mono,7/28/2020,1,0,1
Ventura,7/28/2020,87,45,132
Riverside,7/28/2020,490,142,632
El Dorado,7/28/2020,1,0,1
Calaveras,7/28/2020,1,0,1
Santa Clara,7/28/2020,181,43,224
Modoc,7/28/2020,0,0,0
Marin,7/28/2020,23,0,23
Butte,7/28/2020,26,2,28
Mariposa,7/28/2020,0,0,0
Santa Cruz,7/28/2020,10,9,19
Imperial,7/28/2020,77,0,77
Tehama,7/28/2020,0,0,0
Los Angeles,7/28/2020,2022,575,2597
Santa Barbara,7/28/2020,89,7,96
Placer,7/28/2020,59,32,91
Humboldt,7/28/2020,0,5,5
Nevada,7/28/2020,1,1,2
Sonoma,7/28/2020,60,11,71
Tulare,7/28/2020,105,7,112
San Joaquin,7/28/2020,231,40,271
Alameda,7/28/2020,213,43,256
Colusa,7/28/2020,0,0,0
Contra Costa,7/28/2020,108,39,147
Amador,7/28/2020,3,1,4
San Mateo,7/28/2020,64,10,74
Trinity,7/28/2020,0,0,0
Stanislaus,7/28/2020,192,38,230
Monterey,7/28/2020,43,1,44
Santa Barbara,7/29/2020,85,7,92
Mendocino,7/29/2020,5,1,6
Riverside,7/29/2020,475,104,579
Contra Costa,7/29/2020,110,35,145
Lassen,7/29/2020,0,0,0
San Luis Obispo,7/29/2020,18,3,21
Modoc,7/29/2020,0,0,0
San Benito,7/29/2020,3,1,4
Sonoma,7/29/2020,56,15,71
Fresno,7/29/2020,292,36,328
Glenn,7/29/2020,0,2,2
San Diego,7/29/2020,366,82,448
Napa,7/29/2020,10,0,10
Placer,7/29/2020,59,28,87
Marin,7/29/2020,23,0,23
San Francisco,7/29/2020,109,14,123
Kings,7/29/2020,71,0,71
Lake,7/29/2020,0,0,0
Inyo,7/29/2020,1,0,1
Merced,7/29/2020,49,1,50
Del Norte,7/29/2020,0,0,0
Colusa,7/29/2020,0,1,1
El Dorado,7/29/2020,3,0,3
Mono,7/29/2020,1,0,1
Humboldt,7/29/2020,0,3,3
Sutter,7/29/2020,0,0,0
Trinity,7/29/2020,0,0,0
Imperial,7/29/2020,67,0,67
Stanislaus,7/29/2020,198,50,248
Siskiyou,7/29/2020,1,0,1
Los Angeles,7/29/2020,2002,566,2568
Tehama,7/29/2020,0,0,0
Plumas,7/29/2020,0,0,0
Santa Clara,7/29/2020,187,54,241
Tuolumne,7/29/2020,1,0,1
Orange,7/29/2020,592,85,677
Calaveras,7/29/2020,1,0,1
San Mateo,7/29/2020,64,15,79
Yolo,7/29/2020,11,0,11
Solano,7/29/2020,44,17,61
Amador,7/29/2020,5,0,5
Butte,7/29/2020,27,0,27
Sacramento,7/29/2020,277,62,339
Alameda,7/29/2020,204,58,262
Santa Cruz,7/29/2020,14,8,22
Tulare,7/29/2020,97,10,107
Madera,7/29/2020,54,6,60
Ventura,7/29/2020,78,35,113
Yuba,7/29/2020,19,0,19
Mariposa,7/29/2020,0,0,0
San Joaquin,7/29/2020,233,41,274
Kern,7/29/2020,215,15,230
Nevada,7/29/2020,1,1,2
San Bernardino,7/29/2020,562,88,650
Shasta,7/29/2020,10,0,10
Monterey,7/29/2020,53,1,54
San Joaquin,7/30/2020,215,52,267
Stanislaus,7/30/2020,211,37,248
Butte,7/30/2020,30,1,31
Tulare,7/30/2020,95,4,99
Merced,7/30/2020,49,3,52
Fresno,7/30/2020,313,40,353
Modoc,7/30/2020,0,0,0
San Mateo,7/30/2020,58,10,68
Inyo,7/30/2020,0,0,0
Sutter,7/30/2020,0,0,0
Nevada,7/30/2020,1,1,2
Mono,7/30/2020,1,0,1
Glenn,7/30/2020,0,2,2
Del Norte,7/30/2020,0,0,0
Calaveras,7/30/2020,0,0,0
Imperial,7/30/2020,51,5,56
Plumas,7/30/2020,0,0,0
Sonoma,7/30/2020,50,10,60
San Francisco,7/30/2020,101,18,119
Lassen,7/30/2020,0,0,0
Mendocino,7/30/2020,5,0,5
Tuolumne,7/30/2020,2,1,3
Yolo,7/30/2020,11,0,11
Tehama,7/30/2020,0,0,0
Los Angeles,7/30/2020,1904,553,2457
Santa Clara,7/30/2020,180,44,224
Amador,7/30/2020,4,1,5
Marin,7/30/2020,23,2,25
Kern,7/30/2020,230,17,247
Trinity,7/30/2020,0,1,1
Orange,7/30/2020,593,62,655
Colusa,7/30/2020,0,3,3
Mariposa,7/30/2020,0,0,0
Santa Barbara,7/30/2020,87,3,90
Solano,7/30/2020,38,16,54
Alameda,7/30/2020,198,47,245
San Luis Obispo,7/30/2020,16,2,18
Monterey,7/30/2020,53,3,56
Madera,7/30/2020,56,5,61
Santa Cruz,7/30/2020,15,12,27
Contra Costa,7/30/2020,106,38,144
Sacramento,7/30/2020,281,48,329
San Bernardino,7/30/2020,596,81,677
Humboldt,7/30/2020,0,1,1
Riverside,7/30/2020,452,93,545
Siskiyou,7/30/2020,1,3,4
Placer,7/30/2020,59,37,96
Ventura,7/30/2020,80,39,119
Napa,7/30/2020,12,0,12
El Dorado,7/30/2020,1,0,1
San Benito,7/30/2020,3,0,3
San Diego,7/30/2020,348,72,420
Shasta,7/30/2020,10,0,10
Kings,7/30/2020,74,0,74
Yuba,7/30/2020,17,0,17
Lake,7/30/2020,0,0,0
Orange,7/31/2020,546,38,584
Kern,7/31/2020,239,17,256
San Francisco,7/31/2020,102,19,121
Shasta,7/31/2020,8,0,8
Trinity,7/31/2020,0,2,2
Siskiyou,7/31/2020,1,3,4
Solano,7/31/2020,41,18,59
Santa Clara,7/31/2020,196,35,231
Fresno,7/31/2020,309,34,343
San Joaquin,7/31/2020,221,39,260
El Dorado,7/31/2020,2,2,4
Sacramento,7/31/2020,265,41,306
Riverside,7/31/2020,447,94,541
Humboldt,7/31/2020,0,4,4
Santa Cruz,7/31/2020,12,9,21
Sonoma,7/31/2020,39,14,53
San Mateo,7/31/2020,55,9,64
Mendocino,7/31/2020,8,0,8
Plumas,7/31/2020,0,0,0
Imperial,7/31/2020,50,0,50
Mariposa,7/31/2020,0,0,0
Colusa,7/31/2020,1,1,2
Alameda,7/31/2020,202,49,251
Placer,7/31/2020,60,29,89
San Diego,7/31/2020,315,66,381
Tulare,7/31/2020,98,7,105
Butte,7/31/2020,25,1,26
Glenn,7/31/2020,0,2,2
Yuba,7/31/2020,20,1,21
Monterey,7/31/2020,45,2,47
Santa Barbara,7/31/2020,86,3,89
Nevada,7/31/2020,2,3,5
Yolo,7/31/2020,6,1,7
Modoc,7/31/2020,0,0,0
Marin,7/31/2020,27,3,30
Del Norte,7/31/2020,0,1,1
Napa,7/31/2020,13,1,14
San Benito,7/31/2020,1,0,1
Los Angeles,7/31/2020,1856,516,2372
Madera,7/31/2020,55,12,67
Ventura,7/31/2020,85,40,125
Kings,7/31/2020,72,0,72
Stanislaus,7/31/2020,221,42,263
Sutter,7/31/2020,0,0,0
Inyo,7/31/2020,0,0,0
Contra Costa,7/31/2020,107,45,152
San Bernardino,7/31/2020,568,82,650
Tehama,7/31/2020,0,1,1
Lassen,7/31/2020,0,2,2
Lake,7/31/2020,0,2,2
Calaveras,7/31/2020,0,0,0
San Luis Obispo,7/31/2020,12,5,17
Merced,7/31/2020,51,0,51
Tuolumne,7/31/2020,2,0,2
Amador,7/31/2020,5,0,5
Mono,7/31/2020,1,0,1
Monterey,8/1/2020,43,1,44
Sacramento,8/1/2020,267,35,302
Placer,8/1/2020,58,34,92
Mono,8/1/2020,1,0,1
Del Norte,8/1/2020,0,0,0
El Dorado,8/1/2020,2,2,4
San Mateo,8/1/2020,55,9,64
Sonoma,8/1/2020,43,13,56
San Joaquin,8/1/2020,216,53,269
Tuolumne,8/1/2020,2,0,2
San Luis Obispo,8/1/2020,13,5,18
Kern,8/1/2020,232,17,249
Trinity,8/1/2020,0,2,2
Nevada,8/1/2020,1,4,5
Alameda,8/1/2020,198,50,248
Napa,8/1/2020,10,0,10
Madera,8/1/2020,54,7,61
Fresno,8/1/2020,293,39,332
Lassen,8/1/2020,0,2,2
Sutter,8/1/2020,0,0,0
Glenn,8/1/2020,0,2,2
Tulare,8/1/2020,108,9,117
Humboldt,8/1/2020,0,4,4
Siskiyou,8/1/2020,1,2,3
Inyo,8/1/2020,0,0,0
Riverside,8/1/2020,435,111,546
Yuba,8/1/2020,20,1,21
San Francisco,8/1/2020,105,14,119
Marin,8/1/2020,28,6,34
Lake,8/1/2020,1,0,1
Los Angeles,8/1/2020,1784,557,2341
Santa Barbara,8/1/2020,82,5,87
Solano,8/1/2020,48,18,66
Plumas,8/1/2020,0,0,0
Yolo,8/1/2020,8,1,9
San Benito,8/1/2020,4,0,4
Shasta,8/1/2020,8,0,8
San Bernardino,8/1/2020,567,85,652
Imperial,8/1/2020,47,1,48
Contra Costa,8/1/2020,100,48,148
Ventura,8/1/2020,83,42,125
Butte,8/1/2020,29,2,31
Amador,8/1/2020,6,0,6
Calaveras,8/1/2020,0,0,0
Stanislaus,8/1/2020,216,37,253
Merced,8/1/2020,52,0,52
Santa Clara,8/1/2020,183,33,216
Modoc,8/1/2020,0,0,0
Tehama,8/1/2020,0,1,1
Mendocino,8/1/2020,8,0,8
San Diego,8/1/2020,312,72,384
Colusa,8/1/2020,1,2,3
Kings,8/1/2020,72,0,72
Santa Cruz,8/1/2020,12,9,21
Orange,8/1/2020,554,64,618
Mariposa,8/1/2020,0,0,0
Solano,8/2/2020,50,11,61
El Dorado,8/2/2020,2,0,2
San Diego,8/2/2020,305,70,375
Los Angeles,8/2/2020,1757,506,2263
Alameda,8/2/2020,194,42,236
Sonoma,8/2/2020,42,17,59
Humboldt,8/2/2020,0,4,4
Contra Costa,8/2/2020,101,39,140
Merced,8/2/2020,52,3,55
Colusa,8/2/2020,1,0,1
Madera,8/2/2020,48,7,55
San Joaquin,8/2/2020,213,45,258
San Benito,8/2/2020,3,0,3
San Francisco,8/2/2020,98,11,109
San Mateo,8/2/2020,55,12,67
Butte,8/2/2020,27,1,28
Imperial,8/2/2020,53,0,53
Mendocino,8/2/2020,12,0,12
Kings,8/2/2020,73,1,74
Lassen,8/2/2020,0,1,1
Ventura,8/2/2020,82,37,119
Orange,8/2/2020,555,50,605
Siskiyou,8/2/2020,1,2,3
Sacramento,8/2/2020,262,33,295
Santa Clara,8/2/2020,185,36,221
Riverside,8/2/2020,425,87,512
Mono,8/2/2020,1,0,1
Glenn,8/2/2020,0,2,2
Lake,8/2/2020,2,0,2
Santa Barbara,8/2/2020,88,6,94
Yolo,8/2/2020,8,0,8
Fresno,8/2/2020,295,33,328
Amador,8/2/2020,12,0,12
Plumas,8/2/2020,0,0,0
Monterey,8/2/2020,44,3,47
Trinity,8/2/2020,0,0,0
Inyo,8/2/2020,3,0,3
Kern,8/2/2020,321,12,333
Tulare,8/2/2020,101,7,108
Del Norte,8/2/2020,0,0,0
Yuba,8/2/2020,23,0,23
Marin,8/2/2020,26,3,29
Napa,8/2/2020,7,0,7
Sutter,8/2/2020,0,0,0
Tehama,8/2/2020,0,0,0
Mariposa,8/2/2020,0,0,0
Modoc,8/2/2020,0,0,0
Shasta,8/2/2020,8,0,8
Placer,8/2/2020,57,39,96
San Luis Obispo,8/2/2020,13,3,16
Calaveras,8/2/2020,0,0,0
Stanislaus,8/2/2020,205,47,252
San Bernardino,8/2/2020,575,67,642
Santa Cruz,8/2/2020,12,9,21
Nevada,8/2/2020,0,0,0
Tuolumne,8/2/2020,2,0,2
Sacramento,8/3/2020,274,34,308
Stanislaus,8/3/2020,215,43,258
San Benito,8/3/2020,3,0,3
Solano,8/3/2020,44,12,56
Colusa,8/3/2020,1,0,1
Fresno,8/3/2020,297,39,336
Mendocino,8/3/2020,10,0,10
Placer,8/3/2020,62,28,90
Tuolumne,8/3/2020,2,1,3
Alameda,8/3/2020,193,49,242
Mariposa,8/3/2020,0,0,0
Modoc,8/3/2020,0,0,0
Mono,8/3/2020,0,0,0
Trinity,8/3/2020,0,1,1
Tulare,8/3/2020,105,5,110
Orange,8/3/2020,539,66,605
Sonoma,8/3/2020,41,17,58
Santa Clara,8/3/2020,171,31,202
Riverside,8/3/2020,450,93,543
El Dorado,8/3/2020,3,0,3
Contra Costa,8/3/2020,99,40,139
San Luis Obispo,8/3/2020,11,1,12
Napa,8/3/2020,9,7,16
Lassen,8/3/2020,0,1,1
Plumas,8/3/2020,0,0,0
Lake,8/3/2020,0,0,0
Del Norte,8/3/2020,0,1,1
Humboldt,8/3/2020,0,2,2
Madera,8/3/2020,46,14,60
Amador,8/3/2020,10,1,11
Inyo,8/3/2020,3,0,3
Ventura,8/3/2020,88,41,129
Marin,8/3/2020,23,5,28
San Bernardino,8/3/2020,561,76,637
Los Angeles,8/3/2020,1768,541,2309
Calaveras,8/3/2020,0,0,0
Monterey,8/3/2020,47,3,50
Kern,8/3/2020,222,24,246
Kings,8/3/2020,71,0,71
San Francisco,8/3/2020,89,15,104
Sutter,8/3/2020,0,0,0
Yuba,8/3/2020,21,0,21
Shasta,8/3/2020,7,0,7
Glenn,8/3/2020,0,2,2
Santa Barbara,8/3/2020,82,7,89
Tehama,8/3/2020,0,0,0
San Joaquin,8/3/2020,222,31,253
Santa Cruz,8/3/2020,15,11,26
Merced,8/3/2020,56,2,58
Nevada,8/3/2020,0,2,2
Siskiyou,8/3/2020,1,0,1
Yolo,8/3/2020,7,0,7
Imperial,8/3/2020,56,0,56
San Mateo,8/3/2020,58,15,73
San Diego,8/3/2020,294,67,361
Butte,8/3/2020,26,0,26
San Diego,8/4/2020,311,93,404
Napa,8/4/2020,9,1,10
Los Angeles,8/4/2020,1741,556,2297
Fresno,8/4/2020,295,41,336
Sacramento,8/4/2020,262,48,310
San Joaquin,8/4/2020,214,67,281
Monterey,8/4/2020,51,1,52
San Luis Obispo,8/4/2020,12,4,16
Modoc,8/4/2020,0,0,0
Del Norte,8/4/2020,0,0,0
Solano,8/4/2020,42,11,53
Amador,8/4/2020,10,0,10
Stanislaus,8/4/2020,219,52,271
San Bernardino,8/4/2020,541,58,599
San Mateo,8/4/2020,54,12,66
San Benito,8/4/2020,3,0,3
Kern,8/4/2020,212,21,233
Butte,8/4/2020,23,0,23
Colusa,8/4/2020,2,3,5
Marin,8/4/2020,21,5,26
Yuba,8/4/2020,22,0,22
Mono,8/4/2020,0,0,0
Santa Clara,8/4/2020,171,29,200
Glenn,8/4/2020,0,2,2
Ventura,8/4/2020,81,29,110
Merced,8/4/2020,50,1,51
Sutter,8/4/2020,0,0,0
Inyo,8/4/2020,1,0,1
Contra Costa,8/4/2020,95,41,136
Orange,8/4/2020,536,44,580
Kings,8/4/2020,70,0,70
Alameda,8/4/2020,196,54,250
Placer,8/4/2020,65,38,103
Santa Cruz,8/4/2020,12,9,21
Nevada,8/4/2020,1,1,2
Mendocino,8/4/2020,12,0,12
Plumas,8/4/2020,0,0,0
Tulare,8/4/2020,114,4,118
Calaveras,8/4/2020,1,1,2
Yolo,8/4/2020,5,1,6
Mariposa,8/4/2020,0,0,0
Madera,8/4/2020,46,3,49
Lake,8/4/2020,0,1,1
Siskiyou,8/4/2020,1,0,1
El Dorado,8/4/2020,2,1,3
Trinity,8/4/2020,0,4,4
Imperial,8/4/2020,47,0,47
Humboldt,8/4/2020,0,2,2
Sonoma,8/4/2020,42,15,57
Lassen,8/4/2020,0,0,0
Santa Barbara,8/4/2020,81,3,84
Riverside,8/4/2020,411,100,511
San Francisco,8/4/2020,92,12,104
Tehama,8/4/2020,0,0,0
Tuolumne,8/4/2020,3,0,3
Shasta,8/4/2020,5,0,5
Nevada,8/5/2020,1,2,3
San Francisco,8/5/2020,80,14,94
San Joaquin,8/5/2020,206,48,254
Kings,8/5/2020,73,1,74
Marin,8/5/2020,21,2,23
Glenn,8/5/2020,0,2,2
Los Angeles,8/5/2020,1680,602,2282
Orange,8/5/2020,517,75,592
Alameda,8/5/2020,190,56,246
San Diego,8/5/2020,295,76,371
San Mateo,8/5/2020,49,13,62
Tehama,8/5/2020,0,0,0
Lake,8/5/2020,1,1,2
Imperial,8/5/2020,47,0,47
Humboldt,8/5/2020,0,1,1
Santa Barbara,8/5/2020,84,0,84
Sutter,8/5/2020,0,0,0
Santa Clara,8/5/2020,168,31,199
Fresno,8/5/2020,296,40,336
Mono,8/5/2020,1,0,1
Placer,8/5/2020,67,39,106
Contra Costa,8/5/2020,89,37,126
Madera,8/5/2020,45,5,50
Riverside,8/5/2020,415,93,508
Lassen,8/5/2020,0,0,0
Inyo,8/5/2020,1,0,1
San Bernardino,8/5/2020,541,76,617
Yolo,8/5/2020,10,0,10
Monterey,8/5/2020,52,1,53
Mariposa,8/5/2020,0,0,0
Shasta,8/5/2020,7,0,7
San Luis Obispo,8/5/2020,12,5,17
Stanislaus,8/5/2020,223,57,280
San Benito,8/5/2020,2,0,2
Calaveras,8/5/2020,1,3,4
Merced,8/5/2020,51,0,51
Ventura,8/5/2020,79,38,117
Modoc,8/5/2020,0,0,0
Tuolumne,8/5/2020,2,1,3
Plumas,8/5/2020,0,0,0
Sacramento,8/5/2020,262,48,310
Butte,8/5/2020,26,3,29
Tulare,8/5/2020,98,6,104
Trinity,8/5/2020,0,2,2
Solano,8/5/2020,45,15,60
El Dorado,8/5/2020,2,1,3
Sonoma,8/5/2020,43,5,48
Colusa,8/5/2020,1,4,5
Siskiyou,8/5/2020,0,0,0
Kern,8/5/2020,222,7,229
Amador,8/5/2020,6,0,6
Santa Cruz,8/5/2020,12,6,18
Del Norte,8/5/2020,0,0,0
Napa,8/5/2020,8,0,8
Yuba,8/5/2020,25,0,25
Mendocino,8/5/2020,13,0,13
San Francisco,8/6/2020,85,9,94
Los Angeles,8/6/2020,1610,581,2191
Orange,8/6/2020,511,47,558
Mono,8/6/2020,1,0,1
Yolo,8/6/2020,10,0,10
Sacramento,8/6/2020,250,59,309
Santa Barbara,8/6/2020,82,6,88
San Luis Obispo,8/6/2020,11,3,14
Tehama,8/6/2020,2,0,2
Kern,8/6/2020,217,12,229
Tulare,8/6/2020,98,3,101
Alameda,8/6/2020,175,50,225
San Joaquin,8/6/2020,196,26,222
Mariposa,8/6/2020,0,0,0
Trinity,8/6/2020,0,0,0
Modoc,8/6/2020,0,0,0
Calaveras,8/6/2020,2,1,3
Mendocino,8/6/2020,14,0,14
San Diego,8/6/2020,283,59,342
Placer,8/6/2020,63,36,99
Del Norte,8/6/2020,0,5,5
Siskiyou,8/6/2020,0,1,1
Lassen,8/6/2020,0,0,0
Sutter,8/6/2020,0,0,0
Glenn,8/6/2020,0,2,2
San Bernardino,8/6/2020,530,71,601
Monterey,8/6/2020,51,1,52
Plumas,8/6/2020,0,0,0
Lake,8/6/2020,1,1,2
Marin,8/6/2020,24,3,27
Shasta,8/6/2020,7,0,7
Humboldt,8/6/2020,1,1,2
San Mateo,8/6/2020,45,16,61
Yuba,8/6/2020,28,0,28
Sonoma,8/6/2020,37,14,51
Napa,8/6/2020,8,1,9
Ventura,8/6/2020,81,33,114
Nevada,8/6/2020,2,0,2
Colusa,8/6/2020,3,2,5
Fresno,8/6/2020,292,43,335
Contra Costa,8/6/2020,98,35,133
Merced,8/6/2020,55,3,58
Riverside,8/6/2020,409,106,515
Tuolumne,8/6/2020,2,2,4
El Dorado,8/6/2020,3,0,3
Stanislaus,8/6/2020,216,58,274
Santa Cruz,8/6/2020,12,13,25
Kings,8/6/2020,73,0,73
Inyo,8/6/2020,1,0,1
Madera,8/6/2020,46,4,50
Butte,8/6/2020,23,1,24
Amador,8/6/2020,8,0,8
Imperial,8/6/2020,49,0,49
Santa Clara,8/6/2020,175,21,196
Solano,8/6/2020,40,15,55
San Benito,8/6/2020,2,1,3
Merced,8/7/2020,59,0,59
San Luis Obispo,8/7/2020,12,4,16
San Diego,8/7/2020,279,67,346
Tulare,8/7/2020,102,3,105
Del Norte,8/7/2020,1,4,5
Contra Costa,8/7/2020,99,28,127
Mono,8/7/2020,1,0,1
Mendocino,8/7/2020,17,0,17
Placer,8/7/2020,63,39,102
Alameda,8/7/2020,167,47,214
Lake,8/7/2020,4,0,4
Calaveras,8/7/2020,2,0,2
Nevada,8/7/2020,2,0,2
Humboldt,8/7/2020,1,6,7
Tehama,8/7/2020,2,0,2
Butte,8/7/2020,20,0,20
Monterey,8/7/2020,48,3,51
San Benito,8/7/2020,2,0,2
San Mateo,8/7/2020,42,16,58
Inyo,8/7/2020,2,0,2
Napa,8/7/2020,7,3,10
Riverside,8/7/2020,382,105,487
Santa Clara,8/7/2020,170,20,190
Lassen,8/7/2020,0,0,0
Santa Cruz,8/7/2020,13,5,18
Amador,8/7/2020,7,0,7
Plumas,8/7/2020,0,0,0
Orange,8/7/2020,491,51,542
San Bernardino,8/7/2020,493,60,553
Colusa,8/7/2020,5,2,7
San Francisco,8/7/2020,79,11,90
Trinity,8/7/2020,0,0,0
Imperial,8/7/2020,48,0,48
Santa Barbara,8/7/2020,80,6,86
Madera,8/7/2020,41,9,50
El Dorado,8/7/2020,3,0,3
Solano,8/7/2020,39,18,57
Fresno,8/7/2020,279,45,324
Sacramento,8/7/2020,259,74,333
Kings,8/7/2020,71,0,71
Tuolumne,8/7/2020,6,4,10
Marin,8/7/2020,24,2,26
Modoc,8/7/2020,0,0,0
Glenn,8/7/2020,0,2,2
Stanislaus,8/7/2020,211,44,255
Mariposa,8/7/2020,0,0,0
Ventura,8/7/2020,82,22,104
Siskiyou,8/7/2020,0,1,1
Yolo,8/7/2020,6,0,6
Yuba,8/7/2020,30,0,30
San Joaquin,8/7/2020,171,14,185
Los Angeles,8/7/2020,1568,478,2046
Sutter,8/7/2020,0,0,0
Kern,8/7/2020,214,15,229
Shasta,8/7/2020,6,0,6
Sonoma,8/7/2020,36,2,38
Tehama,8/8/2020,2,0,2
San Luis Obispo,8/8/2020,12,4,16
Nevada,8/8/2020,3,0,3
Monterey,8/8/2020,48,0,48
Sonoma,8/8/2020,36,13,49
Madera,8/8/2020,46,19,65
Butte,8/8/2020,23,0,23
Contra Costa,8/8/2020,98,21,119
Mariposa,8/8/2020,1,0,1
Ventura,8/8/2020,78,27,105
Modoc,8/8/2020,0,0,0
Colusa,8/8/2020,6,2,8
Solano,8/8/2020,37,20,57
Lake,8/8/2020,0,1,1
Calaveras,8/8/2020,2,1,3
Inyo,8/8/2020,1,0,1
Marin,8/8/2020,19,0,19
Orange,8/8/2020,487,63,550
Humboldt,8/8/2020,1,5,6
Los Angeles,8/8/2020,1514,513,2027
Riverside,8/8/2020,373,77,450
Shasta,8/8/2020,4,0,4
San Francisco,8/8/2020,77,11,88
Plumas,8/8/2020,0,0,0
Santa Cruz,8/8/2020,13,7,20
Alameda,8/8/2020,163,45,208
San Bernardino,8/8/2020,485,69,554
Fresno,8/8/2020,287,40,327
Yuba,8/8/2020,26,0,26
Tuolumne,8/8/2020,1,3,4
Kings,8/8/2020,63,0,63
Mendocino,8/8/2020,13,0,13
El Dorado,8/8/2020,4,1,5
Imperial,8/8/2020,48,0,48
San Benito,8/8/2020,3,0,3
Napa,8/8/2020,6,0,6
Santa Clara,8/8/2020,176,27,203
Tulare,8/8/2020,94,1,95
Siskiyou,8/8/2020,0,1,1
Merced,8/8/2020,57,0,57
Lassen,8/8/2020,0,0,0
San Diego,8/8/2020,267,56,323
San Mateo,8/8/2020,45,16,61
Trinity,8/8/2020,0,0,0
Santa Barbara,8/8/2020,84,8,92
Yolo,8/8/2020,8,0,8
Sutter,8/8/2020,0,0,0
Amador,8/8/2020,8,0,8
Del Norte,8/8/2020,1,1,2
Kern,8/8/2020,219,14,233
San Joaquin,8/8/2020,167,11,178
Placer,8/8/2020,66,27,93
Sacramento,8/8/2020,263,62,325
Stanislaus,8/8/2020,200,45,245
Glenn,8/8/2020,0,2,2
Mono,8/8/2020,1,0,1
Sonoma,8/9/2020,36,8,44
Santa Clara,8/9/2020,184,27,211
Sutter,8/9/2020,0,0,0
Sacramento,8/9/2020,261,65,326
Plumas,8/9/2020,0,0,0
Calaveras,8/9/2020,2,2,4
San Luis Obispo,8/9/2020,17,4,21
San Joaquin,8/9/2020,176,12,188
Trinity,8/9/2020,0,0,0
Tulare,8/9/2020,86,3,89
Marin,8/9/2020,16,1,17
San Diego,8/9/2020,265,59,324
Yuba,8/9/2020,27,1,28
Colusa,8/9/2020,6,1,7
Placer,8/9/2020,65,25,90
Solano,8/9/2020,42,15,57
Napa,8/9/2020,8,2,10
Kings,8/9/2020,59,0,59
Tehama,8/9/2020,2,0,2
Santa Barbara,8/9/2020,77,5,82
Merced,8/9/2020,52,0,52
San Mateo,8/9/2020,39,17,56
Nevada,8/9/2020,3,0,3
Butte,8/9/2020,20,1,21
Alameda,8/9/2020,169,45,214
Lake,8/9/2020,0,2,2
Orange,8/9/2020,468,53,521
Los Angeles,8/9/2020,1524,468,1992
El Dorado,8/9/2020,3,0,3
San Francisco,8/9/2020,82,16,98
Del Norte,8/9/2020,1,0,1
Madera,8/9/2020,46,8,54
Riverside,8/9/2020,359,95,454
Kern,8/9/2020,212,17,229
Stanislaus,8/9/2020,191,35,226
Imperial,8/9/2020,44,4,48
Ventura,8/9/2020,77,25,102
San Benito,8/9/2020,4,0,4
Amador,8/9/2020,8,1,9
Yolo,8/9/2020,9,0,9
Tuolumne,8/9/2020,0,0,0
Modoc,8/9/2020,0,0,0
Glenn,8/9/2020,0,2,2
Siskiyou,8/9/2020,0,1,1
Shasta,8/9/2020,4,0,4
Contra Costa,8/9/2020,104,37,141
Mariposa,8/9/2020,1,0,1
Santa Cruz,8/9/2020,13,10,23
San Bernardino,8/9/2020,486,67,553
Humboldt,8/9/2020,1,6,7
Mono,8/9/2020,1,0,1
Lassen,8/9/2020,0,0,0
Fresno,8/9/2020,286,29,315
Monterey,8/9/2020,45,4,49
Inyo,8/9/2020,1,1,2
Mendocino,8/9/2020,14,0,14
Trinity,8/10/2020,0,0,0
Mendocino,8/10/2020,15,0,15
Imperial,8/10/2020,39,0,39
Santa Barbara,8/10/2020,79,8,87
Calaveras,8/10/2020,3,1,4
Tulare,8/10/2020,98,7,105
Marin,8/10/2020,18,2,20
Santa Clara,8/10/2020,187,18,205
Merced,8/10/2020,50,1,51
San Bernardino,8/10/2020,468,81,549
Placer,8/10/2020,65,34,99
San Diego,8/10/2020,262,62,324
Shasta,8/10/2020,3,0,3
Colusa,8/10/2020,5,2,7
Siskiyou,8/10/2020,0,1,1
Alameda,8/10/2020,166,38,204
Glenn,8/10/2020,0,2,2
San Francisco,8/10/2020,84,12,96
Fresno,8/10/2020,273,37,310
Los Angeles,8/10/2020,1538,446,1984
Kern,8/10/2020,202,24,226
Amador,8/10/2020,7,1,8
Mono,8/10/2020,1,0,1
Nevada,8/10/2020,4,1,5
Plumas,8/10/2020,0,0,0
Orange,8/10/2020,441,71,512
Mariposa,8/10/2020,0,0,0
Stanislaus,8/10/2020,205,65,270
El Dorado,8/10/2020,4,0,4
Kings,8/10/2020,58,0,58
San Luis Obispo,8/10/2020,19,3,22
San Mateo,8/10/2020,41,19,60
Ventura,8/10/2020,79,33,112
Del Norte,8/10/2020,1,1,2
Riverside,8/10/2020,358,92,450
Inyo,8/10/2020,2,2,4
Yuba,8/10/2020,24,1,25
Napa,8/10/2020,8,2,10
Humboldt,8/10/2020,2,6,8
Monterey,8/10/2020,44,5,49
San Joaquin,8/10/2020,171,7,178
Lake,8/10/2020,0,2,2
Sonoma,8/10/2020,35,8,43
Tehama,8/10/2020,2,0,2
Modoc,8/10/2020,0,0,0
Sutter,8/10/2020,0,0,0
Lassen,8/10/2020,0,0,0
Madera,8/10/2020,38,15,53
Butte,8/10/2020,19,0,19
Contra Costa,8/10/2020,99,30,129
Sacramento,8/10/2020,265,48,313
Tuolumne,8/10/2020,1,0,1
Solano,8/10/2020,38,15,53
Yolo,8/10/2020,8,0,8
Santa Cruz,8/10/2020,14,7,21
San Benito,8/10/2020,6,0,6
Sutter,8/11/2020,0,0,0
Nevada,8/11/2020,2,2,4
Amador,8/11/2020,7,2,9
San Joaquin,8/11/2020,165,16,181
Placer,8/11/2020,67,24,91
Colusa,8/11/2020,5,2,7
Calaveras,8/11/2020,3,0,3
Butte,8/11/2020,18,0,18
Marin,8/11/2020,14,0,14
Fresno,8/11/2020,273,31,304
Kings,8/11/2020,59,0,59
Los Angeles,8/11/2020,1481,470,1951
Trinity,8/11/2020,0,0,0
Kern,8/11/2020,204,11,215
San Diego,8/11/2020,263,73,336
Napa,8/11/2020,8,0,8
San Francisco,8/11/2020,88,14,102
Sacramento,8/11/2020,260,31,291
Riverside,8/11/2020,335,101,436
Lassen,8/11/2020,0,0,0
Merced,8/11/2020,44,1,45
Mono,8/11/2020,1,0,1
San Luis Obispo,8/11/2020,17,4,21
Sonoma,8/11/2020,43,10,53
San Benito,8/11/2020,5,0,5
San Mateo,8/11/2020,47,14,61
Shasta,8/11/2020,2,2,4
Orange,8/11/2020,440,66,506
Alameda,8/11/2020,170,53,223
Siskiyou,8/11/2020,0,0,0
San Bernardino,8/11/2020,472,56,528
Inyo,8/11/2020,1,2,3
Humboldt,8/11/2020,2,3,5
Mariposa,8/11/2020,0,0,0
Santa Barbara,8/11/2020,75,14,89
Tulare,8/11/2020,86,8,94
Contra Costa,8/11/2020,95,27,122
Modoc,8/11/2020,0,0,0
Plumas,8/11/2020,0,1,1
Mendocino,8/11/2020,14,0,14
Yolo,8/11/2020,9,0,9
Monterey,8/11/2020,54,5,59
Santa Clara,8/11/2020,170,25,195
Stanislaus,8/11/2020,197,65,262
El Dorado,8/11/2020,2,0,2
Tuolumne,8/11/2020,1,0,1
Yuba,8/11/2020,26,0,26
Lake,8/11/2020,0,2,2
Tehama,8/11/2020,2,2,4
Madera,8/11/2020,44,11,55
Ventura,8/11/2020,79,34,113
Santa Cruz,8/11/2020,13,8,21
Del Norte,8/11/2020,2,1,3
Glenn,8/11/2020,0,2,2
Imperial,8/11/2020,36,1,37
Solano,8/11/2020,41,11,52
Sutter,8/12/2020,0,0,0
San Francisco,8/12/2020,92,21,113
Colusa,8/12/2020,5,2,7
Madera,8/12/2020,37,9,46
Yuba,8/12/2020,26,1,27
Lake,8/12/2020,0,1,1
San Diego,8/12/2020,244,76,320
Orange,8/12/2020,438,42,480
San Joaquin,8/12/2020,155,17,172
San Mateo,8/12/2020,49,14,63
Riverside,8/12/2020,307,84,391
Trinity,8/12/2020,0,0,0
San Bernardino,8/12/2020,468,81,549
Butte,8/12/2020,18,0,18
Santa Cruz,8/12/2020,12,12,24
Kern,8/12/2020,187,15,202
Tuolumne,8/12/2020,2,0,2
Marin,8/12/2020,11,4,15
Placer,8/12/2020,62,34,96
Mendocino,8/12/2020,16,0,16
Tehama,8/12/2020,2,0,2
Alameda,8/12/2020,172,46,218
Lassen,8/12/2020,0,0,0
Glenn,8/12/2020,0,2,2
Shasta,8/12/2020,4,0,4
Stanislaus,8/12/2020,186,48,234
Los Angeles,8/12/2020,1415,472,1887
Humboldt,8/12/2020,3,2,5
Modoc,8/12/2020,0,0,0
Inyo,8/12/2020,1,2,3
Siskiyou,8/12/2020,0,1,1
Imperial,8/12/2020,41,0,41
Napa,8/12/2020,6,0,6
Kings,8/12/2020,51,0,51
Contra Costa,8/12/2020,100,28,128
Santa Barbara,8/12/2020,73,6,79
Mariposa,8/12/2020,0,0,0
Amador,8/12/2020,5,0,5
Fresno,8/12/2020,260,39,299
Yolo,8/12/2020,8,0,8
Merced,8/12/2020,43,1,44
El Dorado,8/12/2020,2,0,2
Sacramento,8/12/2020,253,38,291
Santa Clara,8/12/2020,167,25,192
Tulare,8/12/2020,84,6,90
San Luis Obispo,8/12/2020,17,6,23
Ventura,8/12/2020,76,29,105
Solano,8/12/2020,37,9,46
Del Norte,8/12/2020,2,0,2
Mono,8/12/2020,1,0,1
Nevada,8/12/2020,6,1,7
Plumas,8/12/2020,0,0,0
Sonoma,8/12/2020,38,10,48
Monterey,8/12/2020,46,4,50
Calaveras,8/12/2020,2,0,2
San Benito,8/12/2020,6,0,6
Contra Costa,8/13/2020,97,15,112
Mariposa,8/13/2020,0,0,0
San Joaquin,8/13/2020,145,14,159
Trinity,8/13/2020,0,0,0
Butte,8/13/2020,21,0,21
Madera,8/13/2020,31,9,40
Stanislaus,8/13/2020,197,65,262
Santa Clara,8/13/2020,171,20,191
Sutter,8/13/2020,0,0,0
Monterey,8/13/2020,54,3,57
Humboldt,8/13/2020,2,4,6
Glenn,8/13/2020,0,2,2
Mono,8/13/2020,1,0,1
San Francisco,8/13/2020,97,13,110
Inyo,8/13/2020,4,1,5
Nevada,8/13/2020,3,2,5
San Bernardino,8/13/2020,481,70,551
Alameda,8/13/2020,165,40,205
San Diego,8/13/2020,244,65,309
Fresno,8/13/2020,250,37,287
Kern,8/13/2020,172,16,188
Mendocino,8/13/2020,15,0,15
Solano,8/13/2020,41,8,49
Shasta,8/13/2020,6,0,6
Imperial,8/13/2020,35,0,35
Tehama,8/13/2020,0,0,0
Riverside,8/13/2020,314,89,403
Marin,8/13/2020,9,1,10
Lake,8/13/2020,0,0,0
Santa Cruz,8/13/2020,11,12,23
Merced,8/13/2020,44,1,45
Kings,8/13/2020,49,2,51
Amador,8/13/2020,7,0,7
Los Angeles,8/13/2020,1393,520,1913
Santa Barbara,8/13/2020,68,4,72
Yolo,8/13/2020,5,0,5
Siskiyou,8/13/2020,0,1,1
Napa,8/13/2020,6,0,6
San Mateo,8/13/2020,49,17,66
Lassen,8/13/2020,0,0,0
El Dorado,8/13/2020,2,0,2
Plumas,8/13/2020,0,0,0
Ventura,8/13/2020,75,30,105
Tuolumne,8/13/2020,2,0,2
Calaveras,8/13/2020,12,1,13
Modoc,8/13/2020,0,0,0
Del Norte,8/13/2020,1,0,1
San Benito,8/13/2020,8,0,8
Sonoma,8/13/2020,42,4,46
Tulare,8/13/2020,86,4,90
Sacramento,8/13/2020,240,29,269
Placer,8/13/2020,53,23,76
Colusa,8/13/2020,5,0,5
Orange,8/13/2020,436,50,486
Yuba,8/13/2020,25,0,25
San Luis Obispo,8/13/2020,15,3,18
Del Norte,8/14/2020,0,4,4
Stanislaus,8/14/2020,192,51,243
Humboldt,8/14/2020,2,4,6
Shasta,8/14/2020,7,0,7
Calaveras,8/14/2020,3,1,4
El Dorado,8/14/2020,1,0,1
Merced,8/14/2020,41,3,44
Trinity,8/14/2020,0,0,0
Santa Barbara,8/14/2020,63,4,67
San Joaquin,8/14/2020,149,17,166
Santa Cruz,8/14/2020,9,12,21
Inyo,8/14/2020,4,0,4
Sutter,8/14/2020,0,0,0
Placer,8/14/2020,53,22,75
Amador,8/14/2020,7,1,8
Kern,8/14/2020,172,14,186
Contra Costa,8/14/2020,93,23,116
San Francisco,8/14/2020,94,13,107
Nevada,8/14/2020,2,0,2
Butte,8/14/2020,20,0,20
Plumas,8/14/2020,0,0,0
Mono,8/14/2020,1,0,1
Colusa,8/14/2020,5,1,6
Tehama,8/14/2020,1,0,1
San Diego,8/14/2020,227,73,300
Alameda,8/14/2020,172,38,210
Imperial,8/14/2020,36,1,37
Lake,8/14/2020,0,0,0
Tulare,8/14/2020,77,5,82
Tuolumne,8/14/2020,2,1,3
Sacramento,8/14/2020,249,31,280
San Benito,8/14/2020,9,0,9
Santa Clara,8/14/2020,164,16,180
Marin,8/14/2020,13,6,19
Madera,8/14/2020,30,17,47
San Luis Obispo,8/14/2020,17,3,20
Napa,8/14/2020,5,3,8
Fresno,8/14/2020,249,23,272
Ventura,8/14/2020,78,22,100
Monterey,8/14/2020,48,2,50
Yolo,8/14/2020,4,0,4
Sonoma,8/14/2020,45,9,54
Los Angeles,8/14/2020,1357,556,1913
Glenn,8/14/2020,0,2,2
Modoc,8/14/2020,0,0,0
Orange,8/14/2020,434,60,494
Yuba,8/14/2020,27,1,28
Solano,8/14/2020,49,6,55
Lassen,8/14/2020,0,1,1
Mendocino,8/14/2020,13,0,13
Siskiyou,8/14/2020,0,1,1
San Mateo,8/14/2020,58,10,68
San Bernardino,8/14/2020,475,61,536
Kings,8/14/2020,40,2,42
Riverside,8/14/2020,315,95,410
Mariposa,8/14/2020,0,0,0
Humboldt,8/15/2020,2,6,8
Tehama,8/15/2020,1,0,1
Sacramento,8/15/2020,249,45,294
Plumas,8/15/2020,0,0,0
Mendocino,8/15/2020,10,1,11
Mono,8/15/2020,1,0,1
San Diego,8/15/2020,221,52,273
Tuolumne,8/15/2020,2,1,3
Tulare,8/15/2020,68,3,71
Napa,8/15/2020,6,4,10
Inyo,8/15/2020,3,0,3
Colusa,8/15/2020,2,0,2
Shasta,8/15/2020,9,0,9
Calaveras,8/15/2020,2,0,2
Orange,8/15/2020,422,73,495
Kern,8/15/2020,175,11,186
San Mateo,8/15/2020,57,17,74
Del Norte,8/15/2020,0,1,1
Nevada,8/15/2020,2,0,2
Stanislaus,8/15/2020,198,49,247
Merced,8/15/2020,34,0,34
Siskiyou,8/15/2020,0,0,0
San Francisco,8/15/2020,94,24,118
Glenn,8/15/2020,0,2,2
Sonoma,8/15/2020,48,3,51
Los Angeles,8/15/2020,1341,573,1914
Modoc,8/15/2020,0,0,0
Yolo,8/15/2020,4,0,4
Amador,8/15/2020,7,0,7
Madera,8/15/2020,28,26,54
San Luis Obispo,8/15/2020,18,3,21
Santa Barbara,8/15/2020,62,4,66
Santa Cruz,8/15/2020,9,9,18
Monterey,8/15/2020,52,1,53
San Joaquin,8/15/2020,140,24,164
El Dorado,8/15/2020,2,0,2
Mariposa,8/15/2020,0,0,0
Kings,8/15/2020,42,3,45
Riverside,8/15/2020,302,82,384
Placer,8/15/2020,58,22,80
Alameda,8/15/2020,181,48,229
Contra Costa,8/15/2020,95,24,119
Butte,8/15/2020,20,0,20
Santa Clara,8/15/2020,170,8,178
Lassen,8/15/2020,0,1,1
Yuba,8/15/2020,27,0,27
Sutter,8/15/2020,0,0,0
Lake,8/15/2020,0,1,1
Marin,8/15/2020,15,4,19
Fresno,8/15/2020,245,30,275
Ventura,8/15/2020,71,27,98
San Bernardino,8/15/2020,445,96,541
Imperial,8/15/2020,36,1,37
San Benito,8/15/2020,9,0,9
Trinity,8/15/2020,0,0,0
Solano,8/15/2020,42,3,45
Butte,8/16/2020,21,0,21
Shasta,8/16/2020,9,0,9
Kern,8/16/2020,171,10,181
Inyo,8/16/2020,3,0,3
San Francisco,8/16/2020,85,23,108
Glenn,8/16/2020,0,2,2
El Dorado,8/16/2020,2,0,2
Marin,8/16/2020,13,5,18
Sonoma,8/16/2020,47,8,55
Santa Cruz,8/16/2020,10,12,22
Trinity,8/16/2020,0,0,0
Plumas,8/16/2020,0,0,0
Fresno,8/16/2020,235,39,274
Humboldt,8/16/2020,2,4,6
Kings,8/16/2020,45,0,45
San Mateo,8/16/2020,58,13,71
Madera,8/16/2020,31,19,50
Siskiyou,8/16/2020,0,0,0
San Bernardino,8/16/2020,437,90,527
Ventura,8/16/2020,71,28,99
Mariposa,8/16/2020,0,0,0
Imperial,8/16/2020,35,1,36
San Luis Obispo,8/16/2020,22,3,25
Amador,8/16/2020,7,0,7
Lassen,8/16/2020,0,0,0
Merced,8/16/2020,0,36,36
Modoc,8/16/2020,0,0,0
Contra Costa,8/16/2020,98,31,129
Tehama,8/16/2020,1,0,1
Monterey,8/16/2020,54,2,56
Calaveras,8/16/2020,2,1,3
Alameda,8/16/2020,188,56,244
Riverside,8/16/2020,296,97,393
Placer,8/16/2020,63,20,83
Napa,8/16/2020,8,0,8
Tuolumne,8/16/2020,1,2,3
Yuba,8/16/2020,27,1,28
Mono,8/16/2020,0,0,0
Colusa,8/16/2020,2,1,3
San Diego,8/16/2020,216,74,290
Yolo,8/16/2020,5,0,5
Sacramento,8/16/2020,251,48,299
Nevada,8/16/2020,1,1,2
Orange,8/16/2020,414,64,478
Lake,8/16/2020,0,1,1
Mendocino,8/16/2020,9,0,9
Sutter,8/16/2020,0,0,0
Tulare,8/16/2020,68,2,70
Santa Barbara,8/16/2020,59,1,60
San Joaquin,8/16/2020,146,26,172
San Benito,8/16/2020,9,0,9
Solano,8/16/2020,40,6,46
Santa Clara,8/16/2020,173,11,184
Stanislaus,8/16/2020,188,63,251
Los Angeles,8/16/2020,1352,555,1907
Del Norte,8/16/2020,0,1,1
Inyo,8/17/2020,4,0,4
Santa Cruz,8/17/2020,12,15,27
Alameda,8/17/2020,205,52,257
Glenn,8/17/2020,0,2,2
Lake,8/17/2020,0,1,1
Santa Barbara,8/17/2020,59,3,62
San Bernardino,8/17/2020,441,80,521
Stanislaus,8/17/2020,196,65,261
Madera,8/17/2020,25,13,38
Merced,8/17/2020,33,1,34
Imperial,8/17/2020,36,1,37
Butte,8/17/2020,22,0,22
Riverside,8/17/2020,300,100,400
Kern,8/17/2020,170,13,183
Sutter,8/17/2020,0,0,0
Kings,8/17/2020,44,1,45
Calaveras,8/17/2020,2,1,3
Fresno,8/17/2020,235,40,275
Siskiyou,8/17/2020,0,0,0
Solano,8/17/2020,39,6,45
Lassen,8/17/2020,0,0,0
San Luis Obispo,8/17/2020,20,3,23
San Mateo,8/17/2020,57,14,71
Yolo,8/17/2020,6,0,6
Nevada,8/17/2020,1,2,3
Trinity,8/17/2020,0,0,0
Tehama,8/17/2020,1,0,1
Placer,8/17/2020,65,25,90
Colusa,8/17/2020,2,0,2
Santa Clara,8/17/2020,170,18,188
Contra Costa,8/17/2020,97,29,126
Tuolumne,8/17/2020,1,0,1
Modoc,8/17/2020,0,0,0
San Francisco,8/17/2020,83,26,109
Del Norte,8/17/2020,0,0,0
Mariposa,8/17/2020,0,0,0
Napa,8/17/2020,6,0,6
Humboldt,8/17/2020,2,2,4
Sacramento,8/17/2020,250,44,294
Los Angeles,8/17/2020,1378,518,1896
El Dorado,8/17/2020,0,0,0
Mono,8/17/2020,0,0,0
Ventura,8/17/2020,70,26,96
Plumas,8/17/2020,0,0,0
San Joaquin,8/17/2020,144,25,169
Monterey,8/17/2020,62,1,63
San Benito,8/17/2020,9,0,9
Mendocino,8/17/2020,9,0,9
Tulare,8/17/2020,68,3,71
Marin,8/17/2020,13,4,17
Amador,8/17/2020,7,0,7
Sonoma,8/17/2020,44,8,52
Yuba,8/17/2020,27,1,28
Orange,8/17/2020,409,82,491
Shasta,8/17/2020,8,0,8
San Diego,8/17/2020,229,74,303
Monterey,8/18/2020,58,1,59
Santa Clara,8/18/2020,173,11,184
Lassen,8/18/2020,0,0,0
Amador,8/18/2020,6,0,6
Contra Costa,8/18/2020,96,34,130
Butte,8/18/2020,24,0,24
San Luis Obispo,8/18/2020,15,2,17
Mendocino,8/18/2020,9,0,9
Riverside,8/18/2020,301,108,409
Merced,8/18/2020,36,3,39
Shasta,8/18/2020,6,0,6
Humboldt,8/18/2020,0,7,7
Santa Cruz,8/18/2020,10,10,20
Yuba,8/18/2020,26,0,26
Modoc,8/18/2020,0,0,0
Alameda,8/18/2020,200,50,250
Sonoma,8/18/2020,43,5,48
Del Norte,8/18/2020,0,0,0
Madera,8/18/2020,29,11,40
Imperial,8/18/2020,35,0,35
Calaveras,8/18/2020,3,2,5
Plumas,8/18/2020,0,0,0
Orange,8/18/2020,419,76,495
San Bernardino,8/18/2020,440,89,529
Glenn,8/18/2020,0,2,2
San Diego,8/18/2020,238,87,325
Sacramento,8/18/2020,248,57,305
San Benito,8/18/2020,10,1,11
Tuolumne,8/18/2020,1,0,1
San Mateo,8/18/2020,53,15,68
Stanislaus,8/18/2020,183,58,241
Los Angeles,8/18/2020,1378,591,1969
Mariposa,8/18/2020,0,0,0
El Dorado,8/18/2020,1,0,1
San Francisco,8/18/2020,96,36,132
Marin,8/18/2020,13,6,19
Siskiyou,8/18/2020,0,0,0
Trinity,8/18/2020,0,0,0
Mono,8/18/2020,0,0,0
Tulare,8/18/2020,59,4,63
Sutter,8/18/2020,0,0,0
Lake,8/18/2020,0,2,2
Kings,8/18/2020,41,2,43
Yolo,8/18/2020,7,1,8
Placer,8/18/2020,64,34,98
Colusa,8/18/2020,2,1,3
Nevada,8/18/2020,0,2,2
Solano,8/18/2020,43,6,49
Ventura,8/18/2020,79,37,116
San Joaquin,8/18/2020,150,22,172
Tehama,8/18/2020,1,0,1
Fresno,8/18/2020,233,27,260
Inyo,8/18/2020,3,2,5
Santa Barbara,8/18/2020,62,8,70
Napa,8/18/2020,6,0,6
Kern,8/18/2020,158,11,169
San Bernardino,8/19/2020,418,82,500
San Mateo,8/19/2020,53,7,60
Nevada,8/19/2020,0,1,1
Los Angeles,8/19/2020,1347,551,1898
Madera,8/19/2020,27,9,36
Mono,8/19/2020,0,0,0
Contra Costa,8/19/2020,93,24,117
Lassen,8/19/2020,0,0,0
Santa Clara,8/19/2020,164,20,184
Kern,8/19/2020,167,12,179
Glenn,8/19/2020,0,2,2
Ventura,8/19/2020,77,48,125
Mariposa,8/19/2020,0,0,0
Orange,8/19/2020,400,59,459
Modoc,8/19/2020,0,0,0
Mendocino,8/19/2020,6,0,6
Yuba,8/19/2020,26,0,26
Sutter,8/19/2020,0,0,0
Kings,8/19/2020,40,2,42
El Dorado,8/19/2020,1,0,1
Solano,8/19/2020,41,5,46
Calaveras,8/19/2020,3,1,4
Sonoma,8/19/2020,40,6,46
Monterey,8/19/2020,51,0,51
San Benito,8/19/2020,9,0,9
Placer,8/19/2020,61,33,94
Siskiyou,8/19/2020,0,0,0
Trinity,8/19/2020,0,0,0
Tulare,8/19/2020,60,3,63
Riverside,8/19/2020,267,121,388
Shasta,8/19/2020,6,0,6
San Joaquin,8/19/2020,149,25,174
Butte,8/19/2020,23,0,23
Yolo,8/19/2020,7,0,7
Colusa,8/19/2020,2,2,4
Santa Barbara,8/19/2020,54,7,61
Tuolumne,8/19/2020,1,0,1
San Diego,8/19/2020,232,48,280
Del Norte,8/19/2020,0,0,0
Imperial,8/19/2020,28,0,28
San Luis Obispo,8/19/2020,15,4,19
Tehama,8/19/2020,2,0,2
Napa,8/19/2020,5,1,6
Humboldt,8/19/2020,0,2,2
Lake,8/19/2020,1,0,1
Inyo,8/19/2020,2,2,4
Stanislaus,8/19/2020,177,45,222
San Francisco,8/19/2020,95,38,133
Alameda,8/19/2020,202,56,258
Merced,8/19/2020,36,3,39
Sacramento,8/19/2020,229,57,286
Amador,8/19/2020,4,0,4
Fresno,8/19/2020,245,28,273
Marin,8/19/2020,12,5,17
Plumas,8/19/2020,0,0,0
Santa Cruz,8/19/2020,12,13,25
Amador,8/20/2020,4,0,4
Del Norte,8/20/2020,0,3,3
Lassen,8/20/2020,0,0,0
Tulare,8/20/2020,63,3,66
Alameda,8/20/2020,204,50,254
Inyo,8/20/2020,2,0,2
Contra Costa,8/20/2020,91,29,120
Orange,8/20/2020,397,46,443
Modoc,8/20/2020,0,0,0
Trinity,8/20/2020,0,0,0
Riverside,8/20/2020,252,123,375
Kings,8/20/2020,43,1,44
Madera,8/20/2020,27,11,38
Yuba,8/20/2020,25,0,25
Lake,8/20/2020,0,0,0
Humboldt,8/20/2020,0,2,2
Sonoma,8/20/2020,40,6,46
San Joaquin,8/20/2020,141,37,178
Butte,8/20/2020,25,0,25
Yolo,8/20/2020,10,0,10
Santa Clara,8/20/2020,155,30,185
San Luis Obispo,8/20/2020,17,2,19
Shasta,8/20/2020,5,0,5
San Benito,8/20/2020,8,0,8
Mariposa,8/20/2020,1,0,1
San Francisco,8/20/2020,106,19,125
Mendocino,8/20/2020,5,0,5
Marin,8/20/2020,11,8,19
Solano,8/20/2020,43,5,48
Imperial,8/20/2020,29,0,29
Monterey,8/20/2020,45,1,46
Santa Barbara,8/20/2020,54,9,63
Tuolumne,8/20/2020,1,0,1
San Diego,8/20/2020,220,64,284
Los Angeles,8/20/2020,1280,509,1789
Sutter,8/20/2020,0,0,0
Kern,8/20/2020,171,12,183
San Bernardino,8/20/2020,386,75,461
El Dorado,8/20/2020,2,1,3
Siskiyou,8/20/2020,0,0,0
Sacramento,8/20/2020,232,46,278
Fresno,8/20/2020,246,27,273
Placer,8/20/2020,64,28,92
Santa Cruz,8/20/2020,12,6,18
Colusa,8/20/2020,3,2,5
Plumas,8/20/2020,0,0,0
Mono,8/20/2020,0,0,0
Stanislaus,8/20/2020,180,40,220
Glenn,8/20/2020,0,2,2
Calaveras,8/20/2020,4,1,5
Ventura,8/20/2020,73,57,130
San Mateo,8/20/2020,56,9,65
Tehama,8/20/2020,2,0,2
Nevada,8/20/2020,2,1,3
Napa,8/20/2020,2,1,3
Merced,8/20/2020,33,1,34
Stanislaus,8/21/2020,178,56,234
Del Norte,8/21/2020,0,3,3
Contra Costa,8/21/2020,100,16,116
Modoc,8/21/2020,0,0,0
Trinity,8/21/2020,0,0,0
Lake,8/21/2020,0,2,2
Amador,8/21/2020,4,0,4
Tuolumne,8/21/2020,1,1,2
Solano,8/21/2020,42,4,46
Sacramento,8/21/2020,224,45,269
Alameda,8/21/2020,207,53,260
Plumas,8/21/2020,0,0,0
Placer,8/21/2020,53,24,77
San Joaquin,8/21/2020,140,24,164
Merced,8/21/2020,33,0,33
Kern,8/21/2020,152,11,163
Calaveras,8/21/2020,4,2,6
Sonoma,8/21/2020,39,5,44
San Mateo,8/21/2020,58,8,66
Riverside,8/21/2020,247,105,352
Butte,8/21/2020,19,0,19
Siskiyou,8/21/2020,0,0,0
Monterey,8/21/2020,49,1,50
El Dorado,8/21/2020,2,1,3
Santa Cruz,8/21/2020,11,7,18
San Francisco,8/21/2020,98,20,118
San Diego,8/21/2020,220,66,286
Imperial,8/21/2020,29,0,29
Yolo,8/21/2020,9,1,10
Yuba,8/21/2020,26,0,26
San Bernardino,8/21/2020,365,81,446
Santa Barbara,8/21/2020,52,7,59
San Luis Obispo,8/21/2020,15,1,16
Santa Clara,8/21/2020,155,23,178
Humboldt,8/21/2020,1,6,7
Colusa,8/21/2020,1,3,4
Ventura,8/21/2020,74,44,118
San Benito,8/21/2020,8,0,8
Inyo,8/21/2020,1,0,1
Tulare,8/21/2020,58,3,61
Madera,8/21/2020,30,12,42
Shasta,8/21/2020,5,0,5
Lassen,8/21/2020,0,0,0
Fresno,8/21/2020,246,37,283
Mono,8/21/2020,0,0,0
Tehama,8/21/2020,1,0,1
Glenn,8/21/2020,0,2,2
Marin,8/21/2020,13,3,16
Sutter,8/21/2020,0,0,0
Mendocino,8/21/2020,5,0,5
Napa,8/21/2020,3,0,3
Orange,8/21/2020,392,56,448
Nevada,8/21/2020,3,1,4
Kings,8/21/2020,38,1,39
Mariposa,8/21/2020,1,0,1
Los Angeles,8/21/2020,1247,479,1726
Lassen,8/22/2020,0,0,0
Glenn,8/22/2020,0,2,2
Ventura,8/22/2020,81,36,117
Contra Costa,8/22/2020,99,19,118
Yuba,8/22/2020,17,1,18
Santa Cruz,8/22/2020,11,3,14
Del Norte,8/22/2020,0,2,2
Amador,8/22/2020,3,1,4
Lake,8/22/2020,0,0,0
San Joaquin,8/22/2020,135,15,150
San Bernardino,8/22/2020,351,68,419
Marin,8/22/2020,15,4,19
Mariposa,8/22/2020,0,0,0
San Benito,8/22/2020,7,0,7
Siskiyou,8/22/2020,0,0,0
Fresno,8/22/2020,246,29,275
Los Angeles,8/22/2020,1219,482,1701
San Mateo,8/22/2020,56,11,67
Inyo,8/22/2020,0,0,0
Stanislaus,8/22/2020,171,52,223
Merced,8/22/2020,32,1,33
Kings,8/22/2020,36,3,39
Trinity,8/22/2020,0,0,0
Kern,8/22/2020,155,8,163
San Diego,8/22/2020,222,49,271
Santa Clara,8/22/2020,152,18,170
Tuolumne,8/22/2020,1,0,1
Sutter,8/22/2020,0,0,0
Orange,8/22/2020,380,46,426
Riverside,8/22/2020,233,86,319
Mono,8/22/2020,0,0,0
Yolo,8/22/2020,6,0,6
Colusa,8/22/2020,2,0,2
Sacramento,8/22/2020,230,40,270
Alameda,8/22/2020,196,52,248
Tulare,8/22/2020,61,5,66
Nevada,8/22/2020,3,2,5
Placer,8/22/2020,49,19,68
Santa Barbara,8/22/2020,54,4,58
Calaveras,8/22/2020,4,2,6
Modoc,8/22/2020,0,0,0
Mendocino,8/22/2020,3,0,3
Monterey,8/22/2020,46,1,47
Madera,8/22/2020,31,6,37
Humboldt,8/22/2020,1,4,5
San Luis Obispo,8/22/2020,16,0,16
El Dorado,8/22/2020,2,0,2
Tehama,8/22/2020,1,0,1
Imperial,8/22/2020,31,0,31
Napa,8/22/2020,4,1,5
Butte,8/22/2020,24,0,24
San Francisco,8/22/2020,90,19,109
Plumas,8/22/2020,0,0,0
Shasta,8/22/2020,7,1,8
Solano,8/22/2020,39,2,41
Sonoma,8/22/2020,39,10,49
Sacramento,8/23/2020,218,33,251
Sutter,8/23/2020,0,0,0
Monterey,8/23/2020,42,1,43
Santa Cruz,8/23/2020,11,2,13
Modoc,8/23/2020,0,0,0
Napa,8/23/2020,5,0,5
Sonoma,8/23/2020,40,9,49
San Diego,8/23/2020,211,78,289
Santa Barbara,8/23/2020,51,9,60
Orange,8/23/2020,388,58,446
Ventura,8/23/2020,79,32,111
Los Angeles,8/23/2020,1200,467,1667
San Benito,8/23/2020,6,0,6
Merced,8/23/2020,30,1,31
San Joaquin,8/23/2020,133,27,160
Butte,8/23/2020,21,0,21
Nevada,8/23/2020,3,2,5
Inyo,8/23/2020,0,0,0
Fresno,8/23/2020,246,27,273
Placer,8/23/2020,47,15,62
Yolo,8/23/2020,7,0,7
Humboldt,8/23/2020,1,4,5
Solano,8/23/2020,43,2,45
Tuolumne,8/23/2020,1,0,1
San Luis Obispo,8/23/2020,15,1,16
Riverside,8/23/2020,224,116,340
San Francisco,8/23/2020,92,17,109
Contra Costa,8/23/2020,95,16,111
Tulare,8/23/2020,51,6,57
Imperial,8/23/2020,33,1,34
Mariposa,8/23/2020,0,0,0
Lassen,8/23/2020,0,0,0
Calaveras,8/23/2020,5,2,7
El Dorado,8/23/2020,1,0,1
Stanislaus,8/23/2020,157,50,207
Lake,8/23/2020,0,1,1
Alameda,8/23/2020,187,46,233
Colusa,8/23/2020,1,0,1
Yuba,8/23/2020,18,1,19
San Mateo,8/23/2020,57,8,65
Plumas,8/23/2020,0,0,0
Shasta,8/23/2020,7,0,7
Siskiyou,8/23/2020,0,0,0
Del Norte,8/23/2020,0,0,0
Tehama,8/23/2020,1,0,1
Marin,8/23/2020,14,5,19
Madera,8/23/2020,27,17,44
Kings,8/23/2020,35,3,38
Mendocino,8/23/2020,3,0,3
Santa Clara,8/23/2020,154,15,169
Amador,8/23/2020,3,0,3
San Bernardino,8/23/2020,356,71,427
Mono,8/23/2020,0,0,0
Kern,8/23/2020,148,6,154
Trinity,8/23/2020,0,0,0
Glenn,8/23/2020,0,2,2
Trinity,8/24/2020,0,0,0
Riverside,8/24/2020,222,96,318
Butte,8/24/2020,24,0,24
Lassen,8/24/2020,0,0,0
Modoc,8/24/2020,0,0,0
Siskiyou,8/24/2020,0,0,0
Inyo,8/24/2020,0,0,0
Del Norte,8/24/2020,0,2,2
San Diego,8/24/2020,228,81,309
San Benito,8/24/2020,7,0,7
Yuba,8/24/2020,17,1,18
Los Angeles,8/24/2020,1186,450,1636
Fresno,8/24/2020,244,28,272
Stanislaus,8/24/2020,161,52,213
Tuolumne,8/24/2020,1,1,2
Merced,8/24/2020,29,1,30
Kings,8/24/2020,33,2,35
San Luis Obispo,8/24/2020,11,2,13
San Mateo,8/24/2020,61,9,70
Kern,8/24/2020,154,7,161
Contra Costa,8/24/2020,91,19,110
Santa Cruz,8/24/2020,11,10,21
Marin,8/24/2020,13,4,17
Mendocino,8/24/2020,2,0,2
Alameda,8/24/2020,179,48,227
San Francisco,8/24/2020,95,22,117
Sutter,8/24/2020,0,0,0
Humboldt,8/24/2020,1,4,5
El Dorado,8/24/2020,1,0,1
Mariposa,8/24/2020,0,0,0
Colusa,8/24/2020,1,0,1
Sonoma,8/24/2020,42,4,46
Santa Barbara,8/24/2020,54,4,58
Ventura,8/24/2020,76,25,101
San Joaquin,8/24/2020,131,22,153
Napa,8/24/2020,5,1,6
Mono,8/24/2020,0,0,0
Shasta,8/24/2020,7,0,7
Glenn,8/24/2020,0,2,2
Tulare,8/24/2020,49,8,57
Lake,8/24/2020,0,0,0
San Bernardino,8/24/2020,335,67,402
Nevada,8/24/2020,3,2,5
Sacramento,8/24/2020,221,35,256
Imperial,8/24/2020,33,0,33
Santa Clara,8/24/2020,147,16,163
Monterey,8/24/2020,40,1,41
Placer,8/24/2020,44,28,72
Calaveras,8/24/2020,5,1,6
Madera,8/24/2020,24,6,30
Amador,8/24/2020,4,0,4
Solano,8/24/2020,39,2,41
Yolo,8/24/2020,8,0,8
Orange,8/24/2020,385,74,459
Tehama,8/24/2020,0,0,0
Plumas,8/24/2020,0,0,0
Kern,8/25/2020,155,3,158
Humboldt,8/25/2020,1,0,1
Tehama,8/25/2020,0,0,0
Kings,8/25/2020,34,1,35
Mono,8/25/2020,0,0,0
Ventura,8/25/2020,72,30,102
Sacramento,8/25/2020,222,33,255
Colusa,8/25/2020,1,3,4
Butte,8/25/2020,17,1,18
Trinity,8/25/2020,0,0,0
Napa,8/25/2020,5,1,6
San Joaquin,8/25/2020,131,22,153
San Francisco,8/25/2020,89,19,108
San Diego,8/25/2020,235,88,323
Madera,8/25/2020,24,7,31
Merced,8/25/2020,25,0,25
Mariposa,8/25/2020,0,0,0
Calaveras,8/25/2020,4,4,8
Alameda,8/25/2020,179,50,229
Marin,8/25/2020,15,4,19
Lake,8/25/2020,1,1,2
Shasta,8/25/2020,5,0,5
San Benito,8/25/2020,6,0,6
Monterey,8/25/2020,42,0,42
Tuolumne,8/25/2020,2,0,2
Lassen,8/25/2020,0,0,0
Stanislaus,8/25/2020,159,52,211
San Luis Obispo,8/25/2020,12,1,13
Siskiyou,8/25/2020,0,0,0
San Bernardino,8/25/2020,321,59,380
Placer,8/25/2020,41,26,67
Orange,8/25/2020,399,68,467
Los Angeles,8/25/2020,1168,517,1685
Contra Costa,8/25/2020,89,14,103
Glenn,8/25/2020,0,2,2
Yuba,8/25/2020,20,0,20
Riverside,8/25/2020,225,84,309
Fresno,8/25/2020,230,26,256
Amador,8/25/2020,3,0,3
Inyo,8/25/2020,0,0,0
Modoc,8/25/2020,0,0,0
Plumas,8/25/2020,0,0,0
Santa Cruz,8/25/2020,8,9,17
Tulare,8/25/2020,51,5,56
Mendocino,8/25/2020,3,0,3
Santa Clara,8/25/2020,148,12,160
Sonoma,8/25/2020,43,6,49
El Dorado,8/25/2020,1,1,2
Sutter,8/25/2020,0,0,0
Solano,8/25/2020,34,3,37
Del Norte,8/25/2020,0,0,0
San Mateo,8/25/2020,50,11,61
Nevada,8/25/2020,2,0,2
Imperial,8/25/2020,34,1,35
Yolo,8/25/2020,7,0,7
Santa Barbara,8/25/2020,52,8,60
Tulare,8/26/2020,61,6,67
Napa,8/26/2020,6,1,7
San Joaquin,8/26/2020,137,24,161
Yolo,8/26/2020,7,0,7
Los Angeles,8/26/2020,1168,466,1634
San Bernardino,8/26/2020,318,49,367
Glenn,8/26/2020,0,2,2
San Mateo,8/26/2020,51,10,61
San Francisco,8/26/2020,87,12,99
Contra Costa,8/26/2020,88,21,109
San Diego,8/26/2020,228,88,316
Madera,8/26/2020,23,12,35
Merced,8/26/2020,24,3,27
Fresno,8/26/2020,218,39,257
Modoc,8/26/2020,0,0,0
Sacramento,8/26/2020,215,39,254
Trinity,8/26/2020,0,0,0
Orange,8/26/2020,372,51,423
Del Norte,8/26/2020,0,0,0
Yuba,8/26/2020,19,1,20
Sutter,8/26/2020,0,0,0
Shasta,8/26/2020,4,0,4
Butte,8/26/2020,20,1,21
Mariposa,8/26/2020,0,0,0
Tuolumne,8/26/2020,2,0,2
El Dorado,8/26/2020,1,1,2
Amador,8/26/2020,2,0,2
Plumas,8/26/2020,0,0,0
Monterey,8/26/2020,39,1,40
Santa Clara,8/26/2020,142,19,161
Santa Cruz,8/26/2020,8,10,18
Ventura,8/26/2020,74,31,105
Imperial,8/26/2020,31,2,33
San Luis Obispo,8/26/2020,13,5,18
Calaveras,8/26/2020,4,1,5
San Benito,8/26/2020,4,0,4
Nevada,8/26/2020,1,1,2
Colusa,8/26/2020,1,2,3
Lassen,8/26/2020,0,0,0
Kings,8/26/2020,34,1,35
Kern,8/26/2020,140,2,142
Marin,8/26/2020,17,2,19
Lake,8/26/2020,1,1,2
Solano,8/26/2020,37,2,39
Sonoma,8/26/2020,39,4,43
Alameda,8/26/2020,190,48,238
Santa Barbara,8/26/2020,40,3,43
Inyo,8/26/2020,0,0,0
Stanislaus,8/26/2020,159,31,190
Mono,8/26/2020,0,0,0
Humboldt,8/26/2020,1,1,2
Mendocino,8/26/2020,3,0,3
Placer,8/26/2020,38,16,54
Riverside,8/26/2020,226,95,321
Tehama,8/26/2020,0,0,0
Siskiyou,8/26/2020,0,0,0
Yolo,8/27/2020,6,0,6
Plumas,8/27/2020,0,0,0
Yuba,8/27/2020,18,3,21
Mariposa,8/27/2020,0,0,0
San Diego,8/27/2020,227,72,299
Riverside,8/27/2020,223,87,310
Shasta,8/27/2020,4,0,4
Solano,8/27/2020,33,2,35
Monterey,8/27/2020,38,1,39
Santa Barbara,8/27/2020,40,2,42
Glenn,8/27/2020,0,2,2
Fresno,8/27/2020,215,34,249
Ventura,8/27/2020,78,24,102
Sonoma,8/27/2020,40,4,44
Tulare,8/27/2020,51,3,54
Butte,8/27/2020,19,0,19
Tehama,8/27/2020,0,0,0
San Mateo,8/27/2020,52,8,60
Marin,8/27/2020,10,9,19
Lake,8/27/2020,1,1,2
Modoc,8/27/2020,0,0,0
Amador,8/27/2020,4,0,4
Nevada,8/27/2020,2,0,2
Inyo,8/27/2020,0,0,0
Kern,8/27/2020,147,3,150
Siskiyou,8/27/2020,0,0,0
Napa,8/27/2020,5,1,6
Trinity,8/27/2020,0,0,0
Colusa,8/27/2020,10,0,10
Mono,8/27/2020,0,0,0
Santa Clara,8/27/2020,140,18,158
Lassen,8/27/2020,0,0,0
Imperial,8/27/2020,32,1,33
Los Angeles,8/27/2020,1116,449,1565
Sutter,8/27/2020,0,0,0
Tuolumne,8/27/2020,2,0,2
Stanislaus,8/27/2020,166,39,205
El Dorado,8/27/2020,1,2,3
Merced,8/27/2020,22,4,26
San Bernardino,8/27/2020,306,55,361
San Luis Obispo,8/27/2020,12,5,17
Alameda,8/27/2020,198,47,245
Placer,8/27/2020,38,21,59
Sacramento,8/27/2020,207,30,237
San Benito,8/27/2020,3,0,3
Calaveras,8/27/2020,3,1,4
Contra Costa,8/27/2020,99,22,121
Kings,8/27/2020,33,0,33
Madera,8/27/2020,24,20,44
Orange,8/27/2020,351,49,400
San Joaquin,8/27/2020,137,21,158
Del Norte,8/27/2020,0,0,0
Humboldt,8/27/2020,1,2,3
Santa Cruz,8/27/2020,7,8,15
Mendocino,8/27/2020,5,0,5
San Francisco,8/27/2020,79,12,91
Tuolumne,8/28/2020,2,0,2
San Bernardino,8/28/2020,305,49,354
Santa Barbara,8/28/2020,44,9,53
Riverside,8/28/2020,216,81,297
Solano,8/28/2020,31,5,36
Yolo,8/28/2020,6,0,6
Alameda,8/28/2020,202,46,248
San Luis Obispo,8/28/2020,14,2,16
San Diego,8/28/2020,223,59,282
Humboldt,8/28/2020,1,1,2
Santa Clara,8/28/2020,139,15,154
Modoc,8/28/2020,0,0,0
Madera,8/28/2020,25,12,37
Lassen,8/28/2020,0,0,0
Kern,8/28/2020,130,4,134
Los Angeles,8/28/2020,1089,423,1512
El Dorado,8/28/2020,0,0,0
Merced,8/28/2020,24,2,26
Santa Cruz,8/28/2020,9,6,15
Imperial,8/28/2020,32,0,32
Shasta,8/28/2020,3,0,3
Placer,8/28/2020,41,21,62
Ventura,8/28/2020,71,24,95
Yuba,8/28/2020,18,2,20
Mendocino,8/28/2020,5,0,5
Del Norte,8/28/2020,0,0,0
Napa,8/28/2020,3,0,3
Siskiyou,8/28/2020,0,0,0
Contra Costa,8/28/2020,92,28,120
Butte,8/28/2020,19,0,19
Mono,8/28/2020,0,0,0
Sacramento,8/28/2020,202,28,230
Amador,8/28/2020,4,0,4
Lake,8/28/2020,1,2,3
Kings,8/28/2020,32,0,32
Marin,8/28/2020,14,1,15
San Francisco,8/28/2020,74,18,92
Glenn,8/28/2020,0,0,0
Colusa,8/28/2020,11,1,12
San Joaquin,8/28/2020,124,20,144
Inyo,8/28/2020,0,0,0
Fresno,8/28/2020,201,27,228
San Mateo,8/28/2020,41,12,53
Mariposa,8/28/2020,0,0,0
Monterey,8/28/2020,31,0,31
Calaveras,8/28/2020,2,0,2
Trinity,8/28/2020,0,0,0
Plumas,8/28/2020,0,0,0
Sutter,8/28/2020,0,0,0
Nevada,8/28/2020,2,0,2
Sonoma,8/28/2020,38,9,47
San Benito,8/28/2020,2,0,2
Tehama,8/28/2020,1,0,1
Stanislaus,8/28/2020,156,34,190
Orange,8/28/2020,341,46,387
Tulare,8/28/2020,51,4,55
Nevada,8/29/2020,2,0,2
San Bernardino,8/29/2020,292,42,334
Yolo,8/29/2020,5,0,5
Solano,8/29/2020,34,6,40
Stanislaus,8/29/2020,145,39,184
Lassen,8/29/2020,0,0,0
Mariposa,8/29/2020,0,0,0
Santa Barbara,8/29/2020,43,5,48
San Luis Obispo,8/29/2020,12,3,15
Sutter,8/29/2020,0,0,0
Sonoma,8/29/2020,34,5,39
San Mateo,8/29/2020,41,12,53
Shasta,8/29/2020,4,0,4
Glenn,8/29/2020,0,0,0
Mendocino,8/29/2020,2,0,2
Monterey,8/29/2020,31,0,31
Orange,8/29/2020,329,48,377
Tulare,8/29/2020,51,2,53
El Dorado,8/29/2020,1,0,1
San Francisco,8/29/2020,74,11,85
Butte,8/29/2020,17,0,17
Plumas,8/29/2020,0,0,0
Yuba,8/29/2020,20,0,20
Contra Costa,8/29/2020,95,10,105
Napa,8/29/2020,2,1,3
Kings,8/29/2020,32,0,32
Inyo,8/29/2020,0,0,0
Trinity,8/29/2020,0,0,0
Siskiyou,8/29/2020,0,0,0
Modoc,8/29/2020,0,0,0
Marin,8/29/2020,11,3,14
Humboldt,8/29/2020,1,1,2
Del Norte,8/29/2020,0,1,1
Amador,8/29/2020,1,0,1
Calaveras,8/29/2020,2,1,3
Tuolumne,8/29/2020,2,0,2
Santa Clara,8/29/2020,144,22,166
San Benito,8/29/2020,2,0,2
Lake,8/29/2020,1,0,1
Kern,8/29/2020,118,6,124
San Diego,8/29/2020,230,73,303
Merced,8/29/2020,25,2,27
Alameda,8/29/2020,188,44,232
Colusa,8/29/2020,10,1,11
Riverside,8/29/2020,217,88,305
Madera,8/29/2020,27,9,36
Santa Cruz,8/29/2020,8,9,17
San Joaquin,8/29/2020,109,24,133
Los Angeles,8/29/2020,1043,415,1458
Imperial,8/29/2020,31,0,31
Ventura,8/29/2020,69,23,92
Fresno,8/29/2020,196,29,225
Placer,8/29/2020,38,23,61
Sacramento,8/29/2020,200,45,245
Tehama,8/29/2020,1,0,1
Mono,8/29/2020,0,0,0
Tehama,8/30/2020,1,0,1
Los Angeles,8/30/2020,1057,386,1443
Tulare,8/30/2020,49,3,52
Orange,8/30/2020,317,61,378
Santa Barbara,8/30/2020,36,4,40
Mono,8/30/2020,0,0,0
Nevada,8/30/2020,2,2,4
Yolo,8/30/2020,5,0,5
Placer,8/30/2020,39,20,59
Glenn,8/30/2020,0,0,0
Madera,8/30/2020,28,9,37
El Dorado,8/30/2020,1,0,1
Mendocino,8/30/2020,2,0,2
Fresno,8/30/2020,190,34,224
Mariposa,8/30/2020,0,0,0
San Luis Obispo,8/30/2020,10,3,13
Santa Clara,8/30/2020,139,25,164
Alameda,8/30/2020,183,37,220
Contra Costa,8/30/2020,91,14,105
Kings,8/30/2020,32,0,32
Yuba,8/30/2020,13,0,13
Marin,8/30/2020,12,3,15
Humboldt,8/30/2020,1,1,2
San Benito,8/30/2020,2,0,2
Sonoma,8/30/2020,33,3,36
Ventura,8/30/2020,72,30,102
San Joaquin,8/30/2020,102,14,116
Sacramento,8/30/2020,196,31,227
Inyo,8/30/2020,0,0,0
Siskiyou,8/30/2020,0,0,0
Amador,8/30/2020,1,0,1
Calaveras,8/30/2020,2,2,4
Stanislaus,8/30/2020,140,31,171
Napa,8/30/2020,3,1,4
Colusa,8/30/2020,10,1,11
Monterey,8/30/2020,35,0,35
San Diego,8/30/2020,234,71,305
Del Norte,8/30/2020,0,0,0
Butte,8/30/2020,18,0,18
San Bernardino,8/30/2020,283,54,337
Trinity,8/30/2020,0,0,0
Lassen,8/30/2020,0,0,0
San Francisco,8/30/2020,70,10,80
Kern,8/30/2020,115,4,119
Merced,8/30/2020,25,1,26
Solano,8/30/2020,33,7,40
Tuolumne,8/30/2020,2,0,2
Santa Cruz,8/30/2020,8,6,14
Imperial,8/30/2020,28,0,28
Lake,8/30/2020,0,0,0
San Mateo,8/30/2020,45,12,57
Plumas,8/30/2020,0,0,0
Shasta,8/30/2020,3,0,3
Modoc,8/30/2020,0,0,0
Sutter,8/30/2020,0,0,0
Riverside,8/30/2020,210,71,281
Yolo,8/31/2020,6,0,6
Madera,8/31/2020,29,12,41
Tuolumne,8/31/2020,1,0,1
Modoc,8/31/2020,0,0,0
Santa Barbara,8/31/2020,41,6,47
Mariposa,8/31/2020,0,0,0
Orange,8/31/2020,307,61,368
Contra Costa,8/31/2020,81,28,109
Glenn,8/31/2020,0,0,0
Monterey,8/31/2020,30,0,30
Humboldt,8/31/2020,1,0,1
Colusa,8/31/2020,10,1,11
Yuba,8/31/2020,12,0,12
Stanislaus,8/31/2020,143,46,189
Mendocino,8/31/2020,2,0,2
Placer,8/31/2020,39,22,61
Del Norte,8/31/2020,0,0,0
Siskiyou,8/31/2020,0,0,0
Nevada,8/31/2020,2,4,6
San Bernardino,8/31/2020,292,63,355
San Mateo,8/31/2020,41,14,55
San Francisco,8/31/2020,74,12,86
Alameda,8/31/2020,173,46,219
Santa Cruz,8/31/2020,9,4,13
Marin,8/31/2020,14,1,15
San Joaquin,8/31/2020,102,14,116
Riverside,8/31/2020,216,54,270
Merced,8/31/2020,27,1,28
Inyo,8/31/2020,0,0,0
San Benito,8/31/2020,2,0,2
Kern,8/31/2020,122,6,128
San Luis Obispo,8/31/2020,10,4,14
Solano,8/31/2020,32,6,38
San Diego,8/31/2020,233,73,306
Fresno,8/31/2020,184,25,209
Los Angeles,8/31/2020,1048,415,1463
Santa Clara,8/31/2020,134,26,160
Sonoma,8/31/2020,31,10,41
Plumas,8/31/2020,0,0,0
Lassen,8/31/2020,0,0,0
Trinity,8/31/2020,0,0,0
Butte,8/31/2020,17,1,18
Kings,8/31/2020,39,1,40
Sutter,8/31/2020,0,0,0
Mono,8/31/2020,0,0,0
Tehama,8/31/2020,1,0,1
Napa,8/31/2020,1,0,1
Sacramento,8/31/2020,196,47,243
Imperial,8/31/2020,27,0,27
Ventura,8/31/2020,65,15,80
Shasta,8/31/2020,2,0,2
Tulare,8/31/2020,50,1,51
Calaveras,8/31/2020,2,1,3
Lake,8/31/2020,0,0,0
El Dorado,8/31/2020,0,0,0
Amador,8/31/2020,1,0,1
Tehama,9/1/2020,2,0,2
Lassen,9/1/2020,0,0,0
Humboldt,9/1/2020,1,2,3
Napa,9/1/2020,2,1,3
Stanislaus,9/1/2020,135,43,178
Merced,9/1/2020,26,1,27
San Joaquin,9/1/2020,102,13,115
Marin,9/1/2020,12,2,14
Mendocino,9/1/2020,4,0,4
Madera,9/1/2020,27,10,37
Orange,9/1/2020,295,64,359
Yolo,9/1/2020,7,0,7
San Francisco,9/1/2020,77,16,93
San Mateo,9/1/2020,37,15,52
Monterey,9/1/2020,28,1,29
Tuolumne,9/1/2020,2,0,2
Amador,9/1/2020,2,0,2
Nevada,9/1/2020,1,1,2
Modoc,9/1/2020,0,0,0
Solano,9/1/2020,31,7,38
San Luis Obispo,9/1/2020,9,4,13
Placer,9/1/2020,37,26,63
Kings,9/1/2020,38,0,38
Siskiyou,9/1/2020,0,0,0
Trinity,9/1/2020,0,0,0
Glenn,9/1/2020,0,0,0
Butte,9/1/2020,17,0,17
Alameda,9/1/2020,162,48,210
Kern,9/1/2020,117,10,127
Santa Cruz,9/1/2020,10,6,16
Plumas,9/1/2020,0,0,0
Santa Barbara,9/1/2020,38,5,43
Riverside,9/1/2020,207,57,264
Los Angeles,9/1/2020,1062,426,1488
Yuba,9/1/2020,13,0,13
Colusa,9/1/2020,6,1,7
Del Norte,9/1/2020,0,0,0
San Diego,9/1/2020,231,76,307
El Dorado,9/1/2020,0,2,2
Contra Costa,9/1/2020,76,22,98
Tulare,9/1/2020,50,2,52
San Benito,9/1/2020,4,0,4
Sutter,9/1/2020,0,0,0
Inyo,9/1/2020,0,1,1
Mono,9/1/2020,0,0,0
Shasta,9/1/2020,3,0,3
Santa Clara,9/1/2020,132,27,159
Mariposa,9/1/2020,0,0,0
Sacramento,9/1/2020,187,47,234
Ventura,9/1/2020,68,31,99
Lake,9/1/2020,0,1,1
Calaveras,9/1/2020,2,2,4
Fresno,9/1/2020,172,34,206
Imperial,9/1/2020,29,0,29
San Bernardino,9/1/2020,283,66,349
Sonoma,9/1/2020,29,8,37
Tehama,9/2/2020,2,0,2
Ventura,9/2/2020,61,30,91
Butte,9/2/2020,17,1,18
Contra Costa,9/2/2020,77,17,94
Tulare,9/2/2020,53,1,54
Santa Clara,9/2/2020,130,28,158
Santa Barbara,9/2/2020,39,5,44
Mendocino,9/2/2020,4,0,4
Fresno,9/2/2020,161,27,188
Los Angeles,9/2/2020,992,386,1378
Mariposa,9/2/2020,0,0,0
San Joaquin,9/2/2020,103,22,125
Placer,9/2/2020,38,20,58
Monterey,9/2/2020,29,1,30
Madera,9/2/2020,25,9,34
Yuba,9/2/2020,17,0,17
Siskiyou,9/2/2020,0,0,0
San Bernardino,9/2/2020,264,59,323
Imperial,9/2/2020,29,0,29
San Diego,9/2/2020,220,70,290
San Luis Obispo,9/2/2020,9,5,14
El Dorado,9/2/2020,0,1,1
Kern,9/2/2020,120,6,126
Glenn,9/2/2020,0,0,0
Calaveras,9/2/2020,4,2,6
Shasta,9/2/2020,4,0,4
Sutter,9/2/2020,0,0,0
San Mateo,9/2/2020,36,11,47
San Francisco,9/2/2020,70,12,82
Mono,9/2/2020,0,0,0
Amador,9/2/2020,3,0,3
Kings,9/2/2020,31,0,31
Plumas,9/2/2020,0,0,0
Lassen,9/2/2020,0,0,0
Tuolumne,9/2/2020,2,1,3
Alameda,9/2/2020,150,41,191
Merced,9/2/2020,27,1,28
Solano,9/2/2020,32,6,38
Humboldt,9/2/2020,1,2,3
Del Norte,9/2/2020,0,0,0
Marin,9/2/2020,14,1,15
Santa Cruz,9/2/2020,11,4,15
Trinity,9/2/2020,0,0,0
Napa,9/2/2020,1,0,1
Sonoma,9/2/2020,31,6,37
Riverside,9/2/2020,189,67,256
Colusa,9/2/2020,1,0,1
Lake,9/2/2020,0,0,0
Nevada,9/2/2020,1,1,2
San Benito,9/2/2020,2,0,2
Modoc,9/2/2020,0,0,0
Orange,9/2/2020,272,60,332
Stanislaus,9/2/2020,131,34,165
Yolo,9/2/2020,8,0,8
Sacramento,9/2/2020,193,29,222
Inyo,9/2/2020,0,1,1
Humboldt,9/3/2020,1,0,1
Solano,9/3/2020,32,13,45
Mono,9/3/2020,0,0,0
Glenn,9/3/2020,0,0,0
Sonoma,9/3/2020,33,2,35
Mariposa,9/3/2020,0,0,0
Santa Clara,9/3/2020,125,27,152
San Bernardino,9/3/2020,252,43,295
Imperial,9/3/2020,27,0,27
Riverside,9/3/2020,185,37,222
Calaveras,9/3/2020,5,0,5
Marin,9/3/2020,16,3,19
Yolo,9/3/2020,8,0,8
Stanislaus,9/3/2020,124,34,158
Yuba,9/3/2020,13,0,13
San Joaquin,9/3/2020,93,19,112
Inyo,9/3/2020,0,0,0
Ventura,9/3/2020,57,19,76
Tehama,9/3/2020,2,0,2
El Dorado,9/3/2020,0,2,2
Sutter,9/3/2020,0,0,0
Santa Cruz,9/3/2020,9,7,16
Contra Costa,9/3/2020,71,13,84
Napa,9/3/2020,3,2,5
Lassen,9/3/2020,0,0,0
Alameda,9/3/2020,147,54,201
Colusa,9/3/2020,1,0,1
Del Norte,9/3/2020,0,0,0
Orange,9/3/2020,264,44,308
Santa Barbara,9/3/2020,40,7,47
Sacramento,9/3/2020,190,32,222
Madera,9/3/2020,25,12,37
Amador,9/3/2020,2,0,2
Nevada,9/3/2020,1,0,1
Trinity,9/3/2020,0,0,0
Butte,9/3/2020,20,1,21
San Luis Obispo,9/3/2020,9,1,10
Monterey,9/3/2020,27,1,28
Modoc,9/3/2020,0,0,0
Tulare,9/3/2020,46,5,51
Lake,9/3/2020,0,0,0
San Benito,9/3/2020,2,0,2
Tuolumne,9/3/2020,2,0,2
Siskiyou,9/3/2020,0,0,0
San Francisco,9/3/2020,63,11,74
Kings,9/3/2020,32,0,32
Los Angeles,9/3/2020,984,362,1346
Merced,9/3/2020,27,3,30
Fresno,9/3/2020,156,25,181
Placer,9/3/2020,41,24,65
Plumas,9/3/2020,0,0,0
San Diego,9/3/2020,218,71,289
Mendocino,9/3/2020,4,0,4
San Mateo,9/3/2020,33,8,41
Kern,9/3/2020,119,6,125
Shasta,9/3/2020,4,0,4
San Bernardino,9/4/2020,239,44,283
Nevada,9/4/2020,1,2,3
Colusa,9/4/2020,1,1,2
Mendocino,9/4/2020,4,0,4
Sonoma,9/4/2020,37,6,43
Plumas,9/4/2020,0,0,0
Mariposa,9/4/2020,0,0,0
Placer,9/4/2020,41,16,57
El Dorado,9/4/2020,0,1,1
Kings,9/4/2020,35,0,35
Santa Cruz,9/4/2020,8,2,10
Amador,9/4/2020,2,0,2
San Mateo,9/4/2020,37,5,42
San Francisco,9/4/2020,58,7,65
Los Angeles,9/4/2020,966,355,1321
Imperial,9/4/2020,25,0,25
Yolo,9/4/2020,8,0,8
Del Norte,9/4/2020,0,0,0
Riverside,9/4/2020,177,39,216
Merced,9/4/2020,23,0,23
Tehama,9/4/2020,2,0,2
Tulare,9/4/2020,44,4,48
Shasta,9/4/2020,3,3,6
Sacramento,9/4/2020,177,33,210
Sutter,9/4/2020,0,0,0
Alameda,9/4/2020,142,35,177
Napa,9/4/2020,3,1,4
Santa Clara,9/4/2020,122,11,133
Solano,9/4/2020,32,8,40
Humboldt,9/4/2020,1,1,2
Marin,9/4/2020,12,3,15
Kern,9/4/2020,98,1,99
San Benito,9/4/2020,3,0,3
Mono,9/4/2020,0,0,0
Butte,9/4/2020,15,0,15
Stanislaus,9/4/2020,126,33,159
Tuolumne,9/4/2020,1,0,1
Monterey,9/4/2020,26,3,29
Contra Costa,9/4/2020,73,14,87
San Diego,9/4/2020,219,59,278
Madera,9/4/2020,25,8,33
Trinity,9/4/2020,0,0,0
Fresno,9/4/2020,153,23,176
Orange,9/4/2020,274,54,328
San Joaquin,9/4/2020,86,15,101
Lake,9/4/2020,0,1,1
Calaveras,9/4/2020,4,1,5
Siskiyou,9/4/2020,0,0,0
San Luis Obispo,9/4/2020,7,3,10
Lassen,9/4/2020,0,0,0
Inyo,9/4/2020,0,1,1
Ventura,9/4/2020,50,30,80
Modoc,9/4/2020,0,0,0
Yuba,9/4/2020,16,0,16
Glenn,9/4/2020,0,0,0
Santa Barbara,9/4/2020,37,6,43
Tehama,9/5/2020,2,0,2
Butte,9/5/2020,15,1,16
Inyo,9/5/2020,0,0,0
Tuolumne,9/5/2020,1,0,1
Los Angeles,9/5/2020,943,361,1304
Monterey,9/5/2020,27,2,29
San Francisco,9/5/2020,51,6,57
Imperial,9/5/2020,26,1,27
Tulare,9/5/2020,52,4,56
Nevada,9/5/2020,0,0,0
Glenn,9/5/2020,0,0,0
Lassen,9/5/2020,0,0,0
Alameda,9/5/2020,145,42,187
Del Norte,9/5/2020,0,1,1
San Mateo,9/5/2020,35,8,43
Colusa,9/5/2020,1,0,1
Fresno,9/5/2020,153,20,173
Lake,9/5/2020,1,0,1
Shasta,9/5/2020,3,1,4
San Diego,9/5/2020,193,67,260
Orange,9/5/2020,253,54,307
Yolo,9/5/2020,10,0,10
San Joaquin,9/5/2020,88,16,104
Placer,9/5/2020,42,21,63
San Bernardino,9/5/2020,243,39,282
Sonoma,9/5/2020,34,7,41
Stanislaus,9/5/2020,131,31,162
San Benito,9/5/2020,1,0,1
Amador,9/5/2020,1,0,1
Santa Clara,9/5/2020,124,17,141
Kern,9/5/2020,83,4,87
Humboldt,9/5/2020,1,1,2
Sacramento,9/5/2020,168,36,204
Madera,9/5/2020,23,13,36
Siskiyou,9/5/2020,0,0,0
Santa Barbara,9/5/2020,41,7,48
Ventura,9/5/2020,50,27,77
Merced,9/5/2020,26,3,29
Trinity,9/5/2020,0,0,0
El Dorado,9/5/2020,0,0,0
Solano,9/5/2020,37,8,45
Kings,9/5/2020,32,1,33
Santa Cruz,9/5/2020,8,3,11
San Luis Obispo,9/5/2020,6,1,7
Mendocino,9/5/2020,4,0,4
Marin,9/5/2020,13,7,20
Plumas,9/5/2020,0,0,0
Mono,9/5/2020,0,0,0
Yuba,9/5/2020,19,0,19
Napa,9/5/2020,3,2,5
Contra Costa,9/5/2020,73,26,99
Calaveras,9/5/2020,3,3,6
Modoc,9/5/2020,0,0,0
Sutter,9/5/2020,0,0,0
Mariposa,9/5/2020,0,0,0
Riverside,9/5/2020,171,49,220
Yuba,9/6/2020,19,0,19
Trinity,9/6/2020,0,0,0
Shasta,9/6/2020,2,1,3
Glenn,9/6/2020,0,0,0
Sonoma,9/6/2020,37,14,51
Lake,9/6/2020,0,1,1
Marin,9/6/2020,13,8,21
San Francisco,9/6/2020,57,17,74
Imperial,9/6/2020,30,1,31
Inyo,9/6/2020,0,0,0
Colusa,9/6/2020,0,1,1
Sacramento,9/6/2020,161,42,203
Stanislaus,9/6/2020,134,31,165
Humboldt,9/6/2020,1,1,2
Del Norte,9/6/2020,0,1,1
Siskiyou,9/6/2020,0,0,0
Sutter,9/6/2020,0,0,0
San Bernardino,9/6/2020,228,39,267
Mono,9/6/2020,0,0,0
Calaveras,9/6/2020,2,2,4
Mariposa,9/6/2020,0,0,0
Tehama,9/6/2020,2,0,2
Modoc,9/6/2020,0,0,0
Lassen,9/6/2020,0,0,0
Merced,9/6/2020,27,6,33
Amador,9/6/2020,2,0,2
Santa Barbara,9/6/2020,44,7,51
Fresno,9/6/2020,152,18,170
Yolo,9/6/2020,9,1,10
Solano,9/6/2020,32,8,40
San Mateo,9/6/2020,30,16,46
Nevada,9/6/2020,2,0,2
San Diego,9/6/2020,195,71,266
Monterey,9/6/2020,28,1,29
Los Angeles,9/6/2020,942,372,1314
San Luis Obispo,9/6/2020,7,3,10
Madera,9/6/2020,25,11,36
El Dorado,9/6/2020,0,0,0
Placer,9/6/2020,41,26,67
Plumas,9/6/2020,0,0,0
Butte,9/6/2020,20,1,21
Tulare,9/6/2020,55,4,59
Kings,9/6/2020,35,1,36
San Benito,9/6/2020,1,0,1
Napa,9/6/2020,4,5,9
Riverside,9/6/2020,171,59,230
Mendocino,9/6/2020,5,0,5
Ventura,9/6/2020,52,33,85
Contra Costa,9/6/2020,68,24,92
Alameda,9/6/2020,146,43,189
Kern,9/6/2020,80,12,92
Tuolumne,9/6/2020,0,0,0
Santa Cruz,9/6/2020,9,5,14
Santa Clara,9/6/2020,116,18,134
Orange,9/6/2020,238,64,302
San Joaquin,9/6/2020,86,9,95
Placer,9/7/2020,37,28,65
Stanislaus,9/7/2020,142,38,180
Mariposa,9/7/2020,0,0,0
Alameda,9/7/2020,148,57,205
Siskiyou,9/7/2020,0,0,0
Solano,9/7/2020,27,9,36
Imperial,9/7/2020,29,1,30
Ventura,9/7/2020,58,21,79
Shasta,9/7/2020,2,1,3
Colusa,9/7/2020,0,0,0
Inyo,9/7/2020,0,0,0
Sutter,9/7/2020,0,0,0
San Diego,9/7/2020,211,72,283
Kings,9/7/2020,32,2,34
Sacramento,9/7/2020,141,41,182
San Bernardino,9/7/2020,224,42,266
Santa Cruz,9/7/2020,10,5,15
San Mateo,9/7/2020,39,15,54
Yuba,9/7/2020,18,0,18
Tehama,9/7/2020,1,0,1
Glenn,9/7/2020,0,0,0
Lake,9/7/2020,0,0,0
Sonoma,9/7/2020,38,9,47
Nevada,9/7/2020,2,0,2
San Francisco,9/7/2020,63,15,78
Merced,9/7/2020,22,6,28
San Luis Obispo,9/7/2020,10,2,12
Amador,9/7/2020,2,0,2
Calaveras,9/7/2020,1,1,2
San Benito,9/7/2020,1,0,1
Monterey,9/7/2020,28,0,28
Los Angeles,9/7/2020,936,414,1350
Fresno,9/7/2020,153,16,169
El Dorado,9/7/2020,0,0,0
Marin,9/7/2020,14,3,17
Yolo,9/7/2020,8,0,8
Tuolumne,9/7/2020,0,0,0
Humboldt,9/7/2020,1,1,2
Orange,9/7/2020,242,47,289
Mendocino,9/7/2020,4,0,4
Tulare,9/7/2020,57,2,59
Del Norte,9/7/2020,0,0,0
San Joaquin,9/7/2020,87,12,99
Trinity,9/7/2020,0,0,0
Plumas,9/7/2020,0,0,0
Riverside,9/7/2020,175,68,243
Mono,9/7/2020,0,0,0
Modoc,9/7/2020,0,0,0
Lassen,9/7/2020,0,0,0
Santa Barbara,9/7/2020,39,4,43
Santa Clara,9/7/2020,118,15,133
Napa,9/7/2020,5,2,7
Butte,9/7/2020,23,0,23
Madera,9/7/2020,25,6,31
Kern,9/7/2020,84,13,97
Contra Costa,9/7/2020,64,18,82
Contra Costa,9/8/2020,62,29,91
Marin,9/8/2020,14,3,17
San Luis Obispo,9/8/2020,10,5,15
Ventura,9/8/2020,55,25,80
Inyo,9/8/2020,0,0,0
Santa Cruz,9/8/2020,14,2,16
Calaveras,9/8/2020,1,5,6
El Dorado,9/8/2020,0,0,0
Sacramento,9/8/2020,157,46,203
Tulare,9/8/2020,60,6,66
Siskiyou,9/8/2020,0,0,0
Fresno,9/8/2020,145,23,168
Madera,9/8/2020,22,11,33
Alameda,9/8/2020,154,50,204
Yuba,9/8/2020,17,0,17
Mono,9/8/2020,0,0,0
Sutter,9/8/2020,0,0,0
Kings,9/8/2020,36,2,38
Los Angeles,9/8/2020,940,415,1355
Glenn,9/8/2020,0,0,0
San Francisco,9/8/2020,64,18,82
Del Norte,9/8/2020,0,0,0
Santa Barbara,9/8/2020,37,2,39
Napa,9/8/2020,4,0,4
Lake,9/8/2020,1,1,2
Colusa,9/8/2020,0,2,2
Lassen,9/8/2020,0,0,0
Kern,9/8/2020,89,9,98
Santa Clara,9/8/2020,121,16,137
Shasta,9/8/2020,2,1,3
San Bernardino,9/8/2020,214,61,275
Stanislaus,9/8/2020,144,50,194
San Diego,9/8/2020,219,59,278
Mendocino,9/8/2020,4,1,5
Modoc,9/8/2020,0,0,0
Nevada,9/8/2020,2,0,2
Amador,9/8/2020,1,0,1
San Joaquin,9/8/2020,89,18,107
Butte,9/8/2020,24,1,25
Humboldt,9/8/2020,3,1,4
Merced,9/8/2020,20,2,22
Tuolumne,9/8/2020,0,1,1
Yolo,9/8/2020,8,0,8
Imperial,9/8/2020,22,0,22
Riverside,9/8/2020,185,76,261
Trinity,9/8/2020,0,0,0
Tehama,9/8/2020,1,0,1
Plumas,9/8/2020,0,0,0
Solano,9/8/2020,33,10,43
Placer,9/8/2020,37,25,62
Mariposa,9/8/2020,0,0,0
Orange,9/8/2020,234,60,294
San Mateo,9/8/2020,43,27,70
Sonoma,9/8/2020,36,6,42
Monterey,9/8/2020,30,2,32
San Benito,9/8/2020,0,0,0
Kern,9/9/2020,94,8,102
Alameda,9/9/2020,149,40,189
Ventura,9/9/2020,55,32,87
Amador,9/9/2020,2,0,2
Napa,9/9/2020,5,1,6
Yolo,9/9/2020,7,2,9
Tehama,9/9/2020,1,0,1
San Joaquin,9/9/2020,83,10,93
San Francisco,9/9/2020,66,18,84
Tulare,9/9/2020,58,7,65
San Benito,9/9/2020,0,0,0
San Mateo,9/9/2020,47,29,76
Inyo,9/9/2020,0,0,0
Kings,9/9/2020,36,1,37
Modoc,9/9/2020,0,0,0
Sutter,9/9/2020,0,0,0
Tuolumne,9/9/2020,1,0,1
Santa Cruz,9/9/2020,12,3,15
Santa Clara,9/9/2020,127,14,141
Monterey,9/9/2020,27,1,28
Santa Barbara,9/9/2020,38,1,39
Orange,9/9/2020,239,70,309
Los Angeles,9/9/2020,889,365,1254
Humboldt,9/9/2020,4,0,4
El Dorado,9/9/2020,0,0,0
Shasta,9/9/2020,3,0,3
Nevada,9/9/2020,2,0,2
Madera,9/9/2020,20,8,28
Sacramento,9/9/2020,155,35,190
Colusa,9/9/2020,0,4,4
Yuba,9/9/2020,20,0,20
Lake,9/9/2020,1,0,1
Stanislaus,9/9/2020,136,23,159
Riverside,9/9/2020,189,49,238
Imperial,9/9/2020,24,0,24
Mono,9/9/2020,0,0,0
San Bernardino,9/9/2020,210,60,270
Lassen,9/9/2020,0,0,0
Sonoma,9/9/2020,31,3,34
Del Norte,9/9/2020,0,0,0
Plumas,9/9/2020,0,0,0
Placer,9/9/2020,36,14,50
San Luis Obispo,9/9/2020,8,1,9
Mariposa,9/9/2020,0,0,0
Butte,9/9/2020,21,0,21
Glenn,9/9/2020,0,0,0
Calaveras,9/9/2020,2,3,5
Contra Costa,9/9/2020,62,19,81
Siskiyou,9/9/2020,0,0,0
Fresno,9/9/2020,133,24,157
Mendocino,9/9/2020,1,0,1
Solano,9/9/2020,29,10,39
Merced,9/9/2020,18,1,19
Marin,9/9/2020,13,6,19
Trinity,9/9/2020,0,0,0
San Diego,9/9/2020,234,75,309
Yolo,9/10/2020,7,1,8
Amador,9/10/2020,2,0,2
Santa Barbara,9/10/2020,36,3,39
Lake,9/10/2020,0,2,2
Trinity,9/10/2020,0,0,0
Humboldt,9/10/2020,4,1,5
Contra Costa,9/10/2020,66,17,83
San Francisco,9/10/2020,67,22,89
Sutter,9/10/2020,0,0,0
Kings,9/10/2020,31,1,32
Mono,9/10/2020,0,0,0
Mariposa,9/10/2020,0,0,0
Del Norte,9/10/2020,0,0,0
San Benito,9/10/2020,0,0,0
San Luis Obispo,9/10/2020,7,3,10
Santa Clara,9/10/2020,114,18,132
Colusa,9/10/2020,0,2,2
Kern,9/10/2020,82,3,85
Lassen,9/10/2020,0,0,0
Napa,9/10/2020,4,1,5
Modoc,9/10/2020,0,0,0
Marin,9/10/2020,10,6,16
Placer,9/10/2020,34,25,59
San Mateo,9/10/2020,34,17,51
Ventura,9/10/2020,55,35,90
San Joaquin,9/10/2020,75,9,84
Mendocino,9/10/2020,2,0,2
Sacramento,9/10/2020,151,32,183
El Dorado,9/10/2020,1,0,1
Santa Cruz,9/10/2020,14,1,15
Los Angeles,9/10/2020,877,342,1219
Nevada,9/10/2020,3,0,3
Madera,9/10/2020,19,5,24
Sonoma,9/10/2020,31,3,34
San Bernardino,9/10/2020,205,54,259
Orange,9/10/2020,223,54,277
Fresno,9/10/2020,122,21,143
Tulare,9/10/2020,53,6,59
Imperial,9/10/2020,22,0,22
Monterey,9/10/2020,28,0,28
Yuba,9/10/2020,19,0,19
Solano,9/10/2020,27,8,35
Glenn,9/10/2020,0,0,0
Stanislaus,9/10/2020,125,30,155
Tehama,9/10/2020,1,0,1
Alameda,9/10/2020,142,41,183
Inyo,9/10/2020,0,0,0
Shasta,9/10/2020,3,0,3
Butte,9/10/2020,17,0,17
Tuolumne,9/10/2020,1,0,1
San Diego,9/10/2020,232,53,285
Siskiyou,9/10/2020,1,0,1
Calaveras,9/10/2020,2,5,7
Merced,9/10/2020,13,9,22
Riverside,9/10/2020,180,51,231
Plumas,9/10/2020,0,0,0
Yolo,9/11/2020,5,0,5
Inyo,9/11/2020,0,0,0
San Bernardino,9/11/2020,201,49,250
Calaveras,9/11/2020,2,1,3
Colusa,9/11/2020,0,3,3
Amador,9/11/2020,2,0,2
Stanislaus,9/11/2020,119,44,163
Kern,9/11/2020,66,17,83
Fresno,9/11/2020,112,15,127
Contra Costa,9/11/2020,73,20,93
Santa Cruz,9/11/2020,16,0,16
Del Norte,9/11/2020,0,0,0
Monterey,9/11/2020,28,1,29
Alameda,9/11/2020,131,47,178
San Diego,9/11/2020,227,60,287
Los Angeles,9/11/2020,813,345,1158
Merced,9/11/2020,15,1,16
San Francisco,9/11/2020,74,18,92
Humboldt,9/11/2020,2,1,3
Butte,9/11/2020,11,0,11
Trinity,9/11/2020,0,0,0
Placer,9/11/2020,34,18,52
Modoc,9/11/2020,0,0,0
San Benito,9/11/2020,0,0,0
Glenn,9/11/2020,0,0,0
Shasta,9/11/2020,3,0,3
Mariposa,9/11/2020,0,0,0
Riverside,9/11/2020,171,61,232
Sacramento,9/11/2020,135,26,161
Marin,9/11/2020,9,2,11
Tulare,9/11/2020,47,3,50
Plumas,9/11/2020,0,0,0
Santa Clara,9/11/2020,112,20,132
San Mateo,9/11/2020,38,10,48
Madera,9/11/2020,18,7,25
Solano,9/11/2020,25,8,33
Siskiyou,9/11/2020,1,0,1
Nevada,9/11/2020,2,1,3
Tehama,9/11/2020,2,0,2
Sutter,9/11/2020,0,0,0
Imperial,9/11/2020,25,0,25
Mendocino,9/11/2020,3,0,3
Mono,9/11/2020,0,0,0
San Luis Obispo,9/11/2020,7,3,10
Santa Barbara,9/11/2020,33,4,37
El Dorado,9/11/2020,1,1,2
Yuba,9/11/2020,20,1,21
Napa,9/11/2020,5,0,5
Tuolumne,9/11/2020,1,0,1
Kings,9/11/2020,31,0,31
Lassen,9/11/2020,0,0,0
Sonoma,9/11/2020,32,3,35
San Joaquin,9/11/2020,68,15,83
Ventura,9/11/2020,55,25,80
Orange,9/11/2020,215,47,262
Lake,9/11/2020,0,1,1
Shasta,9/12/2020,2,1,3
Plumas,9/12/2020,0,0,0
Mendocino,9/12/2020,4,0,4
Napa,9/12/2020,5,1,6
San Benito,9/12/2020,1,0,1
El Dorado,9/12/2020,2,0,2
Nevada,9/12/2020,3,0,3
Merced,9/12/2020,15,1,16
Madera,9/12/2020,17,11,28
San Francisco,9/12/2020,72,15,87
Inyo,9/12/2020,0,0,0
Mono,9/12/2020,0,0,0
Tuolumne,9/12/2020,2,0,2
Santa Clara,9/12/2020,107,19,126
Ventura,9/12/2020,50,13,63
Glenn,9/12/2020,0,0,0
Marin,9/12/2020,10,1,11
Tulare,9/12/2020,46,3,49
Modoc,9/12/2020,0,0,0
Tehama,9/12/2020,2,0,2
Del Norte,9/12/2020,0,0,0
Monterey,9/12/2020,27,1,28
Kern,9/12/2020,70,11,81
Solano,9/12/2020,27,7,34
Santa Cruz,9/12/2020,16,0,16
Sonoma,9/12/2020,36,1,37
Siskiyou,9/12/2020,1,0,1
Los Angeles,9/12/2020,775,375,1150
Sacramento,9/12/2020,128,47,175
Mariposa,9/12/2020,0,0,0
Lassen,9/12/2020,0,0,0
Sutter,9/12/2020,0,0,0
San Diego,9/12/2020,218,59,277
Riverside,9/12/2020,157,43,200
Stanislaus,9/12/2020,114,34,148
San Luis Obispo,9/12/2020,8,2,10
Orange,9/12/2020,196,42,238
Contra Costa,9/12/2020,69,19,88
San Mateo,9/12/2020,39,17,56
San Joaquin,9/12/2020,70,6,76
Placer,9/12/2020,38,22,60
Santa Barbara,9/12/2020,30,1,31
Butte,9/12/2020,12,0,12
Trinity,9/12/2020,0,0,0
Colusa,9/12/2020,0,3,3
Yuba,9/12/2020,20,2,22
Kings,9/12/2020,23,0,23
Amador,9/12/2020,0,1,1
Calaveras,9/12/2020,2,3,5
Imperial,9/12/2020,27,0,27
Fresno,9/12/2020,111,26,137
Humboldt,9/12/2020,2,1,3
Yolo,9/12/2020,4,0,4
Alameda,9/12/2020,121,47,168
San Bernardino,9/12/2020,190,36,226
Lake,9/12/2020,0,1,1
Mono,9/13/2020,0,0,0
Mendocino,9/13/2020,3,0,3
Santa Clara,9/13/2020,111,18,129
Riverside,9/13/2020,151,49,200
San Francisco,9/13/2020,76,18,94
Butte,9/13/2020,15,0,15
Amador,9/13/2020,0,0,0
Sutter,9/13/2020,0,0,0
Kings,9/13/2020,27,0,27
Lassen,9/13/2020,0,0,0
Fresno,9/13/2020,101,21,122
Yuba,9/13/2020,18,1,19
Marin,9/13/2020,11,5,16
Colusa,9/13/2020,0,3,3
Siskiyou,9/13/2020,1,0,1
Imperial,9/13/2020,21,1,22
Kern,9/13/2020,69,4,73
Humboldt,9/13/2020,1,1,2
Tehama,9/13/2020,2,0,2
Ventura,9/13/2020,42,17,59
San Benito,9/13/2020,2,0,2
Orange,9/13/2020,193,45,238
San Luis Obispo,9/13/2020,8,0,8
Napa,9/13/2020,7,1,8
Mariposa,9/13/2020,0,0,0
Madera,9/13/2020,19,6,25
Plumas,9/13/2020,0,0,0
San Joaquin,9/13/2020,66,21,87
Contra Costa,9/13/2020,70,21,91
Tuolumne,9/13/2020,1,0,1
Lake,9/13/2020,0,1,1
Stanislaus,9/13/2020,114,32,146
Sonoma,9/13/2020,36,3,39
Merced,9/13/2020,12,2,14
Inyo,9/13/2020,0,0,0
San Bernardino,9/13/2020,183,34,217
San Diego,9/13/2020,225,61,286
Monterey,9/13/2020,28,0,28
Santa Barbara,9/13/2020,32,1,33
Shasta,9/13/2020,2,1,3
Calaveras,9/13/2020,2,0,2
Placer,9/13/2020,33,16,49
Modoc,9/13/2020,0,0,0
Yolo,9/13/2020,4,0,4
Glenn,9/13/2020,0,0,0
Alameda,9/13/2020,115,47,162
Sacramento,9/13/2020,129,38,167
Solano,9/13/2020,31,7,38
Santa Cruz,9/13/2020,17,0,17
Trinity,9/13/2020,0,0,0
El Dorado,9/13/2020,2,0,2
Nevada,9/13/2020,4,0,4
San Mateo,9/13/2020,43,12,55
Los Angeles,9/13/2020,772,330,1102
Tulare,9/13/2020,42,5,47
Del Norte,9/13/2020,0,2,2
Mendocino,9/14/2020,5,0,5
Sacramento,9/14/2020,116,39,155
Glenn,9/14/2020,0,0,0
Napa,9/14/2020,7,2,9
Kings,9/14/2020,26,0,26
Alameda,9/14/2020,118,37,155
Orange,9/14/2020,201,51,252
Ventura,9/14/2020,47,17,64
Solano,9/14/2020,36,5,41
Mono,9/14/2020,0,0,0
Amador,9/14/2020,0,0,0
Humboldt,9/14/2020,1,3,4
Tuolumne,9/14/2020,1,0,1
Calaveras,9/14/2020,2,0,2
Tehama,9/14/2020,2,0,2
San Mateo,9/14/2020,38,12,50
Del Norte,9/14/2020,0,1,1
Yuba,9/14/2020,18,1,19
Inyo,9/14/2020,1,0,1
Lake,9/14/2020,0,1,1
Imperial,9/14/2020,20,1,21
Nevada,9/14/2020,4,1,5
San Luis Obispo,9/14/2020,9,0,9
Sonoma,9/14/2020,34,4,38
San Diego,9/14/2020,225,48,273
Plumas,9/14/2020,0,0,0
Colusa,9/14/2020,0,3,3
San Benito,9/14/2020,1,0,1
Monterey,9/14/2020,28,0,28
Contra Costa,9/14/2020,67,25,92
Santa Barbara,9/14/2020,30,2,32
Los Angeles,9/14/2020,804,343,1147
Mariposa,9/14/2020,0,0,0
Fresno,9/14/2020,118,28,146
Siskiyou,9/14/2020,0,0,0
Modoc,9/14/2020,0,0,0
Santa Cruz,9/14/2020,18,0,18
Riverside,9/14/2020,155,49,204
San Francisco,9/14/2020,78,12,90
Santa Clara,9/14/2020,108,15,123
Stanislaus,9/14/2020,113,30,143
Placer,9/14/2020,31,20,51
Yolo,9/14/2020,4,0,4
El Dorado,9/14/2020,1,0,1
Sutter,9/14/2020,0,0,0
Shasta,9/14/2020,2,0,2
Lassen,9/14/2020,0,0,0
Tulare,9/14/2020,39,7,46
Kern,9/14/2020,76,5,81
San Joaquin,9/14/2020,61,21,82
Merced,9/14/2020,11,1,12
San Bernardino,9/14/2020,186,53,239
Butte,9/14/2020,14,0,14
Trinity,9/14/2020,0,0,0
Madera,9/14/2020,21,4,25
Marin,9/14/2020,10,7,17
Kern,9/15/2020,71,6,77
Orange,9/15/2020,202,56,258
Inyo,9/15/2020,0,0,0
Napa,9/15/2020,6,0,6
Alameda,9/15/2020,110,44,154
Placer,9/15/2020,30,13,43
Amador,9/15/2020,0,0,0
El Dorado,9/15/2020,0,0,0
Modoc,9/15/2020,0,0,0
Lassen,9/15/2020,0,0,0
Tuolumne,9/15/2020,1,0,1
Nevada,9/15/2020,3,1,4
Contra Costa,9/15/2020,60,17,77
Butte,9/15/2020,10,0,10
Madera,9/15/2020,21,9,30
Mariposa,9/15/2020,0,0,0
San Francisco,9/15/2020,68,13,81
Imperial,9/15/2020,21,1,22
Colusa,9/15/2020,3,0,3
Yuba,9/15/2020,19,0,19
Trinity,9/15/2020,0,0,0
Marin,9/15/2020,9,2,11
Ventura,9/15/2020,52,15,67
Lake,9/15/2020,0,0,0
Merced,9/15/2020,11,5,16
Santa Cruz,9/15/2020,19,0,19
Monterey,9/15/2020,26,3,29
Siskiyou,9/15/2020,0,1,1
San Bernardino,9/15/2020,180,57,237
Yolo,9/15/2020,3,0,3
Humboldt,9/15/2020,1,2,3
Stanislaus,9/15/2020,109,29,138
Plumas,9/15/2020,0,0,0
Calaveras,9/15/2020,1,1,2
Los Angeles,9/15/2020,780,348,1128
San Luis Obispo,9/15/2020,10,3,13
Tulare,9/15/2020,40,13,53
Santa Clara,9/15/2020,103,15,118
Mendocino,9/15/2020,5,0,5
San Mateo,9/15/2020,40,12,52
San Diego,9/15/2020,220,55,275
Riverside,9/15/2020,155,62,217
Sonoma,9/15/2020,33,2,35
Del Norte,9/15/2020,0,0,0
Mono,9/15/2020,0,0,0
Tehama,9/15/2020,1,0,1
Sutter,9/15/2020,0,0,0
Shasta,9/15/2020,2,0,2
Santa Barbara,9/15/2020,28,3,31
Fresno,9/15/2020,117,20,137
San Benito,9/15/2020,1,0,1
Sacramento,9/15/2020,127,34,161
San Joaquin,9/15/2020,62,18,80
Kings,9/15/2020,26,0,26
Glenn,9/15/2020,0,0,0
Solano,9/15/2020,35,4,39
Lassen,9/16/2020,0,0,0
Nevada,9/16/2020,3,0,3
Sonoma,9/16/2020,32,2,34
Del Norte,9/16/2020,0,0,0
Sutter,9/16/2020,0,0,0
El Dorado,9/16/2020,0,0,0
Tehama,9/16/2020,1,0,1
San Joaquin,9/16/2020,58,14,72
San Benito,9/16/2020,1,0,1
Santa Barbara,9/16/2020,23,2,25
Santa Cruz,9/16/2020,18,0,18
Butte,9/16/2020,10,1,11
Yuba,9/16/2020,20,1,21
San Mateo,9/16/2020,39,14,53
Merced,9/16/2020,14,1,15
Alameda,9/16/2020,101,46,147
Kern,9/16/2020,70,3,73
Monterey,9/16/2020,31,0,31
Mariposa,9/16/2020,0,0,0
Orange,9/16/2020,198,53,251
San Bernardino,9/16/2020,186,59,245
Ventura,9/16/2020,48,13,61
San Luis Obispo,9/16/2020,11,1,12
Sacramento,9/16/2020,108,35,143
Lake,9/16/2020,0,0,0
Amador,9/16/2020,0,0,0
Imperial,9/16/2020,22,1,23
Siskiyou,9/16/2020,1,0,1
Trinity,9/16/2020,0,0,0
Stanislaus,9/16/2020,99,32,131
Santa Clara,9/16/2020,103,15,118
Fresno,9/16/2020,100,26,126
Inyo,9/16/2020,0,0,0
Madera,9/16/2020,18,11,29
Calaveras,9/16/2020,1,0,1
Colusa,9/16/2020,2,1,3
Contra Costa,9/16/2020,53,28,81
Los Angeles,9/16/2020,739,379,1118
Modoc,9/16/2020,0,0,0
Mono,9/16/2020,0,0,0
Kings,9/16/2020,20,0,20
Riverside,9/16/2020,158,60,218
Solano,9/16/2020,32,6,38
Tuolumne,9/16/2020,1,0,1
Mendocino,9/16/2020,6,1,7
Plumas,9/16/2020,0,0,0
Humboldt,9/16/2020,1,2,3
Marin,9/16/2020,11,5,16
Tulare,9/16/2020,43,10,53
San Diego,9/16/2020,224,60,284
Glenn,9/16/2020,0,0,0
Yolo,9/16/2020,3,0,3
Napa,9/16/2020,4,2,6
Placer,9/16/2020,29,15,44
San Francisco,9/16/2020,64,14,78
Shasta,9/16/2020,2,0,2
Napa,9/17/2020,4,3,7
Nevada,9/17/2020,2,0,2
Colusa,9/17/2020,2,2,4
Solano,9/17/2020,29,17,46
Plumas,9/17/2020,0,0,0
Amador,9/17/2020,0,0,0
Del Norte,9/17/2020,0,0,0
Santa Cruz,9/17/2020,18,0,18
Santa Clara,9/17/2020,114,16,130
Marin,9/17/2020,10,9,19
Sonoma,9/17/2020,30,1,31
Shasta,9/17/2020,2,0,2
Glenn,9/17/2020,0,0,0
Tuolumne,9/17/2020,1,0,1
Mariposa,9/17/2020,0,0,0
Imperial,9/17/2020,20,0,20
Lake,9/17/2020,0,2,2
Modoc,9/17/2020,0,0,0
Kern,9/17/2020,74,2,76
Merced,9/17/2020,11,0,11
Stanislaus,9/17/2020,98,21,119
Calaveras,9/17/2020,0,0,0
Mendocino,9/17/2020,6,1,7
Butte,9/17/2020,9,0,9
Santa Barbara,9/17/2020,27,3,30
Riverside,9/17/2020,143,67,210
Ventura,9/17/2020,46,20,66
Yuba,9/17/2020,23,1,24
Fresno,9/17/2020,98,33,131
Los Angeles,9/17/2020,732,340,1072
Tulare,9/17/2020,38,9,47
San Diego,9/17/2020,217,59,276
Tehama,9/17/2020,1,0,1
San Joaquin,9/17/2020,60,13,73
Orange,9/17/2020,201,59,260
Sacramento,9/17/2020,109,32,141
San Benito,9/17/2020,2,0,2
San Mateo,9/17/2020,39,10,49
Alameda,9/17/2020,98,37,135
Monterey,9/17/2020,30,0,30
San Francisco,9/17/2020,67,19,86
Trinity,9/17/2020,0,0,0
Kings,9/17/2020,23,0,23
Yolo,9/17/2020,5,0,5
El Dorado,9/17/2020,0,0,0
San Bernardino,9/17/2020,172,51,223
Inyo,9/17/2020,0,0,0
Mono,9/17/2020,0,0,0
Placer,9/17/2020,26,28,54
Madera,9/17/2020,19,10,29
Humboldt,9/17/2020,1,3,4
Sutter,9/17/2020,0,0,0
San Luis Obispo,9/17/2020,13,1,14
Contra Costa,9/17/2020,55,25,80
Lassen,9/17/2020,0,0,0
Siskiyou,9/17/2020,1,0,1
Alameda,9/18/2020,99,39,138
Del Norte,9/18/2020,0,0,0
Sutter,9/18/2020,0,0,0
Nevada,9/18/2020,3,0,3
Merced,9/18/2020,9,2,11
Madera,9/18/2020,13,12,25
Santa Clara,9/18/2020,114,19,133
Shasta,9/18/2020,4,0,4
Riverside,9/18/2020,148,51,199
Monterey,9/18/2020,34,1,35
Sonoma,9/18/2020,23,4,27
Tulare,9/18/2020,38,6,44
Tehama,9/18/2020,1,0,1
San Bernardino,9/18/2020,169,47,216
Orange,9/18/2020,202,50,252
Mariposa,9/18/2020,0,0,0
San Diego,9/18/2020,208,41,249
Tuolumne,9/18/2020,1,0,1
Inyo,9/18/2020,0,0,0
Kings,9/18/2020,24,0,24
Sacramento,9/18/2020,110,41,151
Lassen,9/18/2020,0,0,0
Glenn,9/18/2020,0,0,0
Santa Cruz,9/18/2020,17,0,17
Imperial,9/18/2020,19,0,19
Modoc,9/18/2020,0,0,0
San Francisco,9/18/2020,64,12,76
San Mateo,9/18/2020,39,9,48
Lake,9/18/2020,0,1,1
Ventura,9/18/2020,48,13,61
Placer,9/18/2020,26,28,54
Calaveras,9/18/2020,0,1,1
Kern,9/18/2020,66,4,70
Stanislaus,9/18/2020,95,25,120
San Luis Obispo,9/18/2020,11,1,12
Plumas,9/18/2020,0,0,0
El Dorado,9/18/2020,0,0,0
Los Angeles,9/18/2020,765,363,1128
San Joaquin,9/18/2020,55,9,64
Trinity,9/18/2020,0,0,0
Siskiyou,9/18/2020,1,0,1
Santa Barbara,9/18/2020,26,2,28
Marin,9/18/2020,7,4,11
Humboldt,9/18/2020,2,2,4
Solano,9/18/2020,27,10,37
Yolo,9/18/2020,4,0,4
Yuba,9/18/2020,21,1,22
Fresno,9/18/2020,96,18,114
Mono,9/18/2020,0,0,0
Colusa,9/18/2020,2,1,3
Mendocino,9/18/2020,5,0,5
San Benito,9/18/2020,3,0,3
Napa,9/18/2020,5,0,5
Amador,9/18/2020,0,0,0
Contra Costa,9/18/2020,45,29,74
Butte,9/18/2020,14,1,15
Kern,9/19/2020,72,4,76
Amador,9/19/2020,0,0,0
Orange,9/19/2020,185,52,237
Marin,9/19/2020,7,5,12
Shasta,9/19/2020,3,0,3
Tuolumne,9/19/2020,1,0,1
Sacramento,9/19/2020,114,34,148
Glenn,9/19/2020,0,0,0
Sutter,9/19/2020,0,0,0
Riverside,9/19/2020,138,54,192
Napa,9/19/2020,4,0,4
Plumas,9/19/2020,0,0,0
Santa Clara,9/19/2020,111,20,131
San Francisco,9/19/2020,58,9,67
Solano,9/19/2020,26,11,37
Del Norte,9/19/2020,0,0,0
Nevada,9/19/2020,3,0,3
San Benito,9/19/2020,3,0,3
San Mateo,9/19/2020,39,6,45
Butte,9/19/2020,16,1,17
San Luis Obispo,9/19/2020,10,2,12
Ventura,9/19/2020,48,11,59
Inyo,9/19/2020,0,0,0
San Bernardino,9/19/2020,167,54,221
Trinity,9/19/2020,0,0,0
San Joaquin,9/19/2020,57,10,67
Sonoma,9/19/2020,22,6,28
Humboldt,9/19/2020,2,2,4
Yolo,9/19/2020,5,0,5
Alameda,9/19/2020,95,48,143
Kings,9/19/2020,20,0,20
Siskiyou,9/19/2020,0,1,1
Monterey,9/19/2020,32,2,34
Santa Barbara,9/19/2020,23,3,26
El Dorado,9/19/2020,0,0,0
Yuba,9/19/2020,21,1,22
Stanislaus,9/19/2020,94,18,112
Fresno,9/19/2020,92,23,115
Los Angeles,9/19/2020,749,328,1077
San Diego,9/19/2020,203,50,253
Imperial,9/19/2020,18,0,18
Lassen,9/19/2020,0,0,0
Mono,9/19/2020,0,0,0
Colusa,9/19/2020,2,3,5
Merced,9/19/2020,9,0,9
Contra Costa,9/19/2020,51,25,76
Tulare,9/19/2020,36,8,44
Tehama,9/19/2020,2,0,2
Placer,9/19/2020,24,30,54
Mariposa,9/19/2020,0,0,0
Calaveras,9/19/2020,0,0,0
Madera,9/19/2020,14,11,25
Santa Cruz,9/19/2020,17,0,17
Modoc,9/19/2020,0,0,0
Mendocino,9/19/2020,5,0,5
Lake,9/19/2020,0,2,2
Santa Barbara,9/20/2020,23,3,26
Solano,9/20/2020,26,10,36
Mono,9/20/2020,0,0,0
Kern,9/20/2020,67,4,71
Fresno,9/20/2020,92,13,105
Shasta,9/20/2020,3,0,3
Sacramento,9/20/2020,120,30,150
Del Norte,9/20/2020,0,1,1
Sonoma,9/20/2020,21,6,27
Imperial,9/20/2020,20,0,20
Placer,9/20/2020,22,28,50
El Dorado,9/20/2020,0,0,0
Mariposa,9/20/2020,0,0,0
Colusa,9/20/2020,3,3,6
Kings,9/20/2020,19,0,19
Alameda,9/20/2020,98,46,144
Inyo,9/20/2020,0,0,0
Humboldt,9/20/2020,2,2,4
Plumas,9/20/2020,0,0,0
Siskiyou,9/20/2020,0,1,1
Trinity,9/20/2020,0,0,0
San Diego,9/20/2020,211,56,267
Modoc,9/20/2020,0,0,0
Marin,9/20/2020,8,4,12
Santa Cruz,9/20/2020,17,0,17
Calaveras,9/20/2020,0,0,0
San Joaquin,9/20/2020,58,6,64
Merced,9/20/2020,9,0,9
Nevada,9/20/2020,3,1,4
Amador,9/20/2020,1,0,1
Tehama,9/20/2020,3,0,3
San Luis Obispo,9/20/2020,7,0,7
Los Angeles,9/20/2020,745,368,1113
Orange,9/20/2020,178,59,237
Ventura,9/20/2020,44,13,57
Contra Costa,9/20/2020,50,26,76
Lassen,9/20/2020,0,0,0
Santa Clara,9/20/2020,113,22,135
San Mateo,9/20/2020,34,8,42
Madera,9/20/2020,15,12,27
Glenn,9/20/2020,0,0,0
Riverside,9/20/2020,131,55,186
Mendocino,9/20/2020,4,0,4
San Benito,9/20/2020,4,0,4
Monterey,9/20/2020,33,2,35
San Bernardino,9/20/2020,156,62,218
Stanislaus,9/20/2020,92,21,113
Butte,9/20/2020,13,0,13
San Francisco,9/20/2020,65,8,73
Tuolumne,9/20/2020,0,0,0
Yuba,9/20/2020,19,1,20
Sutter,9/20/2020,0,0,0
Tulare,9/20/2020,37,10,47
Yolo,9/20/2020,6,0,6
Lake,9/20/2020,0,2,2
Napa,9/20/2020,1,3,4
Inyo,9/21/2020,0,0,0
Lassen,9/21/2020,0,0,0
Nevada,9/21/2020,3,1,4
Monterey,9/21/2020,33,2,35
Orange,9/21/2020,170,64,234
Kern,9/21/2020,69,2,71
San Francisco,9/21/2020,68,2,70
Glenn,9/21/2020,0,0,0
Napa,9/21/2020,2,4,6
Colusa,9/21/2020,3,3,6
Contra Costa,9/21/2020,52,22,74
San Luis Obispo,9/21/2020,5,0,5
Humboldt,9/21/2020,4,3,7
Stanislaus,9/21/2020,93,24,117
Placer,9/21/2020,30,20,50
Madera,9/21/2020,13,14,27
Alameda,9/21/2020,96,34,130
Santa Clara,9/21/2020,111,18,129
Santa Barbara,9/21/2020,26,8,34
Amador,9/21/2020,1,0,1
San Mateo,9/21/2020,35,12,47
Butte,9/21/2020,12,1,13
Tehama,9/21/2020,3,0,3
Kings,9/21/2020,21,0,21
Yolo,9/21/2020,5,0,5
Modoc,9/21/2020,0,0,0
San Benito,9/21/2020,3,0,3
Riverside,9/21/2020,146,52,198
Santa Cruz,9/21/2020,15,0,15
Sonoma,9/21/2020,15,4,19
Lake,9/21/2020,0,1,1
San Diego,9/21/2020,209,54,263
San Bernardino,9/21/2020,164,71,235
Plumas,9/21/2020,0,0,0
Imperial,9/21/2020,23,0,23
Shasta,9/21/2020,2,0,2
Yuba,9/21/2020,19,1,20
Mono,9/21/2020,0,0,0
Calaveras,9/21/2020,0,0,0
Del Norte,9/21/2020,0,0,0
Sacramento,9/21/2020,132,29,161
Marin,9/21/2020,8,5,13
Siskiyou,9/21/2020,0,1,1
Tuolumne,9/21/2020,0,0,0
Mendocino,9/21/2020,5,0,5
San Joaquin,9/21/2020,60,18,78
Mariposa,9/21/2020,0,0,0
El Dorado,9/21/2020,0,0,0
Merced,9/21/2020,11,0,11
Sutter,9/21/2020,0,0,0
Fresno,9/21/2020,89,17,106
Trinity,9/21/2020,0,0,0
Los Angeles,9/21/2020,779,365,1144
Ventura,9/21/2020,39,11,50
Solano,9/21/2020,21,13,34
Tulare,9/21/2020,37,12,49
Mariposa,9/22/2020,0,0,0
Shasta,9/22/2020,4,1,5
Stanislaus,9/22/2020,92,26,118
San Diego,9/22/2020,210,50,260
Ventura,9/22/2020,45,14,59
Sutter,9/22/2020,0,0,0
Alameda,9/22/2020,91,36,127
Sonoma,9/22/2020,18,2,20
Nevada,9/22/2020,3,2,5
Placer,9/22/2020,27,24,51
Lake,9/22/2020,0,1,1
Inyo,9/22/2020,0,1,1
Fresno,9/22/2020,82,23,105
Plumas,9/22/2020,0,0,0
San Francisco,9/22/2020,72,8,80
Yolo,9/22/2020,6,0,6
Mendocino,9/22/2020,6,0,6
Modoc,9/22/2020,0,0,0
San Bernardino,9/22/2020,162,72,234
Sacramento,9/22/2020,138,33,171
Orange,9/22/2020,175,64,239
Kern,9/22/2020,69,1,70
Contra Costa,9/22/2020,49,25,74
San Luis Obispo,9/22/2020,4,0,4
Colusa,9/22/2020,3,2,5
Glenn,9/22/2020,0,0,0
Mono,9/22/2020,0,0,0
Lassen,9/22/2020,0,0,0
Trinity,9/22/2020,0,0,0
Tuolumne,9/22/2020,0,0,0
Solano,9/22/2020,22,20,42
Humboldt,9/22/2020,4,3,7
Madera,9/22/2020,15,15,30
San Joaquin,9/22/2020,56,18,74
San Benito,9/22/2020,2,0,2
El Dorado,9/22/2020,0,0,0
Siskiyou,9/22/2020,0,1,1
Santa Barbara,9/22/2020,21,6,27
Napa,9/22/2020,3,1,4
Tulare,9/22/2020,41,9,50
Merced,9/22/2020,9,0,9
Kings,9/22/2020,22,0,22
Amador,9/22/2020,1,0,1
Riverside,9/22/2020,150,64,214
Los Angeles,9/22/2020,753,392,1145
Butte,9/22/2020,13,0,13
Santa Cruz,9/22/2020,17,0,17
San Mateo,9/22/2020,36,8,44
Santa Clara,9/22/2020,114,8,122
Calaveras,9/22/2020,0,0,0
Monterey,9/22/2020,34,2,36
Del Norte,9/22/2020,0,1,1
Marin,9/22/2020,7,5,12
Imperial,9/22/2020,26,0,26
Tehama,9/22/2020,1,0,1
Yuba,9/22/2020,14,2,16
Modoc,9/23/2020,0,0,0
Tehama,9/23/2020,2,0,2
Mariposa,9/23/2020,0,0,0
Yuba,9/23/2020,12,0,12
Trinity,9/23/2020,0,0,0
San Benito,9/23/2020,1,0,1
Solano,9/23/2020,24,24,48
Inyo,9/23/2020,0,0,0
Humboldt,9/23/2020,5,4,9
Sonoma,9/23/2020,18,8,26
Plumas,9/23/2020,0,0,0
Lassen,9/23/2020,0,0,0
Napa,9/23/2020,3,0,3
Marin,9/23/2020,7,3,10
Shasta,9/23/2020,5,1,6
Glenn,9/23/2020,0,0,0
Kern,9/23/2020,75,2,77
Los Angeles,9/23/2020,760,378,1138
Siskiyou,9/23/2020,1,0,1
Amador,9/23/2020,1,0,1
Santa Clara,9/23/2020,109,11,120
Tulare,9/23/2020,39,13,52
Nevada,9/23/2020,2,0,2
Merced,9/23/2020,8,0,8
Colusa,9/23/2020,1,0,1
Butte,9/23/2020,12,0,12
San Francisco,9/23/2020,65,9,74
San Mateo,9/23/2020,37,10,47
San Luis Obispo,9/23/2020,3,0,3
Yolo,9/23/2020,6,0,6
Mendocino,9/23/2020,8,0,8
Madera,9/23/2020,13,17,30
Kings,9/23/2020,15,0,15
Calaveras,9/23/2020,0,0,0
Stanislaus,9/23/2020,91,24,115
Alameda,9/23/2020,92,43,135
Santa Cruz,9/23/2020,17,0,17
Riverside,9/23/2020,141,56,197
Mono,9/23/2020,0,0,0
San Diego,9/23/2020,200,53,253
El Dorado,9/23/2020,0,0,0
San Bernardino,9/23/2020,160,52,212
Imperial,9/23/2020,27,0,27
Ventura,9/23/2020,44,20,64
Sutter,9/23/2020,0,0,0
Orange,9/23/2020,168,57,225
Fresno,9/23/2020,84,24,108
San Joaquin,9/23/2020,54,16,70
Santa Barbara,9/23/2020,20,4,24
Del Norte,9/23/2020,0,0,0
Contra Costa,9/23/2020,45,21,66
Placer,9/23/2020,29,28,57
Monterey,9/23/2020,27,0,27
Lake,9/23/2020,0,1,1
Tuolumne,9/23/2020,0,0,0
Sacramento,9/23/2020,147,27,174
Nevada,9/24/2020,2,1,3
Kings,9/24/2020,18,0,18
Fresno,9/24/2020,80,23,103
Lassen,9/24/2020,0,0,0
Los Angeles,9/24/2020,715,319,1034
Tuolumne,9/24/2020,0,0,0
Orange,9/24/2020,157,69,226
Mariposa,9/24/2020,0,0,0
El Dorado,9/24/2020,1,0,1
San Benito,9/24/2020,2,0,2
Amador,9/24/2020,1,0,1
Yuba,9/24/2020,12,0,12
Sacramento,9/24/2020,139,31,170
Mono,9/24/2020,0,0,0
Glenn,9/24/2020,0,0,0
Yolo,9/24/2020,3,0,3
Tehama,9/24/2020,4,0,4
Sonoma,9/24/2020,16,5,21
Lake,9/24/2020,0,0,0
Del Norte,9/24/2020,0,0,0
Stanislaus,9/24/2020,82,32,114
Shasta,9/24/2020,5,0,5
San Joaquin,9/24/2020,49,7,56
San Diego,9/24/2020,196,45,241
Trinity,9/24/2020,0,0,0
Monterey,9/24/2020,28,0,28
Butte,9/24/2020,11,0,11
Humboldt,9/24/2020,4,1,5
Marin,9/24/2020,5,3,8
Merced,9/24/2020,11,0,11
Alameda,9/24/2020,87,36,123
Solano,9/24/2020,24,24,48
Contra Costa,9/24/2020,39,20,59
Santa Clara,9/24/2020,111,10,121
San Mateo,9/24/2020,35,12,47
Imperial,9/24/2020,28,0,28
San Bernardino,9/24/2020,152,42,194
San Luis Obispo,9/24/2020,3,1,4
Riverside,9/24/2020,142,62,204
San Francisco,9/24/2020,60,9,69
Colusa,9/24/2020,1,0,1
Sutter,9/24/2020,0,0,0
Placer,9/24/2020,30,30,60
Madera,9/24/2020,11,12,23
Ventura,9/24/2020,44,23,67
Siskiyou,9/24/2020,1,0,1
Kern,9/24/2020,72,2,74
Modoc,9/24/2020,0,0,0
Mendocino,9/24/2020,8,0,8
Calaveras,9/24/2020,0,0,0
Tulare,9/24/2020,41,8,49
Santa Cruz,9/24/2020,18,0,18
Napa,9/24/2020,3,2,5
Plumas,9/24/2020,0,0,0
Inyo,9/24/2020,0,0,0
Santa Barbara,9/24/2020,23,4,27
Santa Cruz,9/25/2020,20,0,20
Butte,9/25/2020,12,0,12
San Luis Obispo,9/25/2020,3,0,3
Imperial,9/25/2020,25,0,25
Orange,9/25/2020,156,51,207
Tuolumne,9/25/2020,0,0,0
Stanislaus,9/25/2020,76,28,104
Yuba,9/25/2020,13,0,13
Santa Clara,9/25/2020,108,12,120
San Bernardino,9/25/2020,148,50,198
Colusa,9/25/2020,1,0,1
Merced,9/25/2020,10,0,10
Napa,9/25/2020,3,2,5
Plumas,9/25/2020,0,0,0
Monterey,9/25/2020,28,0,28
San Mateo,9/25/2020,32,13,45
Kern,9/25/2020,70,2,72
Madera,9/25/2020,13,19,32
Tehama,9/25/2020,5,0,5
Sacramento,9/25/2020,134,28,162
Sonoma,9/25/2020,18,8,26
Inyo,9/25/2020,0,0,0
Del Norte,9/25/2020,0,0,0
Yolo,9/25/2020,3,0,3
Mendocino,9/25/2020,9,0,9
Mono,9/25/2020,0,0,0
Siskiyou,9/25/2020,1,0,1
Amador,9/25/2020,0,0,0
Marin,9/25/2020,5,2,7
Lake,9/25/2020,0,2,2
El Dorado,9/25/2020,1,0,1
Los Angeles,9/25/2020,692,336,1028
Sutter,9/25/2020,0,0,0
Alameda,9/25/2020,86,27,113
Nevada,9/25/2020,2,1,3
Riverside,9/25/2020,129,67,196
Calaveras,9/25/2020,0,0,0
Modoc,9/25/2020,0,0,0
Fresno,9/25/2020,78,23,101
San Benito,9/25/2020,2,0,2
San Diego,9/25/2020,196,39,235
Shasta,9/25/2020,6,0,6
Glenn,9/25/2020,0,0,0
Trinity,9/25/2020,0,0,0
Mariposa,9/25/2020,0,0,0
Santa Barbara,9/25/2020,24,4,28
Ventura,9/25/2020,44,22,66
Humboldt,9/25/2020,5,0,5
San Francisco,9/25/2020,61,11,72
Kings,9/25/2020,13,0,13
San Joaquin,9/25/2020,44,8,52
Lassen,9/25/2020,0,0,0
Placer,9/25/2020,25,20,45
Tulare,9/25/2020,36,9,45
Solano,9/25/2020,18,15,33
Contra Costa,9/25/2020,30,19,49
Contra Costa,9/26/2020,30,11,41
Yolo,9/26/2020,3,0,3
Humboldt,9/26/2020,3,0,3
El Dorado,9/26/2020,1,0,1
Sacramento,9/26/2020,131,25,156
Del Norte,9/26/2020,0,0,0
Mendocino,9/26/2020,9,0,9
Ventura,9/26/2020,46,18,64
Amador,9/26/2020,0,0,0
Kings,9/26/2020,10,0,10
Tulare,9/26/2020,32,10,42
Yuba,9/26/2020,13,0,13
Santa Barbara,9/26/2020,21,5,26
Alameda,9/26/2020,75,36,111
Plumas,9/26/2020,0,0,0
Stanislaus,9/26/2020,69,19,88
Santa Cruz,9/26/2020,19,0,19
Shasta,9/26/2020,8,1,9
San Luis Obispo,9/26/2020,3,1,4
Mono,9/26/2020,0,0,0
Sutter,9/26/2020,0,0,0
Modoc,9/26/2020,0,0,0
Tehama,9/26/2020,4,0,4
San Bernardino,9/26/2020,152,44,196
San Francisco,9/26/2020,56,8,64
Marin,9/26/2020,5,8,13
Inyo,9/26/2020,0,0,0
San Joaquin,9/26/2020,38,11,49
Colusa,9/26/2020,1,0,1
Butte,9/26/2020,13,0,13
San Benito,9/26/2020,2,0,2
Madera,9/26/2020,13,3,16
Trinity,9/26/2020,0,0,0
Tuolumne,9/26/2020,1,0,1
San Mateo,9/26/2020,29,12,41
Siskiyou,9/26/2020,1,0,1
Sonoma,9/26/2020,18,7,25
Santa Clara,9/26/2020,93,11,104
Riverside,9/26/2020,135,46,181
Kern,9/26/2020,66,4,70
San Diego,9/26/2020,197,42,239
Placer,9/26/2020,25,25,50
Calaveras,9/26/2020,0,0,0
Lake,9/26/2020,0,1,1
Nevada,9/26/2020,1,0,1
Orange,9/26/2020,164,36,200
Imperial,9/26/2020,25,0,25
Los Angeles,9/26/2020,687,371,1058
Solano,9/26/2020,18,19,37
Mariposa,9/26/2020,0,0,0
Merced,9/26/2020,9,0,9
Glenn,9/26/2020,0,0,0
Monterey,9/26/2020,29,0,29
Fresno,9/26/2020,73,24,97
Napa,9/26/2020,3,0,3
Lassen,9/26/2020,0,0,0
Humboldt,9/27/2020,3,0,3
Placer,9/27/2020,22,28,50
Tulare,9/27/2020,33,8,41
Plumas,9/27/2020,0,0,0
Lassen,9/27/2020,0,0,0
San Joaquin,9/27/2020,32,20,52
Glenn,9/27/2020,0,0,0
Napa,9/27/2020,3,0,3
El Dorado,9/27/2020,1,0,1
Santa Clara,9/27/2020,94,13,107
Inyo,9/27/2020,0,1,1
Yolo,9/27/2020,3,0,3
Monterey,9/27/2020,29,0,29
Imperial,9/27/2020,20,0,20
Santa Barbara,9/27/2020,21,1,22
Butte,9/27/2020,13,0,13
Kings,9/27/2020,14,0,14
Trinity,9/27/2020,0,0,0
Calaveras,9/27/2020,0,0,0
Contra Costa,9/27/2020,31,13,44
Madera,9/27/2020,12,9,21
Los Angeles,9/27/2020,714,356,1070
San Diego,9/27/2020,184,48,232
Alameda,9/27/2020,76,37,113
Kern,9/27/2020,67,3,70
Ventura,9/27/2020,48,11,59
Mariposa,9/27/2020,0,0,0
Fresno,9/27/2020,74,22,96
San Bernardino,9/27/2020,160,50,210
Lake,9/27/2020,1,0,1
San Luis Obispo,9/27/2020,2,1,3
Solano,9/27/2020,17,22,39
Mono,9/27/2020,0,0,0
Santa Cruz,9/27/2020,24,0,24
Colusa,9/27/2020,1,0,1
Tuolumne,9/27/2020,1,0,1
San Benito,9/27/2020,2,0,2
Sutter,9/27/2020,0,0,0
San Francisco,9/27/2020,54,6,60
Marin,9/27/2020,7,7,14
Amador,9/27/2020,0,0,0
Sacramento,9/27/2020,119,35,154
Siskiyou,9/27/2020,1,0,1
Tehama,9/27/2020,4,0,4
Modoc,9/27/2020,0,0,0
Yuba,9/27/2020,14,0,14
Merced,9/27/2020,9,1,10
Del Norte,9/27/2020,0,0,0
Shasta,9/27/2020,1,6,7
Sonoma,9/27/2020,20,4,24
San Mateo,9/27/2020,29,9,38
Orange,9/27/2020,161,63,224
Nevada,9/27/2020,2,0,2
Stanislaus,9/27/2020,59,20,79
Mendocino,9/27/2020,7,0,7
Riverside,9/27/2020,128,49,177
Plumas,9/28/2020,0,0,0
Yuba,9/28/2020,13,0,13
San Mateo,9/28/2020,29,11,40
Colusa,9/28/2020,1,0,1
San Luis Obispo,9/28/2020,3,0,3
Tuolumne,9/28/2020,1,0,1
Kern,9/28/2020,71,3,74
Shasta,9/28/2020,6,1,7
Sutter,9/28/2020,0,0,0
Sonoma,9/28/2020,20,8,28
Sacramento,9/28/2020,125,35,160
Monterey,9/28/2020,30,0,30
San Francisco,9/28/2020,60,5,65
San Bernardino,9/28/2020,165,58,223
Solano,9/28/2020,19,19,38
Lassen,9/28/2020,0,0,0
Kings,9/28/2020,16,0,16
Siskiyou,9/28/2020,0,1,1
Mono,9/28/2020,0,0,0
Santa Barbara,9/28/2020,26,1,27
Del Norte,9/28/2020,0,1,1
Trinity,9/28/2020,0,0,0
Amador,9/28/2020,0,0,0
Inyo,9/28/2020,0,1,1
Napa,9/28/2020,4,2,6
Merced,9/28/2020,10,10,20
Mariposa,9/28/2020,0,0,0
Los Angeles,9/28/2020,734,291,1025
Placer,9/28/2020,24,28,52
Imperial,9/28/2020,22,0,22
Modoc,9/28/2020,0,0,0
Marin,9/28/2020,8,6,14
Mendocino,9/28/2020,6,0,6
San Benito,9/28/2020,2,0,2
Santa Clara,9/28/2020,93,18,111
Glenn,9/28/2020,0,0,0
El Dorado,9/28/2020,1,0,1
Santa Cruz,9/28/2020,25,0,25
Ventura,9/28/2020,46,7,53
Calaveras,9/28/2020,0,0,0
Riverside,9/28/2020,125,57,182
Contra Costa,9/28/2020,30,15,45
Fresno,9/28/2020,76,14,90
San Joaquin,9/28/2020,35,18,53
Lake,9/28/2020,1,1,2
Orange,9/28/2020,162,78,240
Butte,9/28/2020,13,0,13
Humboldt,9/28/2020,2,3,5
San Diego,9/28/2020,199,58,257
Tehama,9/28/2020,5,0,5
Yolo,9/28/2020,3,0,3
Stanislaus,9/28/2020,54,24,78
Madera,9/28/2020,12,14,26
Alameda,9/28/2020,79,35,114
Nevada,9/28/2020,2,0,2
Tulare,9/28/2020,34,8,42
Butte,9/29/2020,13,0,13
Santa Clara,9/29/2020,90,15,105
Orange,9/29/2020,172,52,224
Mono,9/29/2020,0,0,0
Sacramento,9/29/2020,122,38,160
Solano,9/29/2020,18,21,39
Mariposa,9/29/2020,0,0,0
Modoc,9/29/2020,0,0,0
Madera,9/29/2020,9,13,22
Amador,9/29/2020,1,0,1
Napa,9/29/2020,6,1,7
Siskiyou,9/29/2020,0,1,1
Contra Costa,9/29/2020,32,17,49
Inyo,9/29/2020,0,0,0
Glenn,9/29/2020,0,0,0
Imperial,9/29/2020,23,0,23
Ventura,9/29/2020,48,14,62
Marin,9/29/2020,7,8,15
Mendocino,9/29/2020,5,0,5
Stanislaus,9/29/2020,50,30,80
Yolo,9/29/2020,4,0,4
Nevada,9/29/2020,3,0,3
Humboldt,9/29/2020,2,3,5
Shasta,9/29/2020,5,1,6
Riverside,9/29/2020,130,52,182
Santa Cruz,9/29/2020,23,0,23
San Luis Obispo,9/29/2020,3,0,3
Kings,9/29/2020,20,1,21
Tuolumne,9/29/2020,1,0,1
San Mateo,9/29/2020,26,17,43
El Dorado,9/29/2020,1,0,1
Lake,9/29/2020,1,1,2
San Francisco,9/29/2020,61,5,66
San Diego,9/29/2020,182,56,238
Del Norte,9/29/2020,0,0,0
Yuba,9/29/2020,13,1,14
Los Angeles,9/29/2020,746,340,1086
Monterey,9/29/2020,30,0,30
Santa Barbara,9/29/2020,23,0,23
Sutter,9/29/2020,0,0,0
Kern,9/29/2020,73,5,78
San Benito,9/29/2020,1,0,1
Sonoma,9/29/2020,17,4,21
Placer,9/29/2020,22,22,44
Fresno,9/29/2020,80,14,94
Merced,9/29/2020,9,11,20
Lassen,9/29/2020,0,0,0
Trinity,9/29/2020,0,0,0
Alameda,9/29/2020,78,47,125
San Joaquin,9/29/2020,33,20,53
San Bernardino,9/29/2020,170,55,225
Colusa,9/29/2020,1,0,1
Tulare,9/29/2020,34,9,43
Plumas,9/29/2020,0,0,0
Calaveras,9/29/2020,0,0,0
Tehama,9/29/2020,5,0,5
Imperial,9/30/2020,26,0,26
Santa Clara,9/30/2020,93,17,110
Napa,9/30/2020,6,0,6
Madera,9/30/2020,10,9,19
Ventura,9/30/2020,46,10,56
Plumas,9/30/2020,0,0,0
El Dorado,9/30/2020,0,0,0
Merced,9/30/2020,11,0,11
Yuba,9/30/2020,13,0,13
Del Norte,9/30/2020,0,0,0
Orange,9/30/2020,173,55,228
Sutter,9/30/2020,0,0,0
Inyo,9/30/2020,0,1,1
Fresno,9/30/2020,80,26,106
Shasta,9/30/2020,8,1,9
San Bernardino,9/30/2020,165,58,223
Marin,9/30/2020,7,4,11
Humboldt,9/30/2020,2,0,2
Butte,9/30/2020,9,0,9
Mendocino,9/30/2020,6,1,7
Glenn,9/30/2020,0,0,0
Alameda,9/30/2020,84,32,116
Tehama,9/30/2020,6,0,6
Lake,9/30/2020,1,2,3
Contra Costa,9/30/2020,31,15,46
Amador,9/30/2020,1,0,1
San Luis Obispo,9/30/2020,1,0,1
Placer,9/30/2020,17,18,35
Trinity,9/30/2020,0,0,0
Lassen,9/30/2020,0,0,0
Mariposa,9/30/2020,0,0,0
Tulare,9/30/2020,39,9,48
Sonoma,9/30/2020,15,5,20
Solano,9/30/2020,14,18,32
Colusa,9/30/2020,5,0,5
Calaveras,9/30/2020,0,0,0
Los Angeles,9/30/2020,730,371,1101
San Benito,9/30/2020,1,0,1
Sacramento,9/30/2020,119,27,146
Mono,9/30/2020,0,0,0
Nevada,9/30/2020,3,0,3
Riverside,9/30/2020,119,45,164
Santa Cruz,9/30/2020,20,0,20
Siskiyou,9/30/2020,0,0,0
Kings,9/30/2020,15,0,15
San Francisco,9/30/2020,64,10,74
San Mateo,9/30/2020,26,16,42
Stanislaus,9/30/2020,58,21,79
San Diego,9/30/2020,187,43,230
Yolo,9/30/2020,6,0,6
Santa Barbara,9/30/2020,18,1,19
Modoc,9/30/2020,0,0,0
San Joaquin,9/30/2020,35,16,51
Monterey,9/30/2020,27,0,27
Kern,9/30/2020,70,5,75
Tuolumne,9/30/2020,2,0,2
Lassen,10/1/2020,0,0,0
Contra Costa,10/1/2020,31,17,48
Madera,10/1/2020,9,14,23
Tuolumne,10/1/2020,0,0,0
Fresno,10/1/2020,94,19,113
Yuba,10/1/2020,10,1,11
Santa Clara,10/1/2020,84,17,101
Santa Cruz,10/1/2020,20,0,20
Colusa,10/1/2020,0,0,0
Orange,10/1/2020,175,34,209
Tulare,10/1/2020,39,7,46
San Benito,10/1/2020,1,0,1
San Luis Obispo,10/1/2020,2,1,3
Riverside,10/1/2020,130,59,189
Shasta,10/1/2020,7,1,8
Marin,10/1/2020,6,5,11
Merced,10/1/2020,9,0,9
Modoc,10/1/2020,0,0,0
Lake,10/1/2020,1,0,1
San Joaquin,10/1/2020,35,18,53
Kern,10/1/2020,58,4,62
El Dorado,10/1/2020,1,1,2
Sutter,10/1/2020,0,0,0
Nevada,10/1/2020,3,1,4
Butte,10/1/2020,6,0,6
Mariposa,10/1/2020,0,0,0
Calaveras,10/1/2020,0,0,0
San Diego,10/1/2020,186,54,240
Sacramento,10/1/2020,108,26,134
San Bernardino,10/1/2020,173,47,220
Los Angeles,10/1/2020,698,371,1069
Glenn,10/1/2020,0,0,0
Amador,10/1/2020,1,0,1
Imperial,10/1/2020,23,0,23
Humboldt,10/1/2020,2,0,2
Mono,10/1/2020,1,0,1
Del Norte,10/1/2020,0,1,1
Yolo,10/1/2020,4,0,4
Alameda,10/1/2020,94,36,130
Stanislaus,10/1/2020,55,24,79
Solano,10/1/2020,18,13,31
Mendocino,10/1/2020,8,1,9
Sonoma,10/1/2020,17,1,18
Siskiyou,10/1/2020,0,0,0
Tehama,10/1/2020,7,0,7
Inyo,10/1/2020,0,1,1
Plumas,10/1/2020,0,0,0
Napa,10/1/2020,8,1,9
Kings,10/1/2020,16,0,16
San Mateo,10/1/2020,29,13,42
Ventura,10/1/2020,43,9,52
San Francisco,10/1/2020,59,9,68
Monterey,10/1/2020,29,0,29
Trinity,10/1/2020,0,0,0
Santa Barbara,10/1/2020,20,1,21
Placer,10/1/2020,19,20,39
Contra Costa,10/2/2020,31,7,38
Stanislaus,10/2/2020,55,19,74
San Luis Obispo,10/2/2020,2,0,2
Orange,10/2/2020,160,53,213
San Bernardino,10/2/2020,164,48,212
Napa,10/2/2020,8,1,9
Plumas,10/2/2020,0,0,0
Lassen,10/2/2020,0,0,0
Yolo,10/2/2020,4,0,4
Siskiyou,10/2/2020,0,0,0
Santa Barbara,10/2/2020,19,1,20
San Benito,10/2/2020,1,0,1
Colusa,10/2/2020,4,1,5
Fresno,10/2/2020,97,18,115
Nevada,10/2/2020,3,0,3
Amador,10/2/2020,1,0,1
Solano,10/2/2020,22,13,35
Placer,10/2/2020,18,24,42
Yuba,10/2/2020,7,0,7
Monterey,10/2/2020,30,0,30
Glenn,10/2/2020,0,0,0
El Dorado,10/2/2020,1,0,1
Tuolumne,10/2/2020,0,0,0
Inyo,10/2/2020,0,1,1
Mendocino,10/2/2020,8,0,8
Lake,10/2/2020,1,0,1
San Joaquin,10/2/2020,39,19,58
Humboldt,10/2/2020,2,0,2
Tulare,10/2/2020,35,7,42
San Diego,10/2/2020,203,56,259
Riverside,10/2/2020,135,66,201
Ventura,10/2/2020,39,13,52
Del Norte,10/2/2020,0,0,0
Sonoma,10/2/2020,21,6,27
Mariposa,10/2/2020,0,0,0
Imperial,10/2/2020,26,0,26
Los Angeles,10/2/2020,673,324,997
Shasta,10/2/2020,7,1,8
Santa Clara,10/2/2020,82,19,101
Tehama,10/2/2020,5,0,5
Sutter,10/2/2020,0,0,0
Madera,10/2/2020,7,6,13
Butte,10/2/2020,7,0,7
Kings,10/2/2020,13,0,13
Mono,10/2/2020,0,0,0
Marin,10/2/2020,7,5,12
Alameda,10/2/2020,76,34,110
San Mateo,10/2/2020,29,13,42
Trinity,10/2/2020,0,0,0
Sacramento,10/2/2020,96,23,119
Santa Cruz,10/2/2020,22,0,22
Merced,10/2/2020,9,1,10
Modoc,10/2/2020,0,0,0
Kern,10/2/2020,63,3,66
Calaveras,10/2/2020,0,0,0
San Francisco,10/2/2020,55,10,65
Shasta,10/3/2020,6,1,7
Butte,10/3/2020,12,0,12
Santa Barbara,10/3/2020,23,1,24
Glenn,10/3/2020,0,0,0
Solano,10/3/2020,21,13,34
Plumas,10/3/2020,0,0,0
San Mateo,10/3/2020,29,11,40
Stanislaus,10/3/2020,55,17,72
San Joaquin,10/3/2020,38,16,54
Nevada,10/3/2020,3,0,3
Napa,10/3/2020,6,0,6
Sutter,10/3/2020,0,0,0
Mendocino,10/3/2020,6,0,6
Colusa,10/3/2020,2,4,6
Imperial,10/3/2020,26,1,27
Sonoma,10/3/2020,26,7,33
Madera,10/3/2020,7,6,13
Orange,10/3/2020,155,52,207
San Francisco,10/3/2020,50,7,57
Kern,10/3/2020,63,4,67
Fresno,10/3/2020,102,16,118
Tuolumne,10/3/2020,0,0,0
Yolo,10/3/2020,2,0,2
Amador,10/3/2020,0,0,0
San Benito,10/3/2020,1,0,1
Siskiyou,10/3/2020,0,0,0
Sacramento,10/3/2020,87,29,116
Santa Cruz,10/3/2020,21,0,21
Trinity,10/3/2020,0,0,0
Mariposa,10/3/2020,0,0,0
Monterey,10/3/2020,29,0,29
Lake,10/3/2020,0,3,3
El Dorado,10/3/2020,1,0,1
Del Norte,10/3/2020,0,0,0
Lassen,10/3/2020,0,0,0
Kings,10/3/2020,15,0,15
Tulare,10/3/2020,36,9,45
Santa Clara,10/3/2020,82,23,105
San Luis Obispo,10/3/2020,2,0,2
Modoc,10/3/2020,0,0,0
Placer,10/3/2020,18,24,42
Yuba,10/3/2020,6,0,6
Merced,10/3/2020,6,0,6
San Bernardino,10/3/2020,170,54,224
Inyo,10/3/2020,0,0,0
Marin,10/3/2020,8,6,14
Humboldt,10/3/2020,2,0,2
Contra Costa,10/3/2020,31,10,41
San Diego,10/3/2020,207,60,267
Alameda,10/3/2020,78,41,119
Ventura,10/3/2020,38,11,49
Tehama,10/3/2020,4,0,4
Mono,10/3/2020,0,0,0
Los Angeles,10/3/2020,674,353,1027
Riverside,10/3/2020,135,67,202
Calaveras,10/3/2020,0,0,0
Modoc,10/4/2020,0,0,0
Tuolumne,10/4/2020,1,1,2
Kern,10/4/2020,61,1,62
Humboldt,10/4/2020,2,1,3
Orange,10/4/2020,168,42,210
Napa,10/4/2020,6,1,7
Madera,10/4/2020,8,7,15
Butte,10/4/2020,8,0,8
Alameda,10/4/2020,71,29,100
Monterey,10/4/2020,27,2,29
Solano,10/4/2020,21,17,38
San Benito,10/4/2020,1,0,1
San Joaquin,10/4/2020,35,11,46
San Diego,10/4/2020,203,53,256
San Luis Obispo,10/4/2020,4,0,4
Contra Costa,10/4/2020,34,19,53
Siskiyou,10/4/2020,0,0,0
Glenn,10/4/2020,0,0,0
Fresno,10/4/2020,103,13,116
Del Norte,10/4/2020,0,0,0
Santa Cruz,10/4/2020,16,0,16
Merced,10/4/2020,7,0,7
San Mateo,10/4/2020,28,12,40
Kings,10/4/2020,14,0,14
Imperial,10/4/2020,24,0,24
Sonoma,10/4/2020,28,7,35
San Francisco,10/4/2020,52,9,61
Santa Clara,10/4/2020,87,20,107
Trinity,10/4/2020,0,0,0
Tulare,10/4/2020,35,9,44
Tehama,10/4/2020,4,0,4
Shasta,10/4/2020,4,1,5
Lake,10/4/2020,0,0,0
Nevada,10/4/2020,4,0,4
Placer,10/4/2020,22,34,56
El Dorado,10/4/2020,2,0,2
Ventura,10/4/2020,31,11,42
Inyo,10/4/2020,0,0,0
Lassen,10/4/2020,0,0,0
Riverside,10/4/2020,133,68,201
Mariposa,10/4/2020,0,0,0
Santa Barbara,10/4/2020,22,0,22
Yolo,10/4/2020,1,0,1
San Bernardino,10/4/2020,175,59,234
Calaveras,10/4/2020,0,0,0
Sutter,10/4/2020,0,0,0
Marin,10/4/2020,4,10,14
Plumas,10/4/2020,0,0,0
Mendocino,10/4/2020,7,1,8
Colusa,10/4/2020,2,4,6
Amador,10/4/2020,0,0,0
Yuba,10/4/2020,4,0,4
Los Angeles,10/4/2020,685,373,1058
Stanislaus,10/4/2020,54,11,65
Sacramento,10/4/2020,93,29,122
Mono,10/4/2020,0,0,0
El Dorado,10/5/2020,1,0,1
Plumas,10/5/2020,0,0,0
Santa Clara,10/5/2020,83,23,106
Mendocino,10/5/2020,5,0,5
Trinity,10/5/2020,0,0,0
Yuba,10/5/2020,4,0,4
Kings,10/5/2020,15,0,15
Sacramento,10/5/2020,96,29,125
Fresno,10/5/2020,107,18,125
Marin,10/5/2020,5,4,9
Lake,10/5/2020,0,3,3
Tuolumne,10/5/2020,0,0,0
Amador,10/5/2020,0,0,0
Lassen,10/5/2020,0,0,0
Kern,10/5/2020,66,0,66
Sutter,10/5/2020,0,0,0
Butte,10/5/2020,8,0,8
Shasta,10/5/2020,10,1,11
San Joaquin,10/5/2020,30,13,43
Solano,10/5/2020,20,10,30
Riverside,10/5/2020,142,67,209
Calaveras,10/5/2020,0,0,0
Mariposa,10/5/2020,0,0,0
San Luis Obispo,10/5/2020,3,0,3
Merced,10/5/2020,5,1,6
Santa Cruz,10/5/2020,14,0,14
San Mateo,10/5/2020,26,12,38
San Francisco,10/5/2020,50,9,59
Alameda,10/5/2020,73,37,110
Santa Barbara,10/5/2020,19,0,19
Placer,10/5/2020,20,25,45
San Diego,10/5/2020,217,56,273
Del Norte,10/5/2020,0,0,0
Humboldt,10/5/2020,2,3,5
Orange,10/5/2020,176,52,228
Glenn,10/5/2020,0,0,0
San Benito,10/5/2020,0,0,0
Mono,10/5/2020,0,0,0
Modoc,10/5/2020,0,0,0
Stanislaus,10/5/2020,53,21,74
Ventura,10/5/2020,33,12,45
San Bernardino,10/5/2020,186,53,239
Los Angeles,10/5/2020,696,339,1035
Sonoma,10/5/2020,28,7,35
Imperial,10/5/2020,27,0,27
Contra Costa,10/5/2020,37,20,57
Siskiyou,10/5/2020,0,0,0
Tulare,10/5/2020,34,8,42
Inyo,10/5/2020,1,0,1
Tehama,10/5/2020,5,0,5
Colusa,10/5/2020,4,0,4
Monterey,10/5/2020,24,1,25
Yolo,10/5/2020,1,0,1
Madera,10/5/2020,8,6,14
Napa,10/5/2020,6,1,7
Nevada,10/5/2020,4,0,4
Inyo,10/6/2020,2,1,3
Siskiyou,10/6/2020,0,0,0
Del Norte,10/6/2020,0,0,0
Calaveras,10/6/2020,0,0,0
Plumas,10/6/2020,0,0,0
Placer,10/6/2020,20,31,51
Los Angeles,10/6/2020,709,351,1060
Santa Cruz,10/6/2020,15,0,15
Monterey,10/6/2020,25,1,26
Colusa,10/6/2020,0,4,4
San Bernardino,10/6/2020,200,39,239
Mendocino,10/6/2020,5,0,5
Humboldt,10/6/2020,2,3,5
Mariposa,10/6/2020,0,0,0
Tuolumne,10/6/2020,0,0,0
Yolo,10/6/2020,1,0,1
Shasta,10/6/2020,7,0,7
Orange,10/6/2020,183,52,235
Mono,10/6/2020,0,0,0
Lake,10/6/2020,0,3,3
Madera,10/6/2020,4,8,12
Sonoma,10/6/2020,34,6,40
Solano,10/6/2020,20,15,35
Lassen,10/6/2020,0,0,0
Sacramento,10/6/2020,89,30,119
Riverside,10/6/2020,135,83,218
San Diego,10/6/2020,214,66,280
Amador,10/6/2020,0,0,0
Tulare,10/6/2020,28,8,36
San Benito,10/6/2020,0,0,0
Modoc,10/6/2020,0,0,0
San Joaquin,10/6/2020,26,17,43
Contra Costa,10/6/2020,32,25,57
Imperial,10/6/2020,30,0,30
Alameda,10/6/2020,75,40,115
San Luis Obispo,10/6/2020,2,0,2
Santa Barbara,10/6/2020,19,0,19
Stanislaus,10/6/2020,45,15,60
Kern,10/6/2020,65,3,68
Santa Clara,10/6/2020,77,23,100
Merced,10/6/2020,4,0,4
Nevada,10/6/2020,3,0,3
Sutter,10/6/2020,0,0,0
Marin,10/6/2020,6,6,12
El Dorado,10/6/2020,0,0,0
Kings,10/6/2020,16,0,16
Glenn,10/6/2020,0,0,0
Trinity,10/6/2020,0,0,0
Fresno,10/6/2020,100,22,122
San Francisco,10/6/2020,47,7,54
Butte,10/6/2020,8,0,8
Ventura,10/6/2020,34,9,43
Tehama,10/6/2020,5,0,5
Yuba,10/6/2020,6,1,7
Napa,10/6/2020,6,2,8
San Mateo,10/6/2020,24,10,34
Contra Costa,10/7/2020,32,27,59
San Luis Obispo,10/7/2020,3,4,7
Amador,10/7/2020,0,0,0
Santa Cruz,10/7/2020,15,0,15
Santa Clara,10/7/2020,77,25,102
San Benito,10/7/2020,0,0,0
San Joaquin,10/7/2020,30,15,45
Napa,10/7/2020,5,4,9
Nevada,10/7/2020,2,1,3
Shasta,10/7/2020,4,1,5
San Bernardino,10/7/2020,205,44,249
Humboldt,10/7/2020,3,1,4
Butte,10/7/2020,7,0,7
Colusa,10/7/2020,0,2,2
Lake,10/7/2020,0,1,1
Calaveras,10/7/2020,0,1,1
Solano,10/7/2020,19,21,40
Plumas,10/7/2020,0,0,0
Kings,10/7/2020,19,0,19
Sutter,10/7/2020,0,0,0
Trinity,10/7/2020,0,0,0
Mono,10/7/2020,0,0,0
Mendocino,10/7/2020,3,0,3
Mariposa,10/7/2020,0,0,0
San Francisco,10/7/2020,44,11,55
Tuolumne,10/7/2020,0,0,0
Glenn,10/7/2020,0,0,0
Fresno,10/7/2020,104,23,127
Orange,10/7/2020,172,38,210
Modoc,10/7/2020,0,2,2
Merced,10/7/2020,4,1,5
San Mateo,10/7/2020,22,10,32
Kern,10/7/2020,62,3,65
Imperial,10/7/2020,26,0,26
Yolo,10/7/2020,3,0,3
Inyo,10/7/2020,1,1,2
Tulare,10/7/2020,37,6,43
Riverside,10/7/2020,135,74,209
Sonoma,10/7/2020,31,8,39
San Diego,10/7/2020,217,44,261
Marin,10/7/2020,6,4,10
Monterey,10/7/2020,25,0,25
Del Norte,10/7/2020,0,0,0
Siskiyou,10/7/2020,0,0,0
Ventura,10/7/2020,35,11,46
El Dorado,10/7/2020,1,0,1
Los Angeles,10/7/2020,724,353,1077
Lassen,10/7/2020,0,0,0
Santa Barbara,10/7/2020,20,0,20
Madera,10/7/2020,7,4,11
Placer,10/7/2020,16,33,49
Tehama,10/7/2020,6,0,6
Stanislaus,10/7/2020,46,14,60
Yuba,10/7/2020,7,0,7
Alameda,10/7/2020,66,34,100
Sacramento,10/7/2020,87,37,124
Mendocino,10/8/2020,4,0,4
San Francisco,10/8/2020,39,5,44
Sonoma,10/8/2020,30,8,38
Tehama,10/8/2020,3,0,3
San Joaquin,10/8/2020,31,11,42
Imperial,10/8/2020,26,0,26
Fresno,10/8/2020,102,26,128
Kern,10/8/2020,59,4,63
Contra Costa,10/8/2020,29,12,41
Sutter,10/8/2020,0,0,0
Sacramento,10/8/2020,85,45,130
Siskiyou,10/8/2020,0,0,0
Mariposa,10/8/2020,0,0,0
Plumas,10/8/2020,0,0,0
Ventura,10/8/2020,33,13,46
Alameda,10/8/2020,61,44,105
El Dorado,10/8/2020,1,0,1
Calaveras,10/8/2020,0,0,0
Colusa,10/8/2020,0,1,1
Tuolumne,10/8/2020,0,0,0
Riverside,10/8/2020,145,70,215
Humboldt,10/8/2020,3,6,9
Yolo,10/8/2020,5,0,5
Shasta,10/8/2020,4,0,4
Solano,10/8/2020,21,23,44
Lake,10/8/2020,0,1,1
San Bernardino,10/8/2020,207,51,258
Modoc,10/8/2020,0,0,0
Los Angeles,10/8/2020,701,358,1059
Placer,10/8/2020,18,24,42
Marin,10/8/2020,7,2,9
San Luis Obispo,10/8/2020,3,0,3
Glenn,10/8/2020,0,0,0
Napa,10/8/2020,2,0,2
Santa Cruz,10/8/2020,13,0,13
Del Norte,10/8/2020,0,0,0
San Benito,10/8/2020,0,0,0
Kings,10/8/2020,16,0,16
Yuba,10/8/2020,9,1,10
Nevada,10/8/2020,1,1,2
Mono,10/8/2020,0,0,0
San Diego,10/8/2020,215,47,262
Tulare,10/8/2020,36,6,42
Trinity,10/8/2020,0,0,0
Lassen,10/8/2020,0,0,0
Inyo,10/8/2020,2,0,2
Amador,10/8/2020,0,0,0
Monterey,10/8/2020,25,0,25
Merced,10/8/2020,7,6,13
Santa Barbara,10/8/2020,24,0,24
Santa Clara,10/8/2020,79,19,98
Orange,10/8/2020,176,44,220
Stanislaus,10/8/2020,50,27,77
Butte,10/8/2020,7,0,7
San Mateo,10/8/2020,23,10,33
Madera,10/8/2020,8,11,19
Mono,10/9/2020,0,0,0
Los Angeles,10/9/2020,715,329,1044
San Bernardino,10/9/2020,209,49,258
Mariposa,10/9/2020,0,0,0
Lassen,10/9/2020,0,0,0
Placer,10/9/2020,18,22,40
Fresno,10/9/2020,93,23,116
Sutter,10/9/2020,0,0,0
Merced,10/9/2020,7,3,10
Amador,10/9/2020,0,0,0
Sacramento,10/9/2020,75,37,112
Solano,10/9/2020,23,18,41
Monterey,10/9/2020,27,3,30
Glenn,10/9/2020,0,0,0
Santa Clara,10/9/2020,69,23,92
Alameda,10/9/2020,59,41,100
Santa Cruz,10/9/2020,13,0,13
San Luis Obispo,10/9/2020,3,1,4
Santa Barbara,10/9/2020,23,1,24
Kern,10/9/2020,57,2,59
San Joaquin,10/9/2020,25,7,32
Madera,10/9/2020,9,8,17
Yuba,10/9/2020,7,0,7
San Francisco,10/9/2020,33,8,41
Humboldt,10/9/2020,3,2,5
Riverside,10/9/2020,146,57,203
Ventura,10/9/2020,34,17,51
Colusa,10/9/2020,0,0,0
El Dorado,10/9/2020,1,0,1
Trinity,10/9/2020,0,0,0
Inyo,10/9/2020,1,0,1
Plumas,10/9/2020,0,0,0
San Diego,10/9/2020,197,47,244
Siskiyou,10/9/2020,0,0,0
Kings,10/9/2020,17,0,17
Imperial,10/9/2020,28,0,28
Marin,10/9/2020,10,2,12
Butte,10/9/2020,6,0,6
Mendocino,10/9/2020,4,0,4
Shasta,10/9/2020,3,0,3
Modoc,10/9/2020,0,0,0
Sonoma,10/9/2020,30,6,36
San Benito,10/9/2020,0,0,0
Tulare,10/9/2020,31,6,37
Yolo,10/9/2020,3,0,3
Orange,10/9/2020,169,52,221
San Mateo,10/9/2020,29,10,39
Del Norte,10/9/2020,0,0,0
Napa,10/9/2020,2,1,3
Nevada,10/9/2020,1,0,1
Stanislaus,10/9/2020,51,31,82
Calaveras,10/9/2020,0,0,0
Contra Costa,10/9/2020,30,14,44
Tehama,10/9/2020,3,0,3
Tuolumne,10/9/2020,0,0,0
Lake,10/9/2020,0,0,0
Trinity,10/10/2020,0,0,0
Riverside,10/10/2020,135,56,191
Stanislaus,10/10/2020,52,27,79
Nevada,10/10/2020,2,0,2
Tehama,10/10/2020,3,0,3
Napa,10/10/2020,2,2,4
Calaveras,10/10/2020,0,0,0
Humboldt,10/10/2020,3,0,3
Madera,10/10/2020,11,8,19
Contra Costa,10/10/2020,30,18,48
San Francisco,10/10/2020,33,4,37
Shasta,10/10/2020,5,2,7
Orange,10/10/2020,164,49,213
San Diego,10/10/2020,195,52,247
Imperial,10/10/2020,31,0,31
Kern,10/10/2020,46,2,48
Colusa,10/10/2020,0,0,0
Mendocino,10/10/2020,3,0,3
San Bernardino,10/10/2020,192,52,244
Santa Clara,10/10/2020,71,24,95
Solano,10/10/2020,21,16,37
Merced,10/10/2020,6,3,9
Monterey,10/10/2020,26,2,28
Santa Cruz,10/10/2020,17,0,17
Placer,10/10/2020,17,40,57
Marin,10/10/2020,8,7,15
Lake,10/10/2020,0,1,1
Los Angeles,10/10/2020,693,360,1053
Sacramento,10/10/2020,78,56,134
San Luis Obispo,10/10/2020,2,0,2
Fresno,10/10/2020,85,19,104
Mariposa,10/10/2020,0,0,0
San Benito,10/10/2020,0,0,0
El Dorado,10/10/2020,1,0,1
Amador,10/10/2020,0,0,0
Modoc,10/10/2020,0,0,0
Del Norte,10/10/2020,0,0,0
Tulare,10/10/2020,32,8,40
Tuolumne,10/10/2020,1,0,1
Inyo,10/10/2020,1,0,1
Mono,10/10/2020,0,0,0
Sutter,10/10/2020,0,0,0
Siskiyou,10/10/2020,0,0,0
Santa Barbara,10/10/2020,24,0,24
Kings,10/10/2020,18,0,18
Lassen,10/10/2020,0,0,0
Alameda,10/10/2020,64,46,110
Sonoma,10/10/2020,32,6,38
Glenn,10/10/2020,0,0,0
Butte,10/10/2020,6,0,6
Plumas,10/10/2020,0,0,0
Ventura,10/10/2020,37,11,48
San Joaquin,10/10/2020,22,14,36
San Mateo,10/10/2020,29,9,38
Yolo,10/10/2020,2,0,2
Yuba,10/10/2020,9,0,9
Sacramento,10/11/2020,77,54,131
Del Norte,10/11/2020,0,0,0
Siskiyou,10/11/2020,0,0,0
San Diego,10/11/2020,173,51,224
Santa Barbara,10/11/2020,19,0,19
Ventura,10/11/2020,31,12,43
San Bernardino,10/11/2020,183,53,236
San Francisco,10/11/2020,27,3,30
Santa Clara,10/11/2020,78,30,108
San Luis Obispo,10/11/2020,1,0,1
Modoc,10/11/2020,0,0,0
Nevada,10/11/2020,2,1,3
Merced,10/11/2020,6,2,8
Mendocino,10/11/2020,3,0,3
Lake,10/11/2020,1,0,1
Lassen,10/11/2020,0,0,0
Calaveras,10/11/2020,0,0,0
Solano,10/11/2020,26,17,43
Imperial,10/11/2020,34,2,36
Madera,10/11/2020,10,9,19
San Mateo,10/11/2020,29,8,37
Plumas,10/11/2020,0,0,0
Placer,10/11/2020,19,35,54
Kern,10/11/2020,51,2,53
El Dorado,10/11/2020,2,0,2
Fresno,10/11/2020,98,14,112
Mariposa,10/11/2020,0,0,0
Napa,10/11/2020,2,4,6
Los Angeles,10/11/2020,692,353,1045
Sutter,10/11/2020,0,0,0
Tulare,10/11/2020,28,7,35
Yuba,10/11/2020,10,0,10
Glenn,10/11/2020,0,0,0
Marin,10/11/2020,6,3,9
Orange,10/11/2020,167,43,210
Santa Cruz,10/11/2020,20,0,20
San Benito,10/11/2020,0,0,0
Sonoma,10/11/2020,26,6,32
Riverside,10/11/2020,131,62,193
Tehama,10/11/2020,2,0,2
Shasta,10/11/2020,4,1,5
San Joaquin,10/11/2020,22,6,28
Contra Costa,10/11/2020,38,23,61
Monterey,10/11/2020,27,2,29
Yolo,10/11/2020,5,0,5
Inyo,10/11/2020,1,0,1
Mono,10/11/2020,0,0,0
Kings,10/11/2020,19,0,19
Amador,10/11/2020,1,0,1
Colusa,10/11/2020,0,0,0
Stanislaus,10/11/2020,54,25,79
Alameda,10/11/2020,61,44,105
Butte,10/11/2020,6,0,6
Trinity,10/11/2020,0,0,0
Tuolumne,10/11/2020,1,0,1
Humboldt,10/11/2020,3,2,5
Inyo,10/12/2020,1,0,1
San Diego,10/12/2020,178,52,230
Colusa,10/12/2020,0,0,0
Ventura,10/12/2020,32,9,41
El Dorado,10/12/2020,1,0,1
Mono,10/12/2020,0,0,0
San Luis Obispo,10/12/2020,1,0,1
Tehama,10/12/2020,2,0,2
Sutter,10/12/2020,0,0,0
Mariposa,10/12/2020,0,0,0
San Benito,10/12/2020,0,0,0
Siskiyou,10/12/2020,0,0,0
Butte,10/12/2020,6,0,6
Merced,10/12/2020,10,0,10
Lassen,10/12/2020,0,0,0
Tuolumne,10/12/2020,1,0,1
Humboldt,10/12/2020,4,1,5
Tulare,10/12/2020,26,4,30
Monterey,10/12/2020,28,0,28
San Joaquin,10/12/2020,25,11,36
San Bernardino,10/12/2020,186,50,236
Nevada,10/12/2020,1,0,1
San Mateo,10/12/2020,29,11,40
Madera,10/12/2020,8,11,19
Stanislaus,10/12/2020,54,9,63
Sonoma,10/12/2020,23,6,29
Alameda,10/12/2020,61,45,106
Yolo,10/12/2020,4,0,4
Riverside,10/12/2020,146,55,201
Marin,10/12/2020,5,3,8
Modoc,10/12/2020,0,1,1
Contra Costa,10/12/2020,26,19,45
Santa Cruz,10/12/2020,20,0,20
Los Angeles,10/12/2020,720,356,1076
Napa,10/12/2020,1,1,2
San Francisco,10/12/2020,28,2,30
Solano,10/12/2020,29,16,45
Mendocino,10/12/2020,3,0,3
Plumas,10/12/2020,0,0,0
Sacramento,10/12/2020,77,47,124
Lake,10/12/2020,2,0,2
Imperial,10/12/2020,31,0,31
Del Norte,10/12/2020,0,0,0
Kings,10/12/2020,19,0,19
Placer,10/12/2020,16,34,50
Kern,10/12/2020,53,3,56
Yuba,10/12/2020,11,1,12
Shasta,10/12/2020,7,1,8
Santa Barbara,10/12/2020,21,5,26
Santa Clara,10/12/2020,80,20,100
Calaveras,10/12/2020,0,0,0
Orange,10/12/2020,160,49,209
Trinity,10/12/2020,0,0,0
Fresno,10/12/2020,89,12,101
Amador,10/12/2020,1,0,1
Glenn,10/12/2020,0,0,0
Ventura,10/13/2020,35,10,45
Solano,10/13/2020,31,15,46
Lake,10/13/2020,2,1,3
San Bernardino,10/13/2020,179,49,228
Siskiyou,10/13/2020,0,0,0
San Diego,10/13/2020,187,56,243
Tuolumne,10/13/2020,1,0,1
Humboldt,10/13/2020,4,1,5
Mendocino,10/13/2020,1,0,1
Modoc,10/13/2020,0,2,2
Fresno,10/13/2020,91,14,105
Inyo,10/13/2020,1,0,1
Mariposa,10/13/2020,0,0,0
San Luis Obispo,10/13/2020,2,1,3
Kern,10/13/2020,59,2,61
Merced,10/13/2020,10,2,12
Sonoma,10/13/2020,23,4,27
Marin,10/13/2020,6,8,14
Santa Barbara,10/13/2020,18,2,20
Calaveras,10/13/2020,0,0,0
Kings,10/13/2020,14,2,16
Mono,10/13/2020,0,0,0
Contra Costa,10/13/2020,21,18,39
Del Norte,10/13/2020,0,0,0
Santa Cruz,10/13/2020,17,0,17
Napa,10/13/2020,1,3,4
El Dorado,10/13/2020,1,2,3
Riverside,10/13/2020,149,59,208
Glenn,10/13/2020,0,0,0
Stanislaus,10/13/2020,51,16,67
Los Angeles,10/13/2020,723,382,1105
Butte,10/13/2020,6,0,6
Sutter,10/13/2020,0,0,0
Santa Clara,10/13/2020,80,22,102
San Joaquin,10/13/2020,28,13,41
San Francisco,10/13/2020,27,4,31
Orange,10/13/2020,165,48,213
Shasta,10/13/2020,1,5,6
Monterey,10/13/2020,28,1,29
Plumas,10/13/2020,0,0,0
Nevada,10/13/2020,2,0,2
San Benito,10/13/2020,0,0,0
Colusa,10/13/2020,0,0,0
Placer,10/13/2020,18,34,52
Tulare,10/13/2020,28,9,37
Sacramento,10/13/2020,74,46,120
Alameda,10/13/2020,63,32,95
Lassen,10/13/2020,0,0,0
Trinity,10/13/2020,0,0,0
Imperial,10/13/2020,30,0,30
Madera,10/13/2020,7,13,20
Amador,10/13/2020,0,1,1
Tehama,10/13/2020,3,0,3
San Mateo,10/13/2020,28,9,37
Yolo,10/13/2020,3,0,3
Yuba,10/13/2020,11,0,11
Marin,10/14/2020,8,9,17
Sacramento,10/14/2020,75,36,111
San Mateo,10/14/2020,24,6,30
Lassen,10/14/2020,0,0,0
Riverside,10/14/2020,149,69,218
Tehama,10/14/2020,4,0,4
San Bernardino,10/14/2020,181,52,233
Plumas,10/14/2020,0,0,0
Placer,10/14/2020,13,14,27
Kings,10/14/2020,12,2,14
Los Angeles,10/14/2020,735,372,1107
Monterey,10/14/2020,27,1,28
Siskiyou,10/14/2020,0,0,0
Contra Costa,10/14/2020,17,12,29
Santa Barbara,10/14/2020,19,3,22
Kern,10/14/2020,67,0,67
Mendocino,10/14/2020,0,0,0
Del Norte,10/14/2020,0,0,0
Imperial,10/14/2020,34,0,34
Sutter,10/14/2020,0,0,0
Yuba,10/14/2020,8,0,8
Nevada,10/14/2020,2,0,2
Lake,10/14/2020,1,0,1
Ventura,10/14/2020,29,13,42
Tulare,10/14/2020,29,9,38
Yolo,10/14/2020,1,0,1
San Francisco,10/14/2020,26,6,32
Solano,10/14/2020,28,16,44
Modoc,10/14/2020,0,0,0
Madera,10/14/2020,7,6,13
Mariposa,10/14/2020,0,0,0
San Joaquin,10/14/2020,29,7,36
Colusa,10/14/2020,0,0,0
Alameda,10/14/2020,59,40,99
San Diego,10/14/2020,181,43,224
Merced,10/14/2020,10,0,10
Santa Clara,10/14/2020,87,20,107
Humboldt,10/14/2020,4,2,6
Santa Cruz,10/14/2020,17,1,18
Inyo,10/14/2020,1,0,1
El Dorado,10/14/2020,0,1,1
Napa,10/14/2020,2,3,5
Fresno,10/14/2020,94,22,116
Trinity,10/14/2020,0,0,0
Sonoma,10/14/2020,25,4,29
San Luis Obispo,10/14/2020,4,2,6
Stanislaus,10/14/2020,55,19,74
Mono,10/14/2020,0,0,0
Tuolumne,10/14/2020,1,0,1
Shasta,10/14/2020,7,1,8
Butte,10/14/2020,3,0,3
Glenn,10/14/2020,0,0,0
Orange,10/14/2020,164,48,212
Calaveras,10/14/2020,0,0,0
San Benito,10/14/2020,0,0,0
Amador,10/14/2020,0,0,0
Tulare,10/15/2020,27,8,35
Sutter,10/15/2020,0,0,0
Shasta,10/15/2020,8,1,9
Orange,10/15/2020,170,33,203
Calaveras,10/15/2020,0,0,0
Sacramento,10/15/2020,79,34,113
Tuolumne,10/15/2020,1,0,1
Modoc,10/15/2020,0,0,0
San Luis Obispo,10/15/2020,5,0,5
San Francisco,10/15/2020,21,8,29
Merced,10/15/2020,11,2,13
Napa,10/15/2020,2,3,5
Contra Costa,10/15/2020,20,14,34
Siskiyou,10/15/2020,0,1,1
Riverside,10/15/2020,148,57,205
Monterey,10/15/2020,24,1,25
Kern,10/15/2020,59,1,60
Amador,10/15/2020,0,0,0
Butte,10/15/2020,2,0,2
Sonoma,10/15/2020,26,4,30
Mono,10/15/2020,0,0,0
Santa Barbara,10/15/2020,16,2,18
Imperial,10/15/2020,32,2,34
Glenn,10/15/2020,0,0,0
Inyo,10/15/2020,2,0,2
Solano,10/15/2020,24,16,40
San Benito,10/15/2020,0,0,0
San Joaquin,10/15/2020,28,10,38
Lassen,10/15/2020,0,0,0
Tehama,10/15/2020,3,0,3
Mendocino,10/15/2020,0,0,0
Placer,10/15/2020,12,12,24
Yolo,10/15/2020,5,0,5
San Bernardino,10/15/2020,186,53,239
Fresno,10/15/2020,95,15,110
Del Norte,10/15/2020,0,0,0
Santa Clara,10/15/2020,84,19,103
Lake,10/15/2020,1,4,5
Trinity,10/15/2020,0,0,0
San Mateo,10/15/2020,25,8,33
Humboldt,10/15/2020,4,1,5
Los Angeles,10/15/2020,746,340,1086
Plumas,10/15/2020,0,0,0
Alameda,10/15/2020,57,42,99
Colusa,10/15/2020,0,0,0
Mariposa,10/15/2020,0,0,0
El Dorado,10/15/2020,0,0,0
Nevada,10/15/2020,1,0,1
Kings,10/15/2020,13,1,14
Marin,10/15/2020,8,8,16
Madera,10/15/2020,8,9,17
Ventura,10/15/2020,29,11,40
Yuba,10/15/2020,8,0,8
Santa Cruz,10/15/2020,15,0,15
Stanislaus,10/15/2020,56,19,75
San Diego,10/15/2020,184,51,235
San Mateo,10/16/2020,27,12,39
Riverside,10/16/2020,136,67,203
Modoc,10/16/2020,0,0,0
Solano,10/16/2020,21,17,38
Humboldt,10/16/2020,4,4,8
El Dorado,10/16/2020,0,0,0
Mariposa,10/16/2020,0,0,0
Inyo,10/16/2020,2,1,3
Colusa,10/16/2020,0,0,0
Stanislaus,10/16/2020,55,12,67
Shasta,10/16/2020,6,0,6
Glenn,10/16/2020,0,0,0
Siskiyou,10/16/2020,0,0,0
Tuolumne,10/16/2020,0,0,0
Santa Cruz,10/16/2020,14,0,14
San Francisco,10/16/2020,20,4,24
San Benito,10/16/2020,0,0,0
Santa Barbara,10/16/2020,13,3,16
Nevada,10/16/2020,0,0,0
Imperial,10/16/2020,33,2,35
Monterey,10/16/2020,25,0,25
Tehama,10/16/2020,4,0,4
Orange,10/16/2020,159,40,199
Yuba,10/16/2020,9,1,10
Napa,10/16/2020,2,1,3
Placer,10/16/2020,11,22,33
Del Norte,10/16/2020,0,0,0
Trinity,10/16/2020,0,0,0
San Diego,10/16/2020,189,46,235
Butte,10/16/2020,2,0,2
Merced,10/16/2020,9,1,10
Alameda,10/16/2020,52,43,95
Sutter,10/16/2020,0,0,0
Amador,10/16/2020,0,0,0
Santa Clara,10/16/2020,89,16,105
San Bernardino,10/16/2020,189,44,233
Sonoma,10/16/2020,25,6,31
Plumas,10/16/2020,0,0,0
Calaveras,10/16/2020,0,0,0
Fresno,10/16/2020,92,17,109
Lake,10/16/2020,1,0,1
Ventura,10/16/2020,29,4,33
Lassen,10/16/2020,0,0,0
Madera,10/16/2020,8,8,16
San Luis Obispo,10/16/2020,3,1,4
Kern,10/16/2020,58,1,59
Sacramento,10/16/2020,84,33,117
San Joaquin,10/16/2020,30,10,40
Contra Costa,10/16/2020,21,13,34
Los Angeles,10/16/2020,752,324,1076
Yolo,10/16/2020,6,0,6
Tulare,10/16/2020,31,5,36
Marin,10/16/2020,9,3,12
Mono,10/16/2020,0,0,0
Kings,10/16/2020,14,0,14
Mendocino,10/16/2020,0,0,0
Tuolumne,10/17/2020,0,0,0
Del Norte,10/17/2020,0,0,0
Trinity,10/17/2020,0,0,0
Madera,10/17/2020,7,7,14
San Francisco,10/17/2020,23,3,26
Solano,10/17/2020,22,19,41
Sonoma,10/17/2020,23,4,27
Sutter,10/17/2020,0,0,0
San Joaquin,10/17/2020,25,8,33
Siskiyou,10/17/2020,0,0,0
Mariposa,10/17/2020,0,0,0
Kings,10/17/2020,15,0,15
Nevada,10/17/2020,0,0,0
Tehama,10/17/2020,5,0,5
Ventura,10/17/2020,30,10,40
Plumas,10/17/2020,0,0,0
Contra Costa,10/17/2020,26,17,43
Mendocino,10/17/2020,0,0,0
Yolo,10/17/2020,6,0,6
Merced,10/17/2020,7,0,7
Butte,10/17/2020,2,0,2
Marin,10/17/2020,9,4,13
Tulare,10/17/2020,32,0,32
Riverside,10/17/2020,153,65,218
El Dorado,10/17/2020,0,0,0
Modoc,10/17/2020,0,0,0
Stanislaus,10/17/2020,60,8,68
San Mateo,10/17/2020,21,7,28
Placer,10/17/2020,24,21,45
Lake,10/17/2020,1,0,1
Amador,10/17/2020,0,0,0
Santa Cruz,10/17/2020,12,0,12
Lassen,10/17/2020,0,0,0
Yuba,10/17/2020,9,1,10
Napa,10/17/2020,2,0,2
San Benito,10/17/2020,0,0,0
Colusa,10/17/2020,0,0,0
Glenn,10/17/2020,0,0,0
Alameda,10/17/2020,54,36,90
Monterey,10/17/2020,25,0,25
Humboldt,10/17/2020,3,2,5
Los Angeles,10/17/2020,722,297,1019
Calaveras,10/17/2020,0,0,0
San Luis Obispo,10/17/2020,2,0,2
Santa Barbara,10/17/2020,12,2,14
Imperial,10/17/2020,34,2,36
Santa Clara,10/17/2020,84,17,101
Inyo,10/17/2020,1,0,1
Kern,10/17/2020,59,5,64
Sacramento,10/17/2020,78,33,111
Orange,10/17/2020,162,42,204
Shasta,10/17/2020,0,5,5
Fresno,10/17/2020,86,23,109
San Diego,10/17/2020,185,51,236
San Bernardino,10/17/2020,265,45,310
Mono,10/17/2020,0,0,0
San Joaquin,10/18/2020,23,5,28
San Benito,10/18/2020,0,0,0
San Francisco,10/18/2020,25,3,28
Humboldt,10/18/2020,3,1,4
Sonoma,10/18/2020,22,9,31
Santa Cruz,10/18/2020,11,0,11
Orange,10/18/2020,168,42,210
San Mateo,10/18/2020,20,7,27
Kings,10/18/2020,19,0,19
Nevada,10/18/2020,1,0,1
Del Norte,10/18/2020,1,0,1
Mariposa,10/18/2020,0,0,0
Riverside,10/18/2020,153,55,208
Modoc,10/18/2020,0,0,0
Tehama,10/18/2020,6,1,7
Los Angeles,10/18/2020,730,312,1042
Shasta,10/18/2020,7,1,8
Trinity,10/18/2020,0,0,0
Tuolumne,10/18/2020,0,1,1
Glenn,10/18/2020,0,0,0
Calaveras,10/18/2020,0,0,0
Kern,10/18/2020,55,3,58
Santa Clara,10/18/2020,90,19,109
Yuba,10/18/2020,9,0,9
Mendocino,10/18/2020,1,0,1
Yolo,10/18/2020,6,0,6
Lake,10/18/2020,2,0,2
Tulare,10/18/2020,30,5,35
Ventura,10/18/2020,30,10,40
Monterey,10/18/2020,20,0,20
Siskiyou,10/18/2020,0,0,0
San Bernardino,10/18/2020,181,47,228
Butte,10/18/2020,2,0,2
San Luis Obispo,10/18/2020,1,0,1
Inyo,10/18/2020,1,0,1
Marin,10/18/2020,6,4,10
Plumas,10/18/2020,0,0,0
Imperial,10/18/2020,33,1,34
Madera,10/18/2020,8,5,13
Santa Barbara,10/18/2020,16,1,17
Sutter,10/18/2020,0,0,0
Sacramento,10/18/2020,81,43,124
Stanislaus,10/18/2020,61,12,73
Contra Costa,10/18/2020,32,12,44
Mono,10/18/2020,0,0,0
Merced,10/18/2020,6,1,7
El Dorado,10/18/2020,0,0,0
Lassen,10/18/2020,0,0,0
Colusa,10/18/2020,0,2,2
Amador,10/18/2020,0,0,0
Placer,10/18/2020,20,18,38
Fresno,10/18/2020,96,20,116
Solano,10/18/2020,20,20,40
San Diego,10/18/2020,189,54,243
Alameda,10/18/2020,54,42,96
Napa,10/18/2020,2,5,7
Modoc,10/19/2020,0,0,0
San Mateo,10/19/2020,23,9,32
San Luis Obispo,10/19/2020,2,0,2
Tuolumne,10/19/2020,1,0,1
San Joaquin,10/19/2020,23,5,28
Monterey,10/19/2020,22,1,23
Santa Barbara,10/19/2020,18,0,18
Orange,10/19/2020,168,44,212
Imperial,10/19/2020,41,0,41
Amador,10/19/2020,0,0,0
Contra Costa,10/19/2020,25,14,39
Mendocino,10/19/2020,1,0,1
Yuba,10/19/2020,10,0,10
Calaveras,10/19/2020,0,0,0
Fresno,10/19/2020,100,17,117
Trinity,10/19/2020,0,0,0
Yolo,10/19/2020,6,0,6
Ventura,10/19/2020,30,4,34
Tehama,10/19/2020,6,1,7
Butte,10/19/2020,2,0,2
San Diego,10/19/2020,191,48,239
Tulare,10/19/2020,28,7,35
El Dorado,10/19/2020,0,0,0
Stanislaus,10/19/2020,59,17,76
Los Angeles,10/19/2020,758,364,1122
Nevada,10/19/2020,1,1,2
Del Norte,10/19/2020,1,0,1
Lake,10/19/2020,2,1,3
San Francisco,10/19/2020,25,5,30
Napa,10/19/2020,3,5,8
Sonoma,10/19/2020,20,5,25
Shasta,10/19/2020,8,1,9
San Benito,10/19/2020,0,0,0
Inyo,10/19/2020,1,0,1
Santa Cruz,10/19/2020,9,0,9
Santa Clara,10/19/2020,91,20,111
Kings,10/19/2020,20,0,20
Marin,10/19/2020,5,7,12
Humboldt,10/19/2020,3,3,6
Mariposa,10/19/2020,0,0,0
Placer,10/19/2020,19,21,40
Alameda,10/19/2020,53,48,101
Riverside,10/19/2020,157,60,217
Sutter,10/19/2020,0,0,0
Colusa,10/19/2020,0,2,2
Lassen,10/19/2020,0,0,0
Kern,10/19/2020,56,3,59
Siskiyou,10/19/2020,0,0,0
Sacramento,10/19/2020,80,29,109
Plumas,10/19/2020,0,0,0
Mono,10/19/2020,0,0,0
Glenn,10/19/2020,0,0,0
Madera,10/19/2020,8,8,16
Solano,10/19/2020,22,18,40
San Bernardino,10/19/2020,187,44,231
Merced,10/19/2020,6,1,7
San Luis Obispo,10/20/2020,3,0,3
Monterey,10/20/2020,21,0,21
Shasta,10/20/2020,8,0,8
Contra Costa,10/20/2020,23,18,41
Alameda,10/20/2020,58,37,95
Santa Barbara,10/20/2020,18,0,18
Butte,10/20/2020,6,0,6
Trinity,10/20/2020,0,0,0
Colusa,10/20/2020,0,0,0
Kern,10/20/2020,55,2,57
Madera,10/20/2020,6,8,14
San Benito,10/20/2020,0,0,0
Ventura,10/20/2020,28,10,38
El Dorado,10/20/2020,0,0,0
Sacramento,10/20/2020,82,25,107
San Joaquin,10/20/2020,22,8,30
Los Angeles,10/20/2020,777,322,1099
Mendocino,10/20/2020,0,0,0
Napa,10/20/2020,0,2,2
Yolo,10/20/2020,7,0,7
Tuolumne,10/20/2020,1,0,1
Solano,10/20/2020,26,18,44
Del Norte,10/20/2020,1,0,1
Marin,10/20/2020,5,4,9
San Francisco,10/20/2020,21,4,25
Calaveras,10/20/2020,0,0,0
Placer,10/20/2020,17,21,38
Inyo,10/20/2020,0,0,0
Yuba,10/20/2020,7,0,7
Stanislaus,10/20/2020,52,26,78
Tehama,10/20/2020,5,1,6
Modoc,10/20/2020,0,0,0
Plumas,10/20/2020,0,0,0
San Mateo,10/20/2020,20,7,27
Tulare,10/20/2020,26,10,36
Mariposa,10/20/2020,0,0,0
Humboldt,10/20/2020,3,4,7
Fresno,10/20/2020,114,20,134
Kings,10/20/2020,22,0,22
San Bernardino,10/20/2020,198,31,229
Nevada,10/20/2020,1,0,1
San Diego,10/20/2020,199,34,233
Santa Cruz,10/20/2020,8,0,8
Orange,10/20/2020,174,52,226
Imperial,10/20/2020,40,0,40
Sonoma,10/20/2020,19,1,20
Lake,10/20/2020,2,0,2
Amador,10/20/2020,0,0,0
Merced,10/20/2020,7,0,7
Santa Clara,10/20/2020,99,18,117
Glenn,10/20/2020,0,0,0
Lassen,10/20/2020,0,0,0
Sutter,10/20/2020,0,0,0
Mono,10/20/2020,0,0,0
Riverside,10/20/2020,167,46,213
Siskiyou,10/20/2020,0,0,0
Colusa,10/21/2020,0,0,0
Placer,10/21/2020,16,11,27
Monterey,10/21/2020,20,1,21
Ventura,10/21/2020,29,14,43
Sacramento,10/21/2020,81,30,111
Imperial,10/21/2020,45,0,45
Santa Barbara,10/21/2020,17,1,18
Yolo,10/21/2020,6,0,6
San Joaquin,10/21/2020,26,10,36
El Dorado,10/21/2020,0,0,0
Kings,10/21/2020,21,0,21
Fresno,10/21/2020,110,19,129
Plumas,10/21/2020,0,0,0
Madera,10/21/2020,4,13,17
Orange,10/21/2020,168,50,218
Mono,10/21/2020,0,0,0
Tuolumne,10/21/2020,1,0,1
Glenn,10/21/2020,0,0,0
Kern,10/21/2020,53,3,56
Santa Cruz,10/21/2020,10,0,10
Solano,10/21/2020,23,10,33
Amador,10/21/2020,0,0,0
Humboldt,10/21/2020,3,1,4
San Benito,10/21/2020,0,0,0
Los Angeles,10/21/2020,769,290,1059
Stanislaus,10/21/2020,54,20,74
Riverside,10/21/2020,176,51,227
San Luis Obispo,10/21/2020,6,1,7
Merced,10/21/2020,6,0,6
Sutter,10/21/2020,0,0,0
Calaveras,10/21/2020,0,0,0
Lassen,10/21/2020,0,0,0
San Mateo,10/21/2020,22,3,25
Mariposa,10/21/2020,0,0,0
Shasta,10/21/2020,7,0,7
Alameda,10/21/2020,61,37,98
Mendocino,10/21/2020,1,0,1
Tulare,10/21/2020,27,6,33
San Diego,10/21/2020,187,44,231
Yuba,10/21/2020,8,0,8
Modoc,10/21/2020,0,0,0
Siskiyou,10/21/2020,0,0,0
Trinity,10/21/2020,0,0,0
San Bernardino,10/21/2020,208,37,245
San Francisco,10/21/2020,23,10,33
Del Norte,10/21/2020,1,0,1
Inyo,10/21/2020,0,0,0
Contra Costa,10/21/2020,22,13,35
Napa,10/21/2020,1,3,4
Sonoma,10/21/2020,23,0,23
Santa Clara,10/21/2020,94,17,111
Lake,10/21/2020,2,0,2
Marin,10/21/2020,5,5,10
Nevada,10/21/2020,1,0,1
Tehama,10/21/2020,7,0,7
Butte,10/21/2020,7,0,7
Santa Clara,10/22/2020,89,20,109
Humboldt,10/22/2020,4,0,4
Ventura,10/22/2020,31,14,45
Monterey,10/22/2020,22,0,22
Solano,10/22/2020,21,12,33
Mendocino,10/22/2020,0,0,0
San Diego,10/22/2020,188,47,235
Sonoma,10/22/2020,23,3,26
Sutter,10/22/2020,0,0,0
Del Norte,10/22/2020,1,1,2
Mariposa,10/22/2020,0,0,0
Riverside,10/22/2020,161,57,218
Tulare,10/22/2020,28,1,29
Trinity,10/22/2020,0,0,0
Siskiyou,10/22/2020,0,0,0
Amador,10/22/2020,1,0,1
Glenn,10/22/2020,0,0,0
Shasta,10/22/2020,9,1,10
Kings,10/22/2020,22,1,23
Mono,10/22/2020,0,0,0
Colusa,10/22/2020,0,1,1
Imperial,10/22/2020,43,0,43
Nevada,10/22/2020,2,3,5
Fresno,10/22/2020,100,13,113
Tehama,10/22/2020,6,0,6
Lassen,10/22/2020,0,0,0
Kern,10/22/2020,55,5,60
El Dorado,10/22/2020,0,0,0
Los Angeles,10/22/2020,770,262,1032
Merced,10/22/2020,7,2,9
Madera,10/22/2020,5,8,13
San Luis Obispo,10/22/2020,5,0,5
San Francisco,10/22/2020,23,3,26
Calaveras,10/22/2020,0,0,0
Sacramento,10/22/2020,90,27,117
Yolo,10/22/2020,6,0,6
Tuolumne,10/22/2020,2,0,2
Napa,10/22/2020,2,0,2
Santa Barbara,10/22/2020,13,0,13
San Joaquin,10/22/2020,30,7,37
Butte,10/22/2020,7,0,7
Santa Cruz,10/22/2020,10,0,10
Placer,10/22/2020,12,14,26
Stanislaus,10/22/2020,53,20,73
Orange,10/22/2020,162,41,203
San Benito,10/22/2020,0,0,0
Lake,10/22/2020,2,0,2
Yuba,10/22/2020,8,0,8
Alameda,10/22/2020,61,43,104
Marin,10/22/2020,6,6,12
Modoc,10/22/2020,0,0,0
San Mateo,10/22/2020,19,7,26
San Bernardino,10/22/2020,215,48,263
Plumas,10/22/2020,0,0,0
Contra Costa,10/22/2020,24,6,30
Inyo,10/22/2020,0,0,0
Glenn,10/23/2020,0,0,0
Lassen,10/23/2020,0,0,0
Sacramento,10/23/2020,92,26,118
San Joaquin,10/23/2020,30,4,34
San Luis Obispo,10/23/2020,8,0,8
Inyo,10/23/2020,0,0,0
Fresno,10/23/2020,100,15,115
Santa Barbara,10/23/2020,11,0,11
Tulare,10/23/2020,29,1,30
Kern,10/23/2020,56,3,59
Imperial,10/23/2020,42,1,43
Santa Clara,10/23/2020,88,21,109
Amador,10/23/2020,1,0,1
Orange,10/23/2020,159,42,201
Yuba,10/23/2020,9,1,10
San Benito,10/23/2020,0,0,0
Trinity,10/23/2020,0,0,0
Shasta,10/23/2020,10,2,12
Butte,10/23/2020,7,0,7
San Francisco,10/23/2020,24,4,28
Ventura,10/23/2020,31,13,44
Kings,10/23/2020,19,1,20
Sutter,10/23/2020,0,0,0
Tuolumne,10/23/2020,2,0,2
Yolo,10/23/2020,10,0,10
Mendocino,10/23/2020,0,0,0
Solano,10/23/2020,20,11,31
Mono,10/23/2020,0,0,0
Riverside,10/23/2020,151,58,209
Marin,10/23/2020,4,6,10
El Dorado,10/23/2020,0,0,0
Modoc,10/23/2020,0,0,0
Los Angeles,10/23/2020,785,254,1039
Humboldt,10/23/2020,4,1,5
Napa,10/23/2020,1,0,1
Sonoma,10/23/2020,20,0,20
Nevada,10/23/2020,2,1,3
San Bernardino,10/23/2020,212,51,263
Colusa,10/23/2020,0,1,1
Siskiyou,10/23/2020,1,0,1
Stanislaus,10/23/2020,53,21,74
Plumas,10/23/2020,0,0,0
Mariposa,10/23/2020,0,0,0
Merced,10/23/2020,7,2,9
Del Norte,10/23/2020,1,0,1
Santa Cruz,10/23/2020,11,0,11
Calaveras,10/23/2020,0,0,0
Placer,10/23/2020,15,10,25
Madera,10/23/2020,6,5,11
Monterey,10/23/2020,21,0,21
San Mateo,10/23/2020,22,10,32
Lake,10/23/2020,2,1,3
Alameda,10/23/2020,55,46,101
Contra Costa,10/23/2020,24,9,33
Tehama,10/23/2020,6,0,6
San Diego,10/23/2020,185,50,235
Napa,10/24/2020,1,0,1
El Dorado,10/24/2020,0,0,0
Alameda,10/24/2020,54,27,81
Tulare,10/24/2020,27,1,28
Monterey,10/24/2020,22,1,23
Santa Barbara,10/24/2020,9,0,9
Ventura,10/24/2020,27,14,41
Mariposa,10/24/2020,0,0,0
Contra Costa,10/24/2020,23,13,36
Marin,10/24/2020,3,9,12
San Benito,10/24/2020,0,0,0
Mono,10/24/2020,0,0,0
Riverside,10/24/2020,151,53,204
Plumas,10/24/2020,0,0,0
Glenn,10/24/2020,0,0,0
Kings,10/24/2020,20,0,20
Trinity,10/24/2020,0,0,0
Solano,10/24/2020,21,7,28
Fresno,10/24/2020,96,21,117
Colusa,10/24/2020,0,0,0
Placer,10/24/2020,13,12,25
Tuolumne,10/24/2020,2,0,2
Yolo,10/24/2020,9,0,9
San Francisco,10/24/2020,23,5,28
Sutter,10/24/2020,0,0,0
Stanislaus,10/24/2020,46,15,61
Sonoma,10/24/2020,24,4,28
Del Norte,10/24/2020,1,0,1
Orange,10/24/2020,150,33,183
Lake,10/24/2020,2,3,5
San Joaquin,10/24/2020,33,4,37
Los Angeles,10/24/2020,767,294,1061
San Diego,10/24/2020,166,42,208
Humboldt,10/24/2020,4,2,6
Kern,10/24/2020,53,3,56
Calaveras,10/24/2020,0,0,0
Madera,10/24/2020,7,12,19
San Luis Obispo,10/24/2020,7,4,11
Imperial,10/24/2020,43,0,43
Modoc,10/24/2020,1,0,1
Tehama,10/24/2020,6,0,6
San Bernardino,10/24/2020,203,60,263
Inyo,10/24/2020,0,0,0
Nevada,10/24/2020,2,2,4
Santa Cruz,10/24/2020,10,0,10
Siskiyou,10/24/2020,0,0,0
San Mateo,10/24/2020,21,12,33
Mendocino,10/24/2020,1,0,1
Santa Clara,10/24/2020,84,29,113
Butte,10/24/2020,5,0,5
Lassen,10/24/2020,0,0,0
Shasta,10/24/2020,10,1,11
Yuba,10/24/2020,6,1,7
Amador,10/24/2020,3,0,3
Merced,10/24/2020,7,2,9
Sacramento,10/24/2020,91,29,120
Siskiyou,10/25/2020,0,0,0
Tulare,10/25/2020,30,3,33
Yuba,10/25/2020,5,0,5
Riverside,10/25/2020,164,60,224
Orange,10/25/2020,162,46,208
Imperial,10/25/2020,41,0,41
Plumas,10/25/2020,0,0,0
Fresno,10/25/2020,88,11,99
San Benito,10/25/2020,0,0,0
Butte,10/25/2020,6,0,6
Merced,10/25/2020,6,2,8
Glenn,10/25/2020,0,0,0
Mono,10/25/2020,0,1,1
Inyo,10/25/2020,0,0,0
Kings,10/25/2020,21,0,21
San Mateo,10/25/2020,21,9,30
Amador,10/25/2020,3,0,3
Tuolumne,10/25/2020,1,0,1
San Bernardino,10/25/2020,219,42,261
Marin,10/25/2020,6,3,9
Contra Costa,10/25/2020,24,12,36
Madera,10/25/2020,11,10,21
Calaveras,10/25/2020,0,0,0
San Joaquin,10/25/2020,29,3,32
Shasta,10/25/2020,10,2,12
Tehama,10/25/2020,6,0,6
Colusa,10/25/2020,0,0,0
Nevada,10/25/2020,2,1,3
Sutter,10/25/2020,0,0,0
Santa Clara,10/25/2020,85,29,114
San Luis Obispo,10/25/2020,7,1,8
Lake,10/25/2020,2,4,6
Mariposa,10/25/2020,0,0,0
Santa Cruz,10/25/2020,10,0,10
Santa Barbara,10/25/2020,11,1,12
Los Angeles,10/25/2020,747,291,1038
Alameda,10/25/2020,56,38,94
Sonoma,10/25/2020,26,2,28
Placer,10/25/2020,13,16,29
Kern,10/25/2020,48,1,49
El Dorado,10/25/2020,1,1,2
San Diego,10/25/2020,162,45,207
Trinity,10/25/2020,0,0,0
Ventura,10/25/2020,21,12,33
Humboldt,10/25/2020,4,2,6
Del Norte,10/25/2020,1,0,1
Modoc,10/25/2020,0,1,1
Solano,10/25/2020,23,11,34
Yolo,10/25/2020,7,0,7
Stanislaus,10/25/2020,53,21,74
Monterey,10/25/2020,30,3,33
Mendocino,10/25/2020,2,0,2
Lassen,10/25/2020,0,0,0
Sacramento,10/25/2020,88,24,112
San Francisco,10/25/2020,28,2,30
Napa,10/25/2020,1,0,1
Tulare,10/26/2020,32,6,38
Colusa,10/26/2020,0,0,0
San Francisco,10/26/2020,29,3,32
Plumas,10/26/2020,0,0,0
Inyo,10/26/2020,0,0,0
Ventura,10/26/2020,26,11,37
Santa Barbara,10/26/2020,11,1,12
San Benito,10/26/2020,0,0,0
Del Norte,10/26/2020,1,0,1
Tehama,10/26/2020,6,0,6
Kings,10/26/2020,22,0,22
San Bernardino,10/26/2020,217,42,259
Glenn,10/26/2020,0,0,0
Monterey,10/26/2020,29,0,29
Orange,10/26/2020,157,46,203
Madera,10/26/2020,11,4,15
Marin,10/26/2020,5,1,6
Placer,10/26/2020,15,16,31
San Mateo,10/26/2020,20,6,26
Calaveras,10/26/2020,0,0,0
Stanislaus,10/26/2020,54,14,68
San Diego,10/26/2020,176,49,225
Lake,10/26/2020,2,0,2
Modoc,10/26/2020,0,0,0
Tuolumne,10/26/2020,1,0,1
Mono,10/26/2020,0,1,1
Mariposa,10/26/2020,0,0,0
Sacramento,10/26/2020,84,22,106
Lassen,10/26/2020,0,0,0
Alameda,10/26/2020,58,31,89
Sonoma,10/26/2020,30,4,34
Amador,10/26/2020,4,0,4
Fresno,10/26/2020,95,12,107
Contra Costa,10/26/2020,26,12,38
Butte,10/26/2020,8,0,8
Trinity,10/26/2020,0,0,0
Nevada,10/26/2020,1,3,4
Santa Clara,10/26/2020,86,36,122
Riverside,10/26/2020,166,51,217
Imperial,10/26/2020,43,0,43
Sutter,10/26/2020,0,0,0
Siskiyou,10/26/2020,3,0,3
Shasta,10/26/2020,11,0,11
Kern,10/26/2020,47,0,47
Humboldt,10/26/2020,2,2,4
Los Angeles,10/26/2020,755,276,1031
San Luis Obispo,10/26/2020,6,2,8
El Dorado,10/26/2020,1,1,2
Napa,10/26/2020,6,0,6
Yuba,10/26/2020,5,0,5
Solano,10/26/2020,29,11,40
Merced,10/26/2020,8,0,8
Yolo,10/26/2020,7,0,7
Santa Cruz,10/26/2020,10,0,10
San Joaquin,10/26/2020,28,3,31
Mendocino,10/26/2020,1,0,1
Orange,10/27/2020,177,36,213
Butte,10/27/2020,10,0,10
Modoc,10/27/2020,0,0,0
Inyo,10/27/2020,0,0,0
Riverside,10/27/2020,148,48,196
Glenn,10/27/2020,0,0,0
San Mateo,10/27/2020,18,3,21
Mariposa,10/27/2020,0,0,0
San Francisco,10/27/2020,31,1,32
Tehama,10/27/2020,6,1,7
Yuba,10/27/2020,7,0,7
San Bernardino,10/27/2020,233,35,268
Fresno,10/27/2020,96,16,112
Contra Costa,10/27/2020,33,10,43
Imperial,10/27/2020,44,0,44
Madera,10/27/2020,12,10,22
Alameda,10/27/2020,58,34,92
Solano,10/27/2020,27,11,38
San Benito,10/27/2020,0,0,0
Santa Clara,10/27/2020,79,26,105
Trinity,10/27/2020,0,0,0
Tulare,10/27/2020,33,6,39
Lake,10/27/2020,2,0,2
Amador,10/27/2020,2,0,2
Mendocino,10/27/2020,0,0,0
Tuolumne,10/27/2020,1,0,1
Napa,10/27/2020,7,0,7
Merced,10/27/2020,5,1,6
Kern,10/27/2020,46,1,47
Plumas,10/27/2020,0,0,0
Lassen,10/27/2020,0,1,1
San Diego,10/27/2020,182,59,241
Yolo,10/27/2020,8,0,8
Shasta,10/27/2020,9,1,10
Siskiyou,10/27/2020,2,0,2
Sutter,10/27/2020,0,0,0
Colusa,10/27/2020,0,0,0
Humboldt,10/27/2020,2,1,3
Sacramento,10/27/2020,76,20,96
San Joaquin,10/27/2020,26,4,30
Calaveras,10/27/2020,0,0,0
Stanislaus,10/27/2020,59,21,80
San Luis Obispo,10/27/2020,7,0,7
Del Norte,10/27/2020,1,0,1
El Dorado,10/27/2020,1,1,2
Sonoma,10/27/2020,27,8,35
Marin,10/27/2020,5,3,8
Placer,10/27/2020,18,14,32
Nevada,10/27/2020,1,1,2
Ventura,10/27/2020,28,14,42
Santa Cruz,10/27/2020,9,0,9
Santa Barbara,10/27/2020,11,0,11
Mono,10/27/2020,0,1,1
Kings,10/27/2020,19,0,19
Monterey,10/27/2020,26,1,27
Los Angeles,10/27/2020,750,267,1017
Amador,10/28/2020,2,0,2
Glenn,10/28/2020,0,0,0
Plumas,10/28/2020,0,0,0
Humboldt,10/28/2020,2,1,3
Marin,10/28/2020,7,4,11
San Bernardino,10/28/2020,231,43,274
Solano,10/28/2020,22,9,31
Monterey,10/28/2020,29,1,30
Santa Clara,10/28/2020,82,24,106
Madera,10/28/2020,12,9,21
Fresno,10/28/2020,94,12,106
Colusa,10/28/2020,0,0,0
Kings,10/28/2020,13,0,13
San Benito,10/28/2020,0,0,0
San Joaquin,10/28/2020,29,5,34
Merced,10/28/2020,7,0,7
Napa,10/28/2020,4,0,4
San Mateo,10/28/2020,15,9,24
Trinity,10/28/2020,0,0,0
Lassen,10/28/2020,0,0,0
Calaveras,10/28/2020,0,0,0
Santa Barbara,10/28/2020,9,1,10
Lake,10/28/2020,2,0,2
Butte,10/28/2020,10,0,10
Shasta,10/28/2020,8,0,8
Kern,10/28/2020,43,5,48
Tulare,10/28/2020,36,6,42
Imperial,10/28/2020,49,0,49
Sacramento,10/28/2020,83,26,109
Riverside,10/28/2020,149,63,212
Stanislaus,10/28/2020,58,17,75
Tehama,10/28/2020,6,0,6
Sutter,10/28/2020,0,0,0
Modoc,10/28/2020,0,0,0
Contra Costa,10/28/2020,31,12,43
Sonoma,10/28/2020,28,3,31
Nevada,10/28/2020,2,0,2
Los Angeles,10/28/2020,743,290,1033
Siskiyou,10/28/2020,3,0,3
San Diego,10/28/2020,187,48,235
Yuba,10/28/2020,8,0,8
Placer,10/28/2020,22,23,45
Mono,10/28/2020,0,0,0
Del Norte,10/28/2020,1,0,1
Santa Cruz,10/28/2020,8,0,8
San Luis Obispo,10/28/2020,6,0,6
Tuolumne,10/28/2020,5,0,5
El Dorado,10/28/2020,1,1,2
Ventura,10/28/2020,27,15,42
Yolo,10/28/2020,9,0,9
San Francisco,10/28/2020,35,1,36
Mendocino,10/28/2020,0,0,0
Alameda,10/28/2020,58,41,99
Orange,10/28/2020,181,56,237
Inyo,10/28/2020,1,0,1
Mariposa,10/28/2020,0,0,0
Nevada,10/29/2020,2,1,3
Placer,10/29/2020,24,17,41
Marin,10/29/2020,6,12,18
Monterey,10/29/2020,26,0,26
San Luis Obispo,10/29/2020,6,0,6
Trinity,10/29/2020,0,0,0
Fresno,10/29/2020,87,12,99
Tehama,10/29/2020,6,0,6
Amador,10/29/2020,2,0,2
Ventura,10/29/2020,25,14,39
Santa Clara,10/29/2020,79,19,98
Sutter,10/29/2020,0,0,0
Madera,10/29/2020,11,9,20
Butte,10/29/2020,9,0,9
Napa,10/29/2020,6,0,6
Lassen,10/29/2020,0,0,0
Stanislaus,10/29/2020,68,27,95
Lake,10/29/2020,3,2,5
Alameda,10/29/2020,57,34,91
Riverside,10/29/2020,150,64,214
Calaveras,10/29/2020,0,0,0
Humboldt,10/29/2020,3,0,3
San Francisco,10/29/2020,37,2,39
Sonoma,10/29/2020,28,5,33
San Mateo,10/29/2020,22,7,29
Mono,10/29/2020,0,0,0
Santa Cruz,10/29/2020,8,0,8
Mendocino,10/29/2020,0,0,0
Yolo,10/29/2020,10,0,10
Modoc,10/29/2020,0,0,0
Glenn,10/29/2020,0,0,0
Siskiyou,10/29/2020,4,0,4
Shasta,10/29/2020,11,2,13
Yuba,10/29/2020,8,0,8
El Dorado,10/29/2020,1,0,1
Merced,10/29/2020,7,3,10
San Benito,10/29/2020,0,0,0
Kings,10/29/2020,15,1,16
Inyo,10/29/2020,1,0,1
Del Norte,10/29/2020,1,0,1
Orange,10/29/2020,182,51,233
Kern,10/29/2020,44,2,46
Santa Barbara,10/29/2020,9,1,10
Sacramento,10/29/2020,85,21,106
Tuolumne,10/29/2020,6,0,6
Plumas,10/29/2020,0,0,0
Mariposa,10/29/2020,0,0,0
Imperial,10/29/2020,45,1,46
San Bernardino,10/29/2020,233,40,273
Los Angeles,10/29/2020,783,281,1064
Contra Costa,10/29/2020,32,10,42
Solano,10/29/2020,24,10,34
Colusa,10/29/2020,0,0,0
Tulare,10/29/2020,42,9,51
San Joaquin,10/29/2020,25,13,38
San Diego,10/29/2020,197,48,245
Mariposa,10/30/2020,0,0,0
Solano,10/30/2020,29,10,39
Trinity,10/30/2020,0,0,0
Santa Barbara,10/30/2020,9,1,10
Santa Cruz,10/30/2020,12,0,12
Ventura,10/30/2020,27,11,38
Napa,10/30/2020,4,1,5
Tulare,10/30/2020,44,7,51
Mono,10/30/2020,0,0,0
Sacramento,10/30/2020,81,25,106
San Bernardino,10/30/2020,248,51,299
San Francisco,10/30/2020,35,5,40
Marin,10/30/2020,5,5,10
San Benito,10/30/2020,0,0,0
Inyo,10/30/2020,0,0,0
El Dorado,10/30/2020,2,0,2
Yolo,10/30/2020,8,0,8
Lake,10/30/2020,3,1,4
Contra Costa,10/30/2020,34,9,43
Sonoma,10/30/2020,22,4,26
Calaveras,10/30/2020,0,0,0
Lassen,10/30/2020,0,0,0
Sutter,10/30/2020,0,0,0
Siskiyou,10/30/2020,2,0,2
San Joaquin,10/30/2020,28,8,36
Stanislaus,10/30/2020,70,14,84
San Diego,10/30/2020,212,40,252
Kern,10/30/2020,53,5,58
Alameda,10/30/2020,68,42,110
Plumas,10/30/2020,0,0,0
Madera,10/30/2020,10,7,17
Mendocino,10/30/2020,0,0,0
Humboldt,10/30/2020,3,0,3
Glenn,10/30/2020,0,0,0
Tuolumne,10/30/2020,3,0,3
Del Norte,10/30/2020,1,0,1
Los Angeles,10/30/2020,799,295,1094
Modoc,10/30/2020,0,1,1
Butte,10/30/2020,7,0,7
Imperial,10/30/2020,44,0,44
Colusa,10/30/2020,0,0,0
Kings,10/30/2020,17,1,18
Fresno,10/30/2020,94,11,105
Riverside,10/30/2020,157,57,214
Tehama,10/30/2020,5,0,5
Merced,10/30/2020,9,0,9
Nevada,10/30/2020,2,0,2
Shasta,10/30/2020,8,3,11
San Mateo,10/30/2020,24,6,30
Yuba,10/30/2020,8,1,9
San Luis Obispo,10/30/2020,7,2,9
Placer,10/30/2020,27,15,42
Amador,10/30/2020,0,0,0
Monterey,10/30/2020,25,0,25
Santa Clara,10/30/2020,91,13,104
Orange,10/30/2020,188,36,224
Modoc,10/31/2020,0,2,2
Inyo,10/31/2020,0,0,0
Butte,10/31/2020,7,1,8
Santa Clara,10/31/2020,83,9,92
Plumas,10/31/2020,0,0,0
Contra Costa,10/31/2020,35,11,46
San Luis Obispo,10/31/2020,7,2,9
Shasta,10/31/2020,9,0,9
San Benito,10/31/2020,0,0,0
Placer,10/31/2020,30,16,46
Amador,10/31/2020,0,0,0
Monterey,10/31/2020,25,0,25
Kings,10/31/2020,12,3,15
Sutter,10/31/2020,0,0,0
Riverside,10/31/2020,156,56,212
Fresno,10/31/2020,96,14,110
Colusa,10/31/2020,0,2,2
Mendocino,10/31/2020,1,0,1
Yolo,10/31/2020,8,0,8
Mono,10/31/2020,0,0,0
Trinity,10/31/2020,0,0,0
Tehama,10/31/2020,5,0,5
Calaveras,10/31/2020,0,0,0
Humboldt,10/31/2020,2,0,2
Kern,10/31/2020,51,6,57
San Francisco,10/31/2020,34,4,38
Sonoma,10/31/2020,20,6,26
Nevada,10/31/2020,1,1,2
Madera,10/31/2020,8,10,18
San Mateo,10/31/2020,19,12,31
Lassen,10/31/2020,0,0,0
Los Angeles,10/31/2020,777,302,1079
Merced,10/31/2020,5,0,5
Mariposa,10/31/2020,0,0,0
Santa Cruz,10/31/2020,11,0,11
Lake,10/31/2020,3,1,4
Yuba,10/31/2020,5,1,6
Sacramento,10/31/2020,77,25,102
Marin,10/31/2020,6,9,15
San Diego,10/31/2020,244,36,280
Napa,10/31/2020,3,3,6
San Bernardino,10/31/2020,241,47,288
Alameda,10/31/2020,62,49,111
Stanislaus,10/31/2020,66,18,84
Tulare,10/31/2020,40,5,45
Siskiyou,10/31/2020,1,0,1
San Joaquin,10/31/2020,24,6,30
Del Norte,10/31/2020,0,0,0
Glenn,10/31/2020,0,0,0
El Dorado,10/31/2020,2,0,2
Solano,10/31/2020,30,11,41
Santa Barbara,10/31/2020,10,1,11
Imperial,10/31/2020,50,0,50
Tuolumne,10/31/2020,3,0,3
Ventura,10/31/2020,24,14,38
Orange,10/31/2020,181,36,217
Calaveras,11/1/2020,0,0,0
Tehama,11/1/2020,5,0,5
San Joaquin,11/1/2020,30,7,37
Solano,11/1/2020,25,13,38
Merced,11/1/2020,6,0,6
Nevada,11/1/2020,1,1,2
Ventura,11/1/2020,29,14,43
El Dorado,11/1/2020,4,0,4
Shasta,11/1/2020,8,0,8
Kern,11/1/2020,46,4,50
Yuba,11/1/2020,3,0,3
Lake,11/1/2020,3,1,4
Tulare,11/1/2020,37,10,47
Butte,11/1/2020,9,1,10
San Luis Obispo,11/1/2020,7,1,8
San Diego,11/1/2020,239,61,300
San Bernardino,11/1/2020,242,61,303
Los Angeles,11/1/2020,798,258,1056
Santa Barbara,11/1/2020,10,1,11
Sacramento,11/1/2020,85,30,115
Santa Cruz,11/1/2020,12,0,12
Yolo,11/1/2020,5,0,5
Santa Clara,11/1/2020,85,15,100
Mono,11/1/2020,0,0,0
Tuolumne,11/1/2020,3,0,3
Imperial,11/1/2020,49,0,49
Modoc,11/1/2020,0,0,0
Lassen,11/1/2020,0,0,0
Colusa,11/1/2020,0,2,2
Monterey,11/1/2020,25,2,27
Plumas,11/1/2020,0,0,0
Napa,11/1/2020,3,0,3
Contra Costa,11/1/2020,35,17,52
Siskiyou,11/1/2020,1,0,1
San Benito,11/1/2020,0,0,0
Amador,11/1/2020,0,0,0
Inyo,11/1/2020,0,0,0
Del Norte,11/1/2020,0,0,0
Sonoma,11/1/2020,20,4,24
Stanislaus,11/1/2020,71,22,93
Marin,11/1/2020,5,12,17
Trinity,11/1/2020,0,0,0
Fresno,11/1/2020,102,7,109
Orange,11/1/2020,183,18,201
Riverside,11/1/2020,179,52,231
Madera,11/1/2020,8,10,18
Alameda,11/1/2020,63,46,109
Sutter,11/1/2020,0,0,0
San Mateo,11/1/2020,17,10,27
Placer,11/1/2020,31,17,48
San Francisco,11/1/2020,37,3,40
Mendocino,11/1/2020,1,0,1
Kings,11/1/2020,12,3,15
Mariposa,11/1/2020,0,0,0
Glenn,11/1/2020,0,0,0
Humboldt,11/1/2020,3,1,4
Placer,11/2/2020,30,16,46
Monterey,11/2/2020,28,0,28
Fresno,11/2/2020,106,14,120
Trinity,11/2/2020,0,0,0
Lassen,11/2/2020,0,0,0
Mendocino,11/2/2020,1,0,1
Imperial,11/2/2020,48,0,48
Napa,11/2/2020,3,1,4
Yuba,11/2/2020,4,0,4
Kern,11/2/2020,46,2,48
Contra Costa,11/2/2020,40,18,58
Lake,11/2/2020,2,1,3
Santa Clara,11/2/2020,91,21,112
Sonoma,11/2/2020,23,2,25
San Mateo,11/2/2020,17,13,30
Merced,11/2/2020,8,0,8
Madera,11/2/2020,8,8,16
Amador,11/2/2020,0,0,0
Tulare,11/2/2020,39,9,48
Tehama,11/2/2020,3,0,3
Butte,11/2/2020,9,1,10
Ventura,11/2/2020,29,9,38
Glenn,11/2/2020,0,0,0
Santa Barbara,11/2/2020,13,1,14
Del Norte,11/2/2020,0,0,0
Yolo,11/2/2020,7,0,7
San Bernardino,11/2/2020,243,54,297
Modoc,11/2/2020,0,0,0
Riverside,11/2/2020,194,56,250
Orange,11/2/2020,177,37,214
San Diego,11/2/2020,239,52,291
Tuolumne,11/2/2020,3,0,3
San Luis Obispo,11/2/2020,7,0,7
Calaveras,11/2/2020,0,0,0
Marin,11/2/2020,5,9,14
Inyo,11/2/2020,0,0,0
Plumas,11/2/2020,0,0,0
Kings,11/2/2020,11,4,15
San Francisco,11/2/2020,36,2,38
Sutter,11/2/2020,0,0,0
Colusa,11/2/2020,0,2,2
Humboldt,11/2/2020,2,0,2
Siskiyou,11/2/2020,2,0,2
Solano,11/2/2020,27,11,38
Mono,11/2/2020,0,0,0
San Benito,11/2/2020,2,0,2
Sacramento,11/2/2020,86,23,109
Nevada,11/2/2020,2,0,2
Stanislaus,11/2/2020,74,24,98
El Dorado,11/2/2020,2,0,2
Santa Cruz,11/2/2020,12,0,12
Alameda,11/2/2020,69,41,110
Shasta,11/2/2020,9,0,9
Los Angeles,11/2/2020,817,229,1046
Mariposa,11/2/2020,0,0,0
San Joaquin,11/2/2020,28,8,36
Humboldt,11/3/2020,2,0,2
El Dorado,11/3/2020,3,0,3
Fresno,11/3/2020,96,14,110
Stanislaus,11/3/2020,56,17,73
Modoc,11/3/2020,0,0,0
San Benito,11/3/2020,3,0,3
Shasta,11/3/2020,9,0,9
Monterey,11/3/2020,32,0,32
Santa Clara,11/3/2020,102,17,119
San Mateo,11/3/2020,17,11,28
Orange,11/3/2020,182,42,224
San Joaquin,11/3/2020,31,5,36
Marin,11/3/2020,5,7,12
San Francisco,11/3/2020,35,5,40
Plumas,11/3/2020,0,0,0
Santa Barbara,11/3/2020,12,3,15
Contra Costa,11/3/2020,41,10,51
Amador,11/3/2020,0,0,0
Mariposa,11/3/2020,0,0,0
Mendocino,11/3/2020,2,0,2
Ventura,11/3/2020,31,10,41
Del Norte,11/3/2020,0,1,1
Placer,11/3/2020,36,17,53
Inyo,11/3/2020,1,0,1
Lake,11/3/2020,2,0,2
San Luis Obispo,11/3/2020,6,2,8
San Bernardino,11/3/2020,263,52,315
Alameda,11/3/2020,65,51,116
Sonoma,11/3/2020,22,6,28
Tulare,11/3/2020,41,10,51
Sacramento,11/3/2020,92,19,111
Sutter,11/3/2020,0,0,0
Siskiyou,11/3/2020,2,0,2
Madera,11/3/2020,8,13,21
Calaveras,11/3/2020,0,0,0
Yolo,11/3/2020,9,0,9
Mono,11/3/2020,0,0,0
Merced,11/3/2020,9,0,9
Glenn,11/3/2020,0,0,0
Imperial,11/3/2020,49,0,49
San Diego,11/3/2020,243,52,295
Santa Cruz,11/3/2020,13,0,13
Solano,11/3/2020,21,9,30
Tuolumne,11/3/2020,2,0,2
Napa,11/3/2020,3,0,3
Los Angeles,11/3/2020,825,303,1128
Colusa,11/3/2020,0,2,2
Butte,11/3/2020,12,1,13
Nevada,11/3/2020,2,0,2
Trinity,11/3/2020,0,0,0
Riverside,11/3/2020,210,57,267
Tehama,11/3/2020,3,0,3
Kern,11/3/2020,53,2,55
Yuba,11/3/2020,3,0,3
Kings,11/3/2020,15,3,18
Lassen,11/3/2020,0,0,0
Marin,11/4/2020,5,3,8
San Luis Obispo,11/4/2020,8,0,8
San Mateo,11/4/2020,22,6,28
Sacramento,11/4/2020,94,29,123
Sutter,11/4/2020,0,0,0
Los Angeles,11/4/2020,821,322,1143
San Diego,11/4/2020,278,51,329
Humboldt,11/4/2020,2,0,2
Imperial,11/4/2020,50,0,50
Colusa,11/4/2020,0,1,1
Amador,11/4/2020,1,0,1
Plumas,11/4/2020,0,0,0
Shasta,11/4/2020,14,0,14
San Francisco,11/4/2020,34,4,38
Mariposa,11/4/2020,0,0,0
Del Norte,11/4/2020,0,0,0
Santa Cruz,11/4/2020,11,0,11
Sonoma,11/4/2020,25,4,29
Santa Barbara,11/4/2020,12,3,15
Mendocino,11/4/2020,3,0,3
Merced,11/4/2020,8,0,8
Santa Clara,11/4/2020,100,18,118
Fresno,11/4/2020,99,20,119
Orange,11/4/2020,178,49,227
San Benito,11/4/2020,3,0,3
Calaveras,11/4/2020,0,0,0
Tehama,11/4/2020,2,0,2
Lassen,11/4/2020,0,0,0
El Dorado,11/4/2020,2,0,2
Kings,11/4/2020,15,3,18
Tuolumne,11/4/2020,3,1,4
San Bernardino,11/4/2020,281,58,339
Placer,11/4/2020,35,11,46
Napa,11/4/2020,4,0,4
Ventura,11/4/2020,26,9,35
San Joaquin,11/4/2020,32,5,37
Riverside,11/4/2020,201,60,261
Glenn,11/4/2020,0,0,0
Tulare,11/4/2020,36,9,45
Siskiyou,11/4/2020,2,0,2
Solano,11/4/2020,19,9,28
Contra Costa,11/4/2020,39,4,43
Madera,11/4/2020,9,9,18
Trinity,11/4/2020,0,0,0
Mono,11/4/2020,0,0,0
Yuba,11/4/2020,2,0,2
Butte,11/4/2020,11,0,11
Kern,11/4/2020,51,2,53
Yolo,11/4/2020,8,0,8
Stanislaus,11/4/2020,61,15,76
Monterey,11/4/2020,36,0,36
Inyo,11/4/2020,1,0,1
Modoc,11/4/2020,0,0,0
Lake,11/4/2020,2,0,2
Nevada,11/4/2020,3,0,3
Alameda,11/4/2020,63,45,108
San Joaquin,11/5/2020,38,1,39
Napa,11/5/2020,4,0,4
Calaveras,11/5/2020,0,0,0
Butte,11/5/2020,12,0,12
Santa Barbara,11/5/2020,15,0,15
Tuolumne,11/5/2020,2,1,3
Sonoma,11/5/2020,22,3,25
Modoc,11/5/2020,1,0,1
Tulare,11/5/2020,38,11,49
Del Norte,11/5/2020,0,0,0
Glenn,11/5/2020,0,0,0
Stanislaus,11/5/2020,58,15,73
Lake,11/5/2020,1,0,1
Merced,11/5/2020,9,0,9
San Luis Obispo,11/5/2020,8,0,8
Fresno,11/5/2020,103,20,123
Tehama,11/5/2020,2,0,2
Riverside,11/5/2020,208,58,266
Kern,11/5/2020,54,3,57
Shasta,11/5/2020,15,0,15
San Francisco,11/5/2020,33,3,36
Orange,11/5/2020,177,46,223
Monterey,11/5/2020,38,0,38
Mono,11/5/2020,0,0,0
Amador,11/5/2020,1,0,1
San Benito,11/5/2020,3,0,3
Solano,11/5/2020,20,13,33
Los Angeles,11/5/2020,840,292,1132
El Dorado,11/5/2020,3,0,3
San Diego,11/5/2020,286,55,341
Humboldt,11/5/2020,2,0,2
Alameda,11/5/2020,66,43,109
Siskiyou,11/5/2020,1,0,1
Imperial,11/5/2020,45,0,45
Sutter,11/5/2020,0,0,0
Marin,11/5/2020,4,6,10
San Bernardino,11/5/2020,283,49,332
Mendocino,11/5/2020,2,0,2
Yuba,11/5/2020,2,0,2
Inyo,11/5/2020,1,0,1
Kings,11/5/2020,14,0,14
Lassen,11/5/2020,1,0,1
Colusa,11/5/2020,0,0,0
Madera,11/5/2020,7,6,13
Yolo,11/5/2020,7,0,7
Santa Cruz,11/5/2020,11,0,11
Plumas,11/5/2020,0,0,0
Mariposa,11/5/2020,0,0,0
Placer,11/5/2020,40,19,59
Contra Costa,11/5/2020,40,5,45
Santa Clara,11/5/2020,100,21,121
Ventura,11/5/2020,30,5,35
Trinity,11/5/2020,0,0,0
San Mateo,11/5/2020,23,12,35
Sacramento,11/5/2020,90,18,108
Nevada,11/5/2020,5,1,6
Placer,11/6/2020,34,12,46
Fresno,11/6/2020,103,16,119
Tehama,11/6/2020,1,0,1
Sonoma,11/6/2020,26,1,27
El Dorado,11/6/2020,2,0,2
San Diego,11/6/2020,284,54,338
Calaveras,11/6/2020,0,0,0
Siskiyou,11/6/2020,2,0,2
Alameda,11/6/2020,66,41,107
Lassen,11/6/2020,1,0,1
Solano,11/6/2020,25,13,38
Shasta,11/6/2020,15,1,16
Del Norte,11/6/2020,0,0,0
Colusa,11/6/2020,0,1,1
Modoc,11/6/2020,2,0,2
Plumas,11/6/2020,0,0,0
Contra Costa,11/6/2020,39,13,52
San Francisco,11/6/2020,38,4,42
Santa Cruz,11/6/2020,9,0,9
Kern,11/6/2020,59,3,62
Humboldt,11/6/2020,2,3,5
Monterey,11/6/2020,36,0,36
Nevada,11/6/2020,4,1,5
Mendocino,11/6/2020,3,0,3
Yolo,11/6/2020,5,0,5
Amador,11/6/2020,4,0,4
Glenn,11/6/2020,0,0,0
Tulare,11/6/2020,41,3,44
Santa Barbara,11/6/2020,12,1,13
Merced,11/6/2020,12,0,12
Inyo,11/6/2020,0,0,0
Yuba,11/6/2020,1,1,2
Marin,11/6/2020,6,4,10
San Luis Obispo,11/6/2020,7,0,7
Lake,11/6/2020,1,0,1
Riverside,11/6/2020,202,46,248
San Bernardino,11/6/2020,281,43,324
Sacramento,11/6/2020,104,26,130
Butte,11/6/2020,8,0,8
Trinity,11/6/2020,0,0,0
Napa,11/6/2020,4,1,5
Tuolumne,11/6/2020,2,1,3
Santa Clara,11/6/2020,103,14,117
Orange,11/6/2020,199,33,232
San Mateo,11/6/2020,20,11,31
Imperial,11/6/2020,45,0,45
Mono,11/6/2020,0,0,0
Ventura,11/6/2020,33,8,41
San Benito,11/6/2020,3,0,3
Sutter,11/6/2020,0,0,0
Madera,11/6/2020,7,11,18
Stanislaus,11/6/2020,58,9,67
Kings,11/6/2020,17,0,17
Mariposa,11/6/2020,0,0,0
San Joaquin,11/6/2020,44,5,49
Los Angeles,11/6/2020,851,255,1106
Orange,11/7/2020,201,23,224
Fresno,11/7/2020,110,21,131
San Joaquin,11/7/2020,53,4,57
San Francisco,11/7/2020,36,5,41
Placer,11/7/2020,38,16,54
Mono,11/7/2020,0,0,0
Yuba,11/7/2020,1,1,2
Mendocino,11/7/2020,3,0,3
Sonoma,11/7/2020,27,2,29
Tulare,11/7/2020,37,3,40
El Dorado,11/7/2020,2,0,2
Mariposa,11/7/2020,1,0,1
Glenn,11/7/2020,0,0,0
San Luis Obispo,11/7/2020,6,1,7
Tehama,11/7/2020,4,0,4
Amador,11/7/2020,3,0,3
Kern,11/7/2020,61,1,62
Ventura,11/7/2020,39,5,44
Los Angeles,11/7/2020,855,278,1133
Trinity,11/7/2020,0,0,0
Modoc,11/7/2020,2,0,2
Siskiyou,11/7/2020,3,0,3
Humboldt,11/7/2020,2,0,2
Yolo,11/7/2020,4,0,4
Lake,11/7/2020,1,0,1
Santa Barbara,11/7/2020,9,0,9
Butte,11/7/2020,10,1,11
Stanislaus,11/7/2020,61,6,67
Sutter,11/7/2020,0,0,0
Imperial,11/7/2020,47,0,47
Del Norte,11/7/2020,0,0,0
San Benito,11/7/2020,3,0,3
Inyo,11/7/2020,0,0,0
San Mateo,11/7/2020,20,5,25
Contra Costa,11/7/2020,38,12,50
Madera,11/7/2020,6,13,19
Tuolumne,11/7/2020,3,1,4
Merced,11/7/2020,10,0,10
San Diego,11/7/2020,297,57,354
Santa Clara,11/7/2020,105,19,124
Colusa,11/7/2020,0,1,1
Sacramento,11/7/2020,120,24,144
Shasta,11/7/2020,17,1,18
Alameda,11/7/2020,69,37,106
Solano,11/7/2020,28,12,40
Plumas,11/7/2020,0,0,0
Santa Cruz,11/7/2020,7,2,9
Nevada,11/7/2020,4,1,5
Marin,11/7/2020,6,7,13
Kings,11/7/2020,16,0,16
Calaveras,11/7/2020,0,0,0
Monterey,11/7/2020,33,0,33
San Bernardino,11/7/2020,274,38,312
Riverside,11/7/2020,223,55,278
Napa,11/7/2020,6,0,6
Lassen,11/7/2020,1,0,1
Solano,11/8/2020,28,11,39
Humboldt,11/8/2020,2,1,3
Siskiyou,11/8/2020,2,0,2
Mendocino,11/8/2020,4,0,4
Sonoma,11/8/2020,29,3,32
Kings,11/8/2020,14,0,14
San Benito,11/8/2020,3,0,3
Yuba,11/8/2020,4,0,4
Napa,11/8/2020,7,1,8
Lassen,11/8/2020,1,0,1
Plumas,11/8/2020,0,0,0
Shasta,11/8/2020,19,1,20
Del Norte,11/8/2020,1,0,1
Trinity,11/8/2020,0,0,0
Mariposa,11/8/2020,1,0,1
Glenn,11/8/2020,0,0,0
Merced,11/8/2020,11,0,11
San Francisco,11/8/2020,40,2,42
Monterey,11/8/2020,32,0,32
Stanislaus,11/8/2020,64,12,76
Fresno,11/8/2020,109,21,130
Lake,11/8/2020,1,0,1
Amador,11/8/2020,3,2,5
Butte,11/8/2020,10,0,10
Inyo,11/8/2020,0,0,0
Colusa,11/8/2020,0,0,0
Orange,11/8/2020,205,28,233
Marin,11/8/2020,5,6,11
Tehama,11/8/2020,4,0,4
Santa Cruz,11/8/2020,9,0,9
Alameda,11/8/2020,69,48,117
Madera,11/8/2020,5,7,12
Placer,11/8/2020,42,14,56
Imperial,11/8/2020,50,0,50
Sutter,11/8/2020,0,0,0
Calaveras,11/8/2020,0,0,0
Tuolumne,11/8/2020,1,3,4
Riverside,11/8/2020,228,58,286
Santa Barbara,11/8/2020,10,0,10
San Luis Obispo,11/8/2020,6,2,8
San Bernardino,11/8/2020,289,37,326
Modoc,11/8/2020,2,0,2
Kern,11/8/2020,61,1,62
Mono,11/8/2020,0,0,0
San Joaquin,11/8/2020,55,1,56
Sacramento,11/8/2020,136,22,158
Contra Costa,11/8/2020,46,17,63
Santa Clara,11/8/2020,111,27,138
Yolo,11/8/2020,4,0,4
Los Angeles,11/8/2020,888,264,1152
Ventura,11/8/2020,40,8,48
San Mateo,11/8/2020,20,7,27
San Diego,11/8/2020,287,55,342
Tulare,11/8/2020,38,8,46
El Dorado,11/8/2020,2,0,2
Nevada,11/8/2020,3,0,3
Modoc,11/9/2020,2,0,2
Orange,11/9/2020,224,52,276
Merced,11/9/2020,9,0,9
Santa Clara,11/9/2020,110,24,134
Mariposa,11/9/2020,1,0,1
Amador,11/9/2020,2,2,4
Butte,11/9/2020,12,0,12
Yuba,11/9/2020,3,0,3
Yolo,11/9/2020,4,0,4
Riverside,11/9/2020,244,43,287
Kings,11/9/2020,18,0,18
Sonoma,11/9/2020,22,2,24
San Mateo,11/9/2020,19,7,26
El Dorado,11/9/2020,4,1,5
San Benito,11/9/2020,1,0,1
San Joaquin,11/9/2020,55,4,59
Inyo,11/9/2020,0,0,0
Contra Costa,11/9/2020,45,12,57
Imperial,11/9/2020,49,0,49
Santa Cruz,11/9/2020,8,0,8
Mono,11/9/2020,0,0,0
Shasta,11/9/2020,24,2,26
Madera,11/9/2020,7,4,11
Kern,11/9/2020,65,2,67
Fresno,11/9/2020,112,24,136
Alameda,11/9/2020,63,45,108
Napa,11/9/2020,8,0,8
Santa Barbara,11/9/2020,11,0,11
San Diego,11/9/2020,299,53,352
Nevada,11/9/2020,5,0,5
Del Norte,11/9/2020,0,0,0
Glenn,11/9/2020,0,0,0
Sacramento,11/9/2020,148,31,179
Marin,11/9/2020,7,2,9
Colusa,11/9/2020,0,0,0
San Bernardino,11/9/2020,284,47,331
Sutter,11/9/2020,0,0,0
Monterey,11/9/2020,33,0,33
Los Angeles,11/9/2020,903,306,1209
Trinity,11/9/2020,0,0,0
San Francisco,11/9/2020,36,3,39
Siskiyou,11/9/2020,4,0,4
Tulare,11/9/2020,38,8,46
Lassen,11/9/2020,1,0,1
Ventura,11/9/2020,41,9,50
Placer,11/9/2020,44,9,53
Tehama,11/9/2020,3,0,3
Calaveras,11/9/2020,0,0,0
Mendocino,11/9/2020,4,0,4
Plumas,11/9/2020,0,0,0
Stanislaus,11/9/2020,62,9,71
Solano,11/9/2020,33,12,45
Humboldt,11/9/2020,2,3,5
Tuolumne,11/9/2020,5,0,5
Lake,11/9/2020,1,0,1
San Luis Obispo,11/9/2020,8,0,8
Lake,11/10/2020,2,0,2
Ventura,11/10/2020,35,11,46
Trinity,11/10/2020,0,0,0
Kings,11/10/2020,18,0,18
Santa Barbara,11/10/2020,14,0,14
Placer,11/10/2020,49,10,59
Modoc,11/10/2020,2,0,2
San Mateo,11/10/2020,22,11,33
Sutter,11/10/2020,0,0,0
Sacramento,11/10/2020,158,25,183
Madera,11/10/2020,8,9,17
San Benito,11/10/2020,1,0,1
Shasta,11/10/2020,31,0,31
El Dorado,11/10/2020,4,0,4
Fresno,11/10/2020,121,24,145
Nevada,11/10/2020,5,0,5
Tuolumne,11/10/2020,4,0,4
Colusa,11/10/2020,1,0,1
Calaveras,11/10/2020,0,0,0
Merced,11/10/2020,14,0,14
Tehama,11/10/2020,5,0,5
San Francisco,11/10/2020,35,4,39
Los Angeles,11/10/2020,953,317,1270
Marin,11/10/2020,12,7,19
Orange,11/10/2020,244,40,284
Siskiyou,11/10/2020,4,0,4
Solano,11/10/2020,30,12,42
Santa Clara,11/10/2020,109,26,135
Lassen,11/10/2020,0,0,0
Riverside,11/10/2020,263,44,307
Mono,11/10/2020,0,0,0
San Diego,11/10/2020,294,61,355
Contra Costa,11/10/2020,45,14,59
Mariposa,11/10/2020,1,0,1
Monterey,11/10/2020,38,0,38
Mendocino,11/10/2020,4,0,4
Santa Cruz,11/10/2020,9,0,9
Tulare,11/10/2020,42,8,50
Plumas,11/10/2020,0,0,0
Glenn,11/10/2020,0,0,0
Yolo,11/10/2020,3,0,3
Imperial,11/10/2020,51,0,51
Kern,11/10/2020,56,1,57
Del Norte,11/10/2020,0,0,0
San Bernardino,11/10/2020,286,63,349
Sonoma,11/10/2020,21,10,31
Humboldt,11/10/2020,2,1,3
Amador,11/10/2020,3,0,3
Stanislaus,11/10/2020,64,9,73
Inyo,11/10/2020,0,0,0
Yuba,11/10/2020,3,0,3
San Luis Obispo,11/10/2020,6,0,6
Alameda,11/10/2020,70,51,121
Butte,11/10/2020,13,0,13
San Joaquin,11/10/2020,62,5,67
Napa,11/10/2020,7,0,7
Mendocino,11/11/2020,7,0,7
Marin,11/11/2020,13,3,16
Los Angeles,11/11/2020,942,323,1265
Sutter,11/11/2020,0,0,0
Merced,11/11/2020,17,0,17
Alameda,11/11/2020,75,36,111
Amador,11/11/2020,3,0,3
Ventura,11/11/2020,37,6,43
San Benito,11/11/2020,1,0,1
Sacramento,11/11/2020,153,20,173
Kings,11/11/2020,19,0,19
Tuolumne,11/11/2020,6,0,6
Stanislaus,11/11/2020,66,12,78
Modoc,11/11/2020,1,0,1
San Diego,11/11/2020,303,41,344
Santa Clara,11/11/2020,106,15,121
San Luis Obispo,11/11/2020,7,0,7
Colusa,11/11/2020,2,0,2
Calaveras,11/11/2020,0,0,0
Yuba,11/11/2020,6,0,6
Fresno,11/11/2020,123,16,139
Napa,11/11/2020,9,0,9
Lake,11/11/2020,2,0,2
Kern,11/11/2020,59,9,68
Riverside,11/11/2020,271,52,323
Tulare,11/11/2020,43,6,49
Lassen,11/11/2020,0,0,0
San Francisco,11/11/2020,36,7,43
Solano,11/11/2020,30,14,44
Mono,11/11/2020,0,0,0
San Mateo,11/11/2020,21,10,31
Placer,11/11/2020,50,10,60
Siskiyou,11/11/2020,4,0,4
Inyo,11/11/2020,0,0,0
Plumas,11/11/2020,0,0,0
Shasta,11/11/2020,28,1,29
Santa Cruz,11/11/2020,12,0,12
Yolo,11/11/2020,5,0,5
Santa Barbara,11/11/2020,12,0,12
Mariposa,11/11/2020,1,0,1
Glenn,11/11/2020,0,0,0
Orange,11/11/2020,251,43,294
Humboldt,11/11/2020,2,2,4
Del Norte,11/11/2020,0,0,0
El Dorado,11/11/2020,5,1,6
Sonoma,11/11/2020,21,2,23
San Bernardino,11/11/2020,302,50,352
Monterey,11/11/2020,44,0,44
San Joaquin,11/11/2020,69,4,73
Nevada,11/11/2020,4,0,4
Imperial,11/11/2020,53,0,53
Contra Costa,11/11/2020,50,8,58
Madera,11/11/2020,8,11,19
Butte,11/11/2020,16,0,16
Trinity,11/11/2020,0,0,0
Tehama,11/11/2020,5,0,5
San Joaquin,11/12/2020,62,2,64
Los Angeles,11/12/2020,966,314,1280
Santa Clara,11/12/2020,115,20,135
San Diego,11/12/2020,302,35,337
Lassen,11/12/2020,2,0,2
Plumas,11/12/2020,0,0,0
Ventura,11/12/2020,36,9,45
Solano,11/12/2020,36,14,50
Sonoma,11/12/2020,18,9,27
Orange,11/12/2020,244,45,289
Kern,11/12/2020,63,8,71
San Luis Obispo,11/12/2020,7,0,7
Siskiyou,11/12/2020,3,0,3
Butte,11/12/2020,16,0,16
Marin,11/12/2020,11,6,17
Imperial,11/12/2020,60,0,60
Glenn,11/12/2020,0,0,0
Santa Cruz,11/12/2020,16,1,17
El Dorado,11/12/2020,4,0,4
Mariposa,11/12/2020,0,0,0
Sutter,11/12/2020,0,0,0
San Benito,11/12/2020,1,0,1
Madera,11/12/2020,11,14,25
Sacramento,11/12/2020,177,23,200
Shasta,11/12/2020,28,1,29
Mono,11/12/2020,0,0,0
Lake,11/12/2020,2,0,2
Kings,11/12/2020,20,0,20
Amador,11/12/2020,4,0,4
Fresno,11/12/2020,120,19,139
Santa Barbara,11/12/2020,13,2,15
San Mateo,11/12/2020,23,9,32
Humboldt,11/12/2020,3,4,7
Yuba,11/12/2020,7,0,7
Inyo,11/12/2020,0,0,0
Calaveras,11/12/2020,0,0,0
Riverside,11/12/2020,286,57,343
Monterey,11/12/2020,43,2,45
Alameda,11/12/2020,70,39,109
Modoc,11/12/2020,1,0,1
Yolo,11/12/2020,9,0,9
Napa,11/12/2020,9,0,9
Del Norte,11/12/2020,0,0,0
Colusa,11/12/2020,3,1,4
Trinity,11/12/2020,0,0,0
Nevada,11/12/2020,4,0,4
Tulare,11/12/2020,40,7,47
Placer,11/12/2020,46,10,56
Stanislaus,11/12/2020,74,15,89
Contra Costa,11/12/2020,50,7,57
Tehama,11/12/2020,7,0,7
Mendocino,11/12/2020,7,0,7
Tuolumne,11/12/2020,7,0,7
San Bernardino,11/12/2020,318,58,376
San Francisco,11/12/2020,38,8,46
Merced,11/12/2020,17,0,17
Calaveras,11/13/2020,1,0,1
Mono,11/13/2020,0,0,0
Glenn,11/13/2020,0,0,0
Lassen,11/13/2020,0,0,0
Merced,11/13/2020,17,0,17
Placer,11/13/2020,44,9,53
Napa,11/13/2020,8,0,8
Tulare,11/13/2020,44,7,51
El Dorado,11/13/2020,4,0,4
Del Norte,11/13/2020,0,0,0
San Francisco,11/13/2020,36,7,43
Ventura,11/13/2020,36,11,47
Monterey,11/13/2020,44,2,46
Marin,11/13/2020,10,5,15
Mariposa,11/13/2020,0,0,0
Trinity,11/13/2020,0,0,0
Butte,11/13/2020,19,1,20
Santa Barbara,11/13/2020,13,3,16
Amador,11/13/2020,4,1,5
San Bernardino,11/13/2020,334,54,388
Yuba,11/13/2020,7,0,7
Inyo,11/13/2020,1,0,1
Humboldt,11/13/2020,3,4,7
Kings,11/13/2020,26,0,26
Tuolumne,11/13/2020,9,0,9
Nevada,11/13/2020,4,0,4
Fresno,11/13/2020,131,16,147
San Benito,11/13/2020,2,0,2
Contra Costa,11/13/2020,46,10,56
Sacramento,11/13/2020,172,18,190
San Joaquin,11/13/2020,68,6,74
Orange,11/13/2020,235,37,272
Kern,11/13/2020,63,3,66
Los Angeles,11/13/2020,1014,282,1296
San Mateo,11/13/2020,19,6,25
Riverside,11/13/2020,314,50,364
San Diego,11/13/2020,298,51,349
Plumas,11/13/2020,0,0,0
Solano,11/13/2020,41,12,53
Sonoma,11/13/2020,20,5,25
Colusa,11/13/2020,3,1,4
Sutter,11/13/2020,0,0,0
Shasta,11/13/2020,27,1,28
Mendocino,11/13/2020,5,0,5
Imperial,11/13/2020,63,0,63
Modoc,11/13/2020,0,0,0
Stanislaus,11/13/2020,84,16,100
Tehama,11/13/2020,7,0,7
Santa Clara,11/13/2020,131,12,143
Alameda,11/13/2020,74,38,112
San Luis Obispo,11/13/2020,7,2,9
Lake,11/13/2020,2,1,3
Santa Cruz,11/13/2020,17,1,18
Yolo,11/13/2020,10,0,10
Madera,11/13/2020,10,9,19
Siskiyou,11/13/2020,4,0,4
Lake,11/14/2020,2,1,3
Lassen,11/14/2020,0,0,0
San Joaquin,11/14/2020,72,9,81
Mariposa,11/14/2020,0,0,0
El Dorado,11/14/2020,4,0,4
San Mateo,11/14/2020,23,6,29
Santa Cruz,11/14/2020,19,0,19
Yolo,11/14/2020,14,0,14
Santa Barbara,11/14/2020,15,4,19
Stanislaus,11/14/2020,93,13,106
Modoc,11/14/2020,0,0,0
Shasta,11/14/2020,22,22,44
Monterey,11/14/2020,51,1,52
Sacramento,11/14/2020,170,23,193
Humboldt,11/14/2020,3,3,6
Fresno,11/14/2020,146,21,167
Kings,11/14/2020,28,0,28
Nevada,11/14/2020,4,1,5
Imperial,11/14/2020,62,0,62
Solano,11/14/2020,38,8,46
Placer,11/14/2020,50,12,62
Tuolumne,11/14/2020,12,0,12
Butte,11/14/2020,21,0,21
Colusa,11/14/2020,4,2,6
Del Norte,11/14/2020,0,0,0
Madera,11/14/2020,10,6,16
Kern,11/14/2020,70,3,73
Napa,11/14/2020,8,0,8
San Bernardino,11/14/2020,362,57,419
Mono,11/14/2020,0,0,0
Alameda,11/14/2020,69,36,105
Los Angeles,11/14/2020,1049,346,1395
Plumas,11/14/2020,0,0,0
Merced,11/14/2020,13,0,13
Mendocino,11/14/2020,4,0,4
San Luis Obispo,11/14/2020,8,2,10
Sonoma,11/14/2020,19,3,22
Tulare,11/14/2020,54,6,60
Amador,11/14/2020,2,1,3
Inyo,11/14/2020,0,0,0
Ventura,11/14/2020,38,6,44
Siskiyou,11/14/2020,7,0,7
Orange,11/14/2020,242,44,286
Riverside,11/14/2020,310,58,368
Contra Costa,11/14/2020,45,12,57
San Benito,11/14/2020,1,0,1
Santa Clara,11/14/2020,135,12,147
Marin,11/14/2020,9,4,13
Trinity,11/14/2020,0,0,0
Yuba,11/14/2020,9,1,10
Sutter,11/14/2020,0,0,0
Glenn,11/14/2020,0,0,0
San Diego,11/14/2020,317,46,363
San Francisco,11/14/2020,38,2,40
Tehama,11/14/2020,9,0,9
Calaveras,11/14/2020,2,0,2
Napa,11/15/2020,7,0,7
Humboldt,11/15/2020,3,1,4
Placer,11/15/2020,53,13,66
San Joaquin,11/15/2020,76,7,83
Tehama,11/15/2020,8,0,8
Nevada,11/15/2020,4,1,5
Sutter,11/15/2020,0,0,0
San Luis Obispo,11/15/2020,10,0,10
Plumas,11/15/2020,0,0,0
San Diego,11/15/2020,317,53,370
Tulare,11/15/2020,54,5,59
Del Norte,11/15/2020,0,0,0
Lake,11/15/2020,2,0,2
Tuolumne,11/15/2020,6,0,6
Ventura,11/15/2020,40,5,45
Sonoma,11/15/2020,18,2,20
Santa Cruz,11/15/2020,14,0,14
Stanislaus,11/15/2020,94,14,108
San Benito,11/15/2020,2,0,2
San Mateo,11/15/2020,18,6,24
Siskiyou,11/15/2020,7,0,7
Solano,11/15/2020,41,8,49
Yolo,11/15/2020,15,0,15
Orange,11/15/2020,257,45,302
San Bernardino,11/15/2020,378,64,442
El Dorado,11/15/2020,3,0,3
Glenn,11/15/2020,0,0,0
Inyo,11/15/2020,0,0,0
Santa Clara,11/15/2020,150,8,158
Colusa,11/15/2020,3,2,5
Alameda,11/15/2020,71,39,110
Shasta,11/15/2020,26,0,26
Trinity,11/15/2020,0,0,0
Marin,11/15/2020,9,4,13
Los Angeles,11/15/2020,1126,277,1403
San Francisco,11/15/2020,39,3,42
Calaveras,11/15/2020,2,0,2
Monterey,11/15/2020,51,1,52
Sacramento,11/15/2020,172,20,192
Modoc,11/15/2020,0,1,1
Madera,11/15/2020,11,13,24
Mariposa,11/15/2020,1,0,1
Riverside,11/15/2020,320,68,388
Contra Costa,11/15/2020,48,19,67
Yuba,11/15/2020,11,0,11
Butte,11/15/2020,21,0,21
Lassen,11/15/2020,2,0,2
Fresno,11/15/2020,155,12,167
Kings,11/15/2020,28,1,29
Imperial,11/15/2020,62,0,62
Mendocino,11/15/2020,5,1,6
Kern,11/15/2020,80,9,89
Mono,11/15/2020,0,0,0
Merced,11/15/2020,13,0,13
Amador,11/15/2020,2,0,2
Santa Barbara,11/15/2020,17,5,22
Butte,11/16/2020,23,0,23
Yolo,11/16/2020,14,0,14
Lake,11/16/2020,1,0,1
Stanislaus,11/16/2020,102,20,122
Mono,11/16/2020,0,0,0
Yuba,11/16/2020,15,0,15
Santa Barbara,11/16/2020,19,5,24
San Joaquin,11/16/2020,78,8,86
Orange,11/16/2020,270,73,343
Calaveras,11/16/2020,2,0,2
El Dorado,11/16/2020,5,0,5
San Luis Obispo,11/16/2020,7,0,7
Fresno,11/16/2020,151,21,172
Lassen,11/16/2020,1,0,1
Monterey,11/16/2020,43,1,44
San Benito,11/16/2020,2,0,2
Trinity,11/16/2020,0,0,0
Madera,11/16/2020,11,5,16
Siskiyou,11/16/2020,6,0,6
Riverside,11/16/2020,338,59,397
Santa Clara,11/16/2020,153,9,162
Solano,11/16/2020,41,8,49
Alameda,11/16/2020,89,28,117
Mendocino,11/16/2020,6,1,7
San Diego,11/16/2020,345,57,402
San Bernardino,11/16/2020,411,69,480
Humboldt,11/16/2020,2,5,7
Merced,11/16/2020,20,0,20
Placer,11/16/2020,68,18,86
Tuolumne,11/16/2020,6,0,6
Ventura,11/16/2020,49,5,54
Del Norte,11/16/2020,0,0,0
Amador,11/16/2020,3,0,3
San Mateo,11/16/2020,22,5,27
Los Angeles,11/16/2020,1188,286,1474
Inyo,11/16/2020,0,0,0
Contra Costa,11/16/2020,63,21,84
Kern,11/16/2020,86,11,97
Tulare,11/16/2020,60,6,66
Glenn,11/16/2020,0,0,0
San Francisco,11/16/2020,38,6,44
Kings,11/16/2020,33,1,34
Modoc,11/16/2020,0,0,0
Marin,11/16/2020,12,2,14
Shasta,11/16/2020,26,0,26
Nevada,11/16/2020,4,0,4
Colusa,11/16/2020,4,1,5
Napa,11/16/2020,7,0,7
Plumas,11/16/2020,0,0,0
Santa Cruz,11/16/2020,14,0,14
Mariposa,11/16/2020,1,0,1
Sutter,11/16/2020,0,0,0
Tehama,11/16/2020,7,0,7
Imperial,11/16/2020,64,2,66
Sonoma,11/16/2020,17,5,22
Sacramento,11/16/2020,191,29,220
Yuba,11/17/2020,20,0,20
Sacramento,11/17/2020,208,20,228
Orange,11/17/2020,291,71,362
Lassen,11/17/2020,0,0,0
Tehama,11/17/2020,7,0,7
Nevada,11/17/2020,7,1,8
Calaveras,11/17/2020,1,0,1
San Bernardino,11/17/2020,417,67,484
Solano,11/17/2020,48,11,59
Ventura,11/17/2020,50,8,58
Marin,11/17/2020,13,2,15
Humboldt,11/17/2020,3,3,6
Merced,11/17/2020,19,0,19
Fresno,11/17/2020,162,22,184
Placer,11/17/2020,74,21,95
Butte,11/17/2020,23,0,23
Modoc,11/17/2020,0,1,1
San Benito,11/17/2020,2,0,2
Amador,11/17/2020,2,0,2
Shasta,11/17/2020,26,0,26
El Dorado,11/17/2020,5,2,7
Lake,11/17/2020,1,0,1
San Joaquin,11/17/2020,78,4,82
Riverside,11/17/2020,350,59,409
Stanislaus,11/17/2020,101,23,124
Siskiyou,11/17/2020,5,0,5
Santa Barbara,11/17/2020,20,0,20
Colusa,11/17/2020,4,0,4
Del Norte,11/17/2020,0,0,0
Alameda,11/17/2020,95,24,119
Sutter,11/17/2020,0,0,0
Imperial,11/17/2020,62,1,63
Sonoma,11/17/2020,21,2,23
San Francisco,11/17/2020,37,11,48
Trinity,11/17/2020,0,0,0
Tulare,11/17/2020,55,3,58
Kern,11/17/2020,87,9,96
Santa Clara,11/17/2020,163,16,179
San Diego,11/17/2020,367,51,418
Los Angeles,11/17/2020,1238,304,1542
Tuolumne,11/17/2020,7,0,7
San Mateo,11/17/2020,26,9,35
Mono,11/17/2020,1,0,1
Monterey,11/17/2020,48,0,48
Yolo,11/17/2020,14,0,14
Madera,11/17/2020,10,13,23
Mendocino,11/17/2020,3,0,3
San Luis Obispo,11/17/2020,10,2,12
Inyo,11/17/2020,0,0,0
Mariposa,11/17/2020,0,0,0
Napa,11/17/2020,5,0,5
Kings,11/17/2020,39,0,39
Glenn,11/17/2020,0,0,0
Contra Costa,11/17/2020,67,8,75
Santa Cruz,11/17/2020,17,1,18
Plumas,11/17/2020,0,0,0
San Diego,11/18/2020,369,65,434
Santa Clara,11/18/2020,167,17,184
Del Norte,11/18/2020,0,0,0
Tehama,11/18/2020,10,0,10
Glenn,11/18/2020,0,0,0
Riverside,11/18/2020,362,65,427
Alameda,11/18/2020,103,30,133
Monterey,11/18/2020,48,0,48
San Bernardino,11/18/2020,439,57,496
Santa Cruz,11/18/2020,20,1,21
San Luis Obispo,11/18/2020,12,0,12
Trinity,11/18/2020,0,0,0
Napa,11/18/2020,5,0,5
Nevada,11/18/2020,8,0,8
Imperial,11/18/2020,67,3,70
San Joaquin,11/18/2020,83,5,88
Sonoma,11/18/2020,23,4,27
Lassen,11/18/2020,1,0,1
Plumas,11/18/2020,0,1,1
Ventura,11/18/2020,50,7,57
Colusa,11/18/2020,4,0,4
El Dorado,11/18/2020,8,1,9
Placer,11/18/2020,81,27,108
Stanislaus,11/18/2020,111,15,126
Modoc,11/18/2020,0,0,0
Tulare,11/18/2020,57,6,63
Marin,11/18/2020,7,2,9
Tuolumne,11/18/2020,8,0,8
San Mateo,11/18/2020,27,6,33
Sacramento,11/18/2020,227,22,249
Mariposa,11/18/2020,0,0,0
Los Angeles,11/18/2020,1298,330,1628
Calaveras,11/18/2020,1,0,1
Merced,11/18/2020,22,0,22
Mono,11/18/2020,1,0,1
Madera,11/18/2020,12,9,21
San Benito,11/18/2020,2,0,2
Contra Costa,11/18/2020,67,16,83
Fresno,11/18/2020,170,19,189
Sutter,11/18/2020,0,0,0
San Francisco,11/18/2020,39,8,47
Lake,11/18/2020,2,0,2
Butte,11/18/2020,22,0,22
Humboldt,11/18/2020,3,3,6
Yolo,11/18/2020,12,0,12
Solano,11/18/2020,53,12,65
Orange,11/18/2020,304,55,359
Mendocino,11/18/2020,5,0,5
Santa Barbara,11/18/2020,20,2,22
Kern,11/18/2020,95,7,102
Yuba,11/18/2020,22,0,22
Shasta,11/18/2020,29,0,29
Kings,11/18/2020,40,0,40
Inyo,11/18/2020,0,0,0
Amador,11/18/2020,1,1,2
Siskiyou,11/18/2020,6,0,6
San Bernardino,11/19/2020,458,54,512
San Luis Obispo,11/19/2020,9,1,10
Lake,11/19/2020,2,0,2
Monterey,11/19/2020,48,0,48
Siskiyou,11/19/2020,4,0,4
Ventura,11/19/2020,54,1,55
Santa Cruz,11/19/2020,22,1,23
Santa Barbara,11/19/2020,17,3,20
Del Norte,11/19/2020,0,0,0
Tulare,11/19/2020,51,8,59
Placer,11/19/2020,86,23,109
Kings,11/19/2020,45,0,45
Santa Clara,11/19/2020,178,18,196
Nevada,11/19/2020,12,1,13
Amador,11/19/2020,2,0,2
San Benito,11/19/2020,1,0,1
San Mateo,11/19/2020,25,7,32
Mariposa,11/19/2020,0,0,0
Trinity,11/19/2020,0,0,0
Kern,11/19/2020,101,8,109
Orange,11/19/2020,333,41,374
Contra Costa,11/19/2020,68,12,80
Sonoma,11/19/2020,26,5,31
Shasta,11/19/2020,38,1,39
Butte,11/19/2020,24,1,25
San Diego,11/19/2020,393,54,447
Los Angeles,11/19/2020,1391,304,1695
Colusa,11/19/2020,4,0,4
Lassen,11/19/2020,1,0,1
Napa,11/19/2020,7,0,7
Modoc,11/19/2020,0,0,0
Merced,11/19/2020,30,1,31
Mendocino,11/19/2020,5,0,5
Humboldt,11/19/2020,3,3,6
Stanislaus,11/19/2020,112,7,119
Yuba,11/19/2020,22,0,22
Tehama,11/19/2020,11,0,11
El Dorado,11/19/2020,8,0,8
Solano,11/19/2020,54,10,64
Yolo,11/19/2020,13,0,13
Plumas,11/19/2020,0,0,0
San Francisco,11/19/2020,42,4,46
Tuolumne,11/19/2020,8,0,8
Riverside,11/19/2020,375,65,440
Glenn,11/19/2020,0,0,0
Madera,11/19/2020,12,9,21
San Joaquin,11/19/2020,84,6,90
Alameda,11/19/2020,104,30,134
Sacramento,11/19/2020,231,28,259
Mono,11/19/2020,0,0,0
Marin,11/19/2020,7,2,9
Imperial,11/19/2020,61,5,66
Inyo,11/19/2020,1,0,1
Calaveras,11/19/2020,1,0,1
Fresno,11/19/2020,171,29,200
Sutter,11/19/2020,0,0,0
Inyo,11/20/2020,1,0,1
Placer,11/20/2020,88,21,109
Kern,11/20/2020,109,2,111
Tulare,11/20/2020,58,8,66
San Diego,11/20/2020,411,51,462
Kings,11/20/2020,47,0,47
Madera,11/20/2020,14,11,25
Yolo,11/20/2020,14,0,14
Trinity,11/20/2020,0,0,0
Mono,11/20/2020,0,0,0
San Joaquin,11/20/2020,97,8,105
Santa Cruz,11/20/2020,24,2,26
Sonoma,11/20/2020,24,7,31
Mariposa,11/20/2020,0,0,0
Sacramento,11/20/2020,239,27,266
Colusa,11/20/2020,5,2,7
Glenn,11/20/2020,0,0,0
Imperial,11/20/2020,59,5,64
Modoc,11/20/2020,0,0,0
Yuba,11/20/2020,24,0,24
Santa Barbara,11/20/2020,21,3,24
Los Angeles,11/20/2020,1401,317,1718
Lassen,11/20/2020,1,0,1
Marin,11/20/2020,6,2,8
Lake,11/20/2020,2,0,2
Riverside,11/20/2020,385,55,440
Fresno,11/20/2020,190,27,217
Contra Costa,11/20/2020,71,11,82
Ventura,11/20/2020,65,7,72
San Benito,11/20/2020,1,0,1
Humboldt,11/20/2020,3,1,4
San Luis Obispo,11/20/2020,10,2,12
Solano,11/20/2020,57,8,65
Merced,11/20/2020,29,0,29
Calaveras,11/20/2020,0,0,0
Santa Clara,11/20/2020,184,13,197
Plumas,11/20/2020,0,0,0
Mendocino,11/20/2020,5,0,5
El Dorado,11/20/2020,8,0,8
Stanislaus,11/20/2020,127,16,143
Alameda,11/20/2020,97,31,128
Siskiyou,11/20/2020,5,0,5
Del Norte,11/20/2020,0,0,0
Napa,11/20/2020,6,0,6
San Francisco,11/20/2020,49,4,53
Tuolumne,11/20/2020,8,0,8
Sutter,11/20/2020,0,0,0
Orange,11/20/2020,365,47,412
Nevada,11/20/2020,9,0,9
San Bernardino,11/20/2020,509,52,561
Amador,11/20/2020,3,0,3
Butte,11/20/2020,29,1,30
Tehama,11/20/2020,11,0,11
Monterey,11/20/2020,52,0,52
San Mateo,11/20/2020,26,12,38
Shasta,11/20/2020,40,3,43
Orange,11/21/2020,380,39,419
Alameda,11/21/2020,108,24,132
San Bernardino,11/21/2020,495,64,559
Los Angeles,11/21/2020,1482,346,1828
San Diego,11/21/2020,439,46,485
Tehama,11/21/2020,12,0,12
Imperial,11/21/2020,57,0,57
Monterey,11/21/2020,54,0,54
Nevada,11/21/2020,9,0,9
Modoc,11/21/2020,0,0,0
Mariposa,11/21/2020,0,0,0
Merced,11/21/2020,28,1,29
Mono,11/21/2020,1,0,1
Santa Barbara,11/21/2020,21,3,24
Yuba,11/21/2020,21,0,21
Riverside,11/21/2020,409,54,463
Kings,11/21/2020,45,1,46
Solano,11/21/2020,60,7,67
Santa Clara,11/21/2020,190,19,209
Yolo,11/21/2020,14,2,16
Glenn,11/21/2020,0,0,0
Del Norte,11/21/2020,0,0,0
Siskiyou,11/21/2020,4,0,4
Contra Costa,11/21/2020,70,11,81
Placer,11/21/2020,97,24,121
Santa Cruz,11/21/2020,25,0,25
Lassen,11/21/2020,2,0,2
Amador,11/21/2020,2,0,2
Trinity,11/21/2020,0,0,0
Napa,11/21/2020,6,0,6
Marin,11/21/2020,6,2,8
San Benito,11/21/2020,1,0,1
Mendocino,11/21/2020,3,0,3
San Francisco,11/21/2020,52,5,57
Kern,11/21/2020,117,3,120
San Luis Obispo,11/21/2020,11,1,12
Sutter,11/21/2020,0,0,0
Fresno,11/21/2020,203,21,224
Inyo,11/21/2020,1,0,1
San Joaquin,11/21/2020,107,8,115
Sacramento,11/21/2020,255,22,277
Madera,11/21/2020,18,6,24
Lake,11/21/2020,1,0,1
Colusa,11/21/2020,5,3,8
El Dorado,11/21/2020,10,0,10
Humboldt,11/21/2020,4,1,5
Tuolumne,11/21/2020,9,0,9
Tulare,11/21/2020,58,9,67
Ventura,11/21/2020,62,6,68
Stanislaus,11/21/2020,129,6,135
Butte,11/21/2020,23,0,23
Plumas,11/21/2020,0,0,0
Calaveras,11/21/2020,0,0,0
Shasta,11/21/2020,39,4,43
Sonoma,11/21/2020,24,0,24
San Mateo,11/21/2020,30,10,40
Trinity,11/22/2020,0,0,0
Yolo,11/22/2020,15,0,15
Ventura,11/22/2020,63,10,73
San Luis Obispo,11/22/2020,16,1,17
San Mateo,11/22/2020,32,10,42
Butte,11/22/2020,25,0,25
Merced,11/22/2020,19,0,19
Glenn,11/22/2020,0,0,0
Sacramento,11/22/2020,255,22,277
Santa Barbara,11/22/2020,23,2,25
Madera,11/22/2020,20,10,30
Colusa,11/22/2020,5,3,8
Fresno,11/22/2020,232,15,247
San Francisco,11/22/2020,47,2,49
Sutter,11/22/2020,0,0,0
Placer,11/22/2020,93,24,117
Santa Cruz,11/22/2020,24,0,24
Lake,11/22/2020,1,0,1
San Benito,11/22/2020,2,0,2
Shasta,11/22/2020,51,0,51
San Bernardino,11/22/2020,527,53,580
Orange,11/22/2020,428,58,486
Sonoma,11/22/2020,25,6,31
Plumas,11/22/2020,0,0,0
Nevada,11/22/2020,10,0,10
Inyo,11/22/2020,1,0,1
Monterey,11/22/2020,58,1,59
Napa,11/22/2020,5,0,5
Humboldt,11/22/2020,4,2,6
Siskiyou,11/22/2020,8,0,8
San Joaquin,11/22/2020,110,6,116
Amador,11/22/2020,2,0,2
Contra Costa,11/22/2020,79,11,90
Alameda,11/22/2020,115,35,150
Riverside,11/22/2020,409,65,474
Los Angeles,11/22/2020,1575,344,1919
Imperial,11/22/2020,51,0,51
Kern,11/22/2020,120,6,126
Mendocino,11/22/2020,2,0,2
Santa Clara,11/22/2020,197,21,218
Solano,11/22/2020,58,11,69
Tulare,11/22/2020,50,7,57
San Diego,11/22/2020,446,47,493
Tehama,11/22/2020,11,0,11
Calaveras,11/22/2020,2,0,2
Stanislaus,11/22/2020,138,20,158
Lassen,11/22/2020,1,0,1
Mariposa,11/22/2020,0,0,0
Kings,11/22/2020,47,0,47
Mono,11/22/2020,1,0,1
Yuba,11/22/2020,26,0,26
Marin,11/22/2020,8,3,11
Del Norte,11/22/2020,0,0,0
Tuolumne,11/22/2020,12,0,12
Modoc,11/22/2020,0,0,0
El Dorado,11/22/2020,10,0,10
San Diego,11/23/2020,470,56,526
Orange,11/23/2020,463,80,543
Siskiyou,11/23/2020,8,0,8
Nevada,11/23/2020,8,2,10
San Bernardino,11/23/2020,583,75,658
Tuolumne,11/23/2020,14,0,14
Lassen,11/23/2020,4,0,4
Stanislaus,11/23/2020,156,9,165
Imperial,11/23/2020,51,1,52
Sacramento,11/23/2020,253,31,284
Monterey,11/23/2020,64,2,66
Merced,11/23/2020,21,0,21
Mendocino,11/23/2020,12,0,12
San Benito,11/23/2020,3,0,3
Alameda,11/23/2020,123,26,149
Kings,11/23/2020,43,2,45
Del Norte,11/23/2020,1,0,1
Yuba,11/23/2020,31,0,31
Glenn,11/23/2020,0,0,0
Humboldt,11/23/2020,4,5,9
Ventura,11/23/2020,64,6,70
Mono,11/23/2020,1,0,1
San Joaquin,11/23/2020,114,8,122
Riverside,11/23/2020,420,78,498
Tehama,11/23/2020,8,0,8
Plumas,11/23/2020,0,0,0
Santa Cruz,11/23/2020,27,0,27
Modoc,11/23/2020,0,0,0
Inyo,11/23/2020,1,0,1
Fresno,11/23/2020,255,13,268
Santa Barbara,11/23/2020,24,3,27
Los Angeles,11/23/2020,1682,296,1978
Shasta,11/23/2020,48,0,48
Napa,11/23/2020,6,0,6
San Mateo,11/23/2020,40,4,44
San Luis Obispo,11/23/2020,13,3,16
Sutter,11/23/2020,0,0,0
Lake,11/23/2020,1,0,1
Butte,11/23/2020,32,0,32
Sonoma,11/23/2020,29,0,29
Tulare,11/23/2020,56,12,68
Contra Costa,11/23/2020,94,14,108
Yolo,11/23/2020,20,0,20
Calaveras,11/23/2020,2,0,2
Solano,11/23/2020,61,7,68
Kern,11/23/2020,132,1,133
San Francisco,11/23/2020,52,1,53
Santa Clara,11/23/2020,201,24,225
Amador,11/23/2020,3,0,3
Mariposa,11/23/2020,0,0,0
Marin,11/23/2020,8,4,12
El Dorado,11/23/2020,11,0,11
Trinity,11/23/2020,0,0,0
Placer,11/23/2020,101,18,119
Colusa,11/23/2020,5,2,7
Madera,11/23/2020,21,14,35
Fresno,11/24/2020,259,29,288
Santa Cruz,11/24/2020,33,0,33
Mariposa,11/24/2020,0,0,0
Santa Clara,11/24/2020,217,20,237
El Dorado,11/24/2020,11,1,12
San Benito,11/24/2020,3,0,3
Kings,11/24/2020,42,1,43
Mendocino,11/24/2020,12,0,12
Del Norte,11/24/2020,0,0,0
Siskiyou,11/24/2020,10,0,10
Imperial,11/24/2020,59,1,60
San Luis Obispo,11/24/2020,10,3,13
Marin,11/24/2020,7,3,10
Stanislaus,11/24/2020,162,7,169
Modoc,11/24/2020,1,0,1
Solano,11/24/2020,63,11,74
Riverside,11/24/2020,455,72,527
Sutter,11/24/2020,0,0,0
Kern,11/24/2020,126,3,129
Alameda,11/24/2020,138,38,176
Sonoma,11/24/2020,30,6,36
Tuolumne,11/24/2020,9,1,10
Santa Barbara,11/24/2020,26,4,30
Sacramento,11/24/2020,265,30,295
Lassen,11/24/2020,3,0,3
Tehama,11/24/2020,10,0,10
Inyo,11/24/2020,2,0,2
Napa,11/24/2020,8,1,9
Yolo,11/24/2020,16,0,16
Shasta,11/24/2020,51,0,51
Tulare,11/24/2020,72,15,87
Placer,11/24/2020,110,15,125
Humboldt,11/24/2020,3,5,8
San Mateo,11/24/2020,45,6,51
Lake,11/24/2020,2,0,2
Colusa,11/24/2020,3,0,3
Orange,11/24/2020,479,47,526
Merced,11/24/2020,21,0,21
San Francisco,11/24/2020,62,1,63
San Bernardino,11/24/2020,606,67,673
Monterey,11/24/2020,64,2,66
Plumas,11/24/2020,0,0,0
San Joaquin,11/24/2020,109,13,122
San Diego,11/24/2020,510,44,554
Contra Costa,11/24/2020,86,6,92
Ventura,11/24/2020,77,8,85
Butte,11/24/2020,33,0,33
Glenn,11/24/2020,0,0,0
Amador,11/24/2020,4,0,4
Trinity,11/24/2020,0,0,0
Mono,11/24/2020,0,0,0
Los Angeles,11/24/2020,1809,388,2197
Calaveras,11/24/2020,1,0,1
Nevada,11/24/2020,12,1,13
Yuba,11/24/2020,30,0,30
Madera,11/24/2020,22,12,34
Alameda,11/25/2020,143,50,193
Stanislaus,11/25/2020,171,15,186
Riverside,11/25/2020,490,65,555
Butte,11/25/2020,28,0,28
Modoc,11/25/2020,0,0,0
Trinity,11/25/2020,0,0,0
Los Angeles,11/25/2020,1893,301,2194
San Bernardino,11/25/2020,628,66,694
Shasta,11/25/2020,54,0,54
Sonoma,11/25/2020,28,3,31
San Benito,11/25/2020,3,0,3
Lassen,11/25/2020,4,0,4
Mendocino,11/25/2020,10,0,10
Merced,11/25/2020,17,0,17
Solano,11/25/2020,65,13,78
Kings,11/25/2020,44,1,45
Kern,11/25/2020,136,3,139
Sutter,11/25/2020,0,0,0
Tehama,11/25/2020,9,0,9
Contra Costa,11/25/2020,92,8,100
Sacramento,11/25/2020,279,20,299
Tulare,11/25/2020,73,9,82
Orange,11/25/2020,499,38,537
Santa Clara,11/25/2020,229,24,253
Imperial,11/25/2020,59,1,60
El Dorado,11/25/2020,9,2,11
Del Norte,11/25/2020,0,0,0
Lake,11/25/2020,2,0,2
Placer,11/25/2020,106,18,124
Calaveras,11/25/2020,1,0,1
Glenn,11/25/2020,0,0,0
Mariposa,11/25/2020,1,0,1
Marin,11/25/2020,7,5,12
Santa Cruz,11/25/2020,32,0,32
Tuolumne,11/25/2020,11,0,11
Nevada,11/25/2020,13,1,14
Inyo,11/25/2020,1,0,1
Santa Barbara,11/25/2020,32,1,33
Plumas,11/25/2020,1,0,1
Monterey,11/25/2020,67,3,70
Ventura,11/25/2020,84,3,87
Yuba,11/25/2020,30,0,30
Mono,11/25/2020,0,0,0
Yolo,11/25/2020,14,0,14
Colusa,11/25/2020,4,0,4
Siskiyou,11/25/2020,12,0,12
San Mateo,11/25/2020,46,6,52
Amador,11/25/2020,3,0,3
San Joaquin,11/25/2020,110,10,120
Napa,11/25/2020,10,0,10
Humboldt,11/25/2020,1,3,4
Madera,11/25/2020,22,13,35
Fresno,11/25/2020,258,17,275
San Francisco,11/25/2020,64,6,70
San Diego,11/25/2020,545,42,587
San Luis Obispo,11/25/2020,9,1,10
Orange,11/26/2020,506,36,542
San Diego,11/26/2020,563,41,604
Yuba,11/26/2020,25,0,25
San Luis Obispo,11/26/2020,9,1,10
Kern,11/26/2020,143,4,147
Ventura,11/26/2020,81,11,92
Humboldt,11/26/2020,2,1,3
Tulare,11/26/2020,79,6,85
Fresno,11/26/2020,265,15,280
Butte,11/26/2020,32,1,33
San Mateo,11/26/2020,47,5,52
El Dorado,11/26/2020,11,2,13
Sonoma,11/26/2020,30,2,32
Imperial,11/26/2020,62,0,62
Modoc,11/26/2020,0,0,0
San Benito,11/26/2020,3,0,3
Shasta,11/26/2020,60,0,60
Calaveras,11/26/2020,1,0,1
Amador,11/26/2020,4,0,4
San Bernardino,11/26/2020,656,48,704
San Joaquin,11/26/2020,107,14,121
Santa Barbara,11/26/2020,31,0,31
Lassen,11/26/2020,3,0,3
Santa Clara,11/26/2020,230,23,253
Santa Cruz,11/26/2020,32,0,32
Riverside,11/26/2020,498,77,575
Sutter,11/26/2020,0,0,0
Colusa,11/26/2020,4,0,4
Lake,11/26/2020,3,0,3
Mendocino,11/26/2020,12,1,13
Trinity,11/26/2020,0,0,0
Merced,11/26/2020,23,0,23
Kings,11/26/2020,50,0,50
Los Angeles,11/26/2020,1951,301,2252
Inyo,11/26/2020,1,0,1
Tuolumne,11/26/2020,11,0,11
Glenn,11/26/2020,0,0,0
Siskiyou,11/26/2020,13,0,13
San Francisco,11/26/2020,70,4,74
Contra Costa,11/26/2020,90,9,99
Yolo,11/26/2020,13,0,13
Plumas,11/26/2020,1,0,1
Monterey,11/26/2020,71,2,73
Sacramento,11/26/2020,263,22,285
Tehama,11/26/2020,11,0,11
Mariposa,11/26/2020,0,0,0
Placer,11/26/2020,118,22,140
Marin,11/26/2020,6,2,8
Del Norte,11/26/2020,0,0,0
Stanislaus,11/26/2020,186,14,200
Madera,11/26/2020,23,6,29
Nevada,11/26/2020,13,2,15
Alameda,11/26/2020,157,54,211
Solano,11/26/2020,67,15,82
Mono,11/26/2020,0,0,0
Napa,11/26/2020,10,0,10
Madera,11/27/2020,25,10,35
Stanislaus,11/27/2020,181,20,201
Tehama,11/27/2020,12,0,12
Ventura,11/27/2020,84,10,94
San Bernardino,11/27/2020,661,64,725
Mariposa,11/27/2020,0,0,0
San Luis Obispo,11/27/2020,10,0,10
Riverside,11/27/2020,533,47,580
Monterey,11/27/2020,76,2,78
Kings,11/27/2020,52,0,52
Tuolumne,11/27/2020,12,0,12
Amador,11/27/2020,3,0,3
Mendocino,11/27/2020,14,6,20
Nevada,11/27/2020,12,0,12
Lake,11/27/2020,2,0,2
Imperial,11/27/2020,70,0,70
Shasta,11/27/2020,57,0,57
Santa Clara,11/27/2020,246,22,268
Los Angeles,11/27/2020,2049,299,2348
Tulare,11/27/2020,81,3,84
Marin,11/27/2020,7,3,10
Trinity,11/27/2020,0,0,0
Sutter,11/27/2020,0,0,0
San Mateo,11/27/2020,46,6,52
Humboldt,11/27/2020,3,2,5
Yolo,11/27/2020,18,0,18
Sonoma,11/27/2020,31,4,35
Inyo,11/27/2020,1,0,1
Orange,11/27/2020,534,35,569
Glenn,11/27/2020,0,0,0
Santa Cruz,11/27/2020,35,0,35
Fresno,11/27/2020,274,20,294
Siskiyou,11/27/2020,13,0,13
Modoc,11/27/2020,0,0,0
Merced,11/27/2020,22,0,22
Plumas,11/27/2020,0,0,0
Contra Costa,11/27/2020,86,12,98
San Joaquin,11/27/2020,112,14,126
El Dorado,11/27/2020,11,1,12
Colusa,11/27/2020,8,0,8
Napa,11/27/2020,11,0,11
San Diego,11/27/2020,599,38,637
Alameda,11/27/2020,163,41,204
San Francisco,11/27/2020,72,4,76
Butte,11/27/2020,37,2,39
Kern,11/27/2020,165,3,168
Yuba,11/27/2020,28,0,28
Santa Barbara,11/27/2020,33,2,35
Del Norte,11/27/2020,0,0,0
San Benito,11/27/2020,4,0,4
Lassen,11/27/2020,3,0,3
Placer,11/27/2020,128,13,141
Sacramento,11/27/2020,284,18,302
Solano,11/27/2020,62,11,73
Calaveras,11/27/2020,1,0,1
Mono,11/27/2020,1,0,1
Lassen,11/28/2020,5,0,5
Contra Costa,11/28/2020,90,18,108
Mono,11/28/2020,0,1,1
Modoc,11/28/2020,0,0,0
San Bernardino,11/28/2020,728,64,792
Orange,11/28/2020,597,48,645
Ventura,11/28/2020,88,8,96
Madera,11/28/2020,25,7,32
Merced,11/28/2020,19,0,19
Tulare,11/28/2020,90,4,94
Marin,11/28/2020,8,5,13
Humboldt,11/28/2020,2,3,5
Santa Cruz,11/28/2020,40,0,40
Los Angeles,11/28/2020,2185,328,2513
Stanislaus,11/28/2020,186,18,204
Sonoma,11/28/2020,28,4,32
Plumas,11/28/2020,0,0,0
Calaveras,11/28/2020,1,0,1
Trinity,11/28/2020,0,0,0
Siskiyou,11/28/2020,14,0,14
Lake,11/28/2020,2,0,2
Kern,11/28/2020,166,1,167
Placer,11/28/2020,124,15,139
Inyo,11/28/2020,1,0,1
Amador,11/28/2020,1,0,1
San Francisco,11/28/2020,77,3,80
Riverside,11/28/2020,573,63,636
San Diego,11/28/2020,627,46,673
Kings,11/28/2020,56,0,56
Alameda,11/28/2020,168,38,206
Tuolumne,11/28/2020,10,0,10
Colusa,11/28/2020,9,0,9
Sutter,11/28/2020,0,0,0
Solano,11/28/2020,64,11,75
Tehama,11/28/2020,13,0,13
San Joaquin,11/28/2020,125,13,138
Yuba,11/28/2020,32,0,32
Nevada,11/28/2020,15,0,15
El Dorado,11/28/2020,15,2,17
Del Norte,11/28/2020,0,0,0
Imperial,11/28/2020,72,0,72
San Benito,11/28/2020,5,0,5
Sacramento,11/28/2020,303,23,326
Butte,11/28/2020,45,2,47
Monterey,11/28/2020,72,1,73
Mendocino,11/28/2020,12,0,12
Shasta,11/28/2020,55,0,55
Santa Clara,11/28/2020,263,18,281
Glenn,11/28/2020,0,0,0
Santa Barbara,11/28/2020,39,1,40
San Luis Obispo,11/28/2020,6,0,6
Napa,11/28/2020,11,0,11
Fresno,11/28/2020,278,32,310
San Mateo,11/28/2020,50,6,56
Mariposa,11/28/2020,0,0,0
Yolo,11/28/2020,20,0,20
Santa Cruz,11/29/2020,47,0,47
Mariposa,11/29/2020,0,0,0
San Mateo,11/29/2020,58,9,67
Kern,11/29/2020,161,5,166
Inyo,11/29/2020,1,0,1
Tehama,11/29/2020,11,0,11
Sacramento,11/29/2020,316,29,345
Lassen,11/29/2020,3,0,3
Yuba,11/29/2020,38,0,38
San Diego,11/29/2020,658,40,698
Tulare,11/29/2020,96,3,99
San Bernardino,11/29/2020,781,58,839
Merced,11/29/2020,28,0,28
Siskiyou,11/29/2020,10,0,10
Modoc,11/29/2020,0,0,0
Stanislaus,11/29/2020,189,11,200
El Dorado,11/29/2020,16,0,16
Los Angeles,11/29/2020,2316,335,2651
San Luis Obispo,11/29/2020,5,0,5
Monterey,11/29/2020,82,1,83
Calaveras,11/29/2020,3,0,3
Santa Clara,11/29/2020,289,14,303
Sonoma,11/29/2020,34,1,35
Solano,11/29/2020,59,14,73
Marin,11/29/2020,10,3,13
Fresno,11/29/2020,287,25,312
Glenn,11/29/2020,0,0,0
Imperial,11/29/2020,71,1,72
Tuolumne,11/29/2020,10,0,10
Trinity,11/29/2020,0,0,0
Humboldt,11/29/2020,2,2,4
Placer,11/29/2020,125,13,138
Contra Costa,11/29/2020,106,17,123
Mono,11/29/2020,0,1,1
Madera,11/29/2020,24,7,31
Santa Barbara,11/29/2020,42,3,45
Riverside,11/29/2020,585,81,666
San Joaquin,11/29/2020,134,11,145
Colusa,11/29/2020,9,0,9
Shasta,11/29/2020,56,0,56
Mendocino,11/29/2020,11,0,11
Plumas,11/29/2020,0,0,0
Butte,11/29/2020,46,0,46
San Benito,11/29/2020,6,0,6
Alameda,11/29/2020,171,33,204
Napa,11/29/2020,10,0,10
Nevada,11/29/2020,19,1,20
Amador,11/29/2020,1,0,1
Ventura,11/29/2020,92,13,105
Kings,11/29/2020,58,0,58
Sutter,11/29/2020,0,0,0
Del Norte,11/29/2020,0,0,0
Yolo,11/29/2020,21,0,21
San Francisco,11/29/2020,83,1,84
Lake,11/29/2020,2,0,2
Orange,11/29/2020,605,59,664
Sutter,11/30/2020,0,0,0
Yolo,11/30/2020,18,0,18
Monterey,11/30/2020,81,0,81
Madera,11/30/2020,21,13,34
Orange,11/30/2020,648,57,705
Humboldt,11/30/2020,5,2,7
Stanislaus,11/30/2020,200,22,222
Solano,11/30/2020,66,13,79
San Joaquin,11/30/2020,138,8,146
Merced,11/30/2020,31,0,31
Sonoma,11/30/2020,35,9,44
Mendocino,11/30/2020,12,0,12
Santa Barbara,11/30/2020,50,2,52
Mariposa,11/30/2020,1,0,1
Kern,11/30/2020,184,2,186
Sacramento,11/30/2020,344,25,369
San Francisco,11/30/2020,91,0,91
Tuolumne,11/30/2020,13,0,13
Calaveras,11/30/2020,4,0,4
Marin,11/30/2020,11,4,15
Contra Costa,11/30/2020,102,25,127
Imperial,11/30/2020,82,0,82
Lake,11/30/2020,2,0,2
Kings,11/30/2020,52,0,52
San Luis Obispo,11/30/2020,7,2,9
Del Norte,11/30/2020,0,0,0
San Mateo,11/30/2020,65,9,74
Napa,11/30/2020,10,0,10
Tehama,11/30/2020,11,0,11
San Diego,11/30/2020,696,35,731
Riverside,11/30/2020,600,83,683
Plumas,11/30/2020,0,0,0
San Benito,11/30/2020,6,0,6
Yuba,11/30/2020,40,0,40
Los Angeles,11/30/2020,2439,304,2743
Santa Cruz,11/30/2020,41,0,41
Inyo,11/30/2020,1,0,1
Nevada,11/30/2020,19,1,20
Lassen,11/30/2020,5,0,5
Mono,11/30/2020,0,0,0
San Bernardino,11/30/2020,856,78,934
Siskiyou,11/30/2020,12,0,12
Tulare,11/30/2020,99,10,109
Placer,11/30/2020,131,12,143
Glenn,11/30/2020,0,0,0
Amador,11/30/2020,2,1,3
Butte,11/30/2020,45,0,45
Trinity,11/30/2020,0,0,0
Santa Clara,11/30/2020,291,17,308
Alameda,11/30/2020,188,35,223
El Dorado,11/30/2020,15,0,15
Colusa,11/30/2020,9,1,10
Fresno,11/30/2020,305,31,336
Ventura,11/30/2020,94,8,102
Shasta,11/30/2020,62,0,62
Modoc,11/30/2020,0,0,0
San Benito,12/1/2020,8,0,8
Mono,12/1/2020,2,0,2
Los Angeles,12/1/2020,2572,310,2882
Siskiyou,12/1/2020,12,0,12
Tehama,12/1/2020,11,0,11
Kern,12/1/2020,189,1,190
Sutter,12/1/2020,0,0,0
Glenn,12/1/2020,0,0,0
Placer,12/1/2020,130,20,150
Stanislaus,12/1/2020,210,18,228
Sacramento,12/1/2020,363,22,385
Imperial,12/1/2020,73,0,73
Lassen,12/1/2020,5,0,5
Butte,12/1/2020,45,1,46
Marin,12/1/2020,15,2,17
Amador,12/1/2020,2,1,3
Inyo,12/1/2020,1,0,1
Sonoma,12/1/2020,38,5,43
Modoc,12/1/2020,1,0,1
Santa Cruz,12/1/2020,42,0,42
El Dorado,12/1/2020,14,1,15
Calaveras,12/1/2020,6,0,6
Merced,12/1/2020,29,0,29
Plumas,12/1/2020,0,0,0
Humboldt,12/1/2020,5,5,10
San Joaquin,12/1/2020,150,12,162
San Bernardino,12/1/2020,883,82,965
San Diego,12/1/2020,685,48,733
Trinity,12/1/2020,0,0,0
Contra Costa,12/1/2020,112,21,133
Ventura,12/1/2020,98,14,112
Santa Barbara,12/1/2020,47,1,48
Del Norte,12/1/2020,0,0,0
Lake,12/1/2020,2,0,2
Tuolumne,12/1/2020,14,0,14
Madera,12/1/2020,25,13,38
Orange,12/1/2020,689,67,756
Mendocino,12/1/2020,12,0,12
Monterey,12/1/2020,85,1,86
Napa,12/1/2020,11,0,11
Solano,12/1/2020,69,12,81
Kings,12/1/2020,56,0,56
Shasta,12/1/2020,53,0,53
San Luis Obispo,12/1/2020,9,1,10
Colusa,12/1/2020,10,0,10
Santa Clara,12/1/2020,293,19,312
Yuba,12/1/2020,45,0,45
Mariposa,12/1/2020,2,0,2
San Mateo,12/1/2020,72,6,78
San Francisco,12/1/2020,88,3,91
Alameda,12/1/2020,187,47,234
Tulare,12/1/2020,92,11,103
Fresno,12/1/2020,291,27,318
Riverside,12/1/2020,628,76,704
Yolo,12/1/2020,20,0,20
Nevada,12/1/2020,16,1,17
Contra Costa,12/2/2020,116,15,131
Monterey,12/2/2020,82,1,83
Solano,12/2/2020,67,11,78
Orange,12/2/2020,735,49,784
Riverside,12/2/2020,649,72,721
Los Angeles,12/2/2020,2668,336,3004
Tuolumne,12/2/2020,11,0,11
Mariposa,12/2/2020,1,0,1
San Francisco,12/2/2020,93,5,98
Inyo,12/2/2020,2,0,2
Glenn,12/2/2020,0,0,0
Lassen,12/2/2020,7,0,7
Humboldt,12/2/2020,5,6,11
Tehama,12/2/2020,11,0,11
Lake,12/2/2020,0,0,0
Amador,12/2/2020,4,0,4
Fresno,12/2/2020,338,29,367
Alameda,12/2/2020,195,43,238
Sutter,12/2/2020,0,0,0
Ventura,12/2/2020,98,13,111
Yolo,12/2/2020,20,0,20
El Dorado,12/2/2020,13,0,13
Placer,12/2/2020,131,14,145
San Diego,12/2/2020,705,56,761
Imperial,12/2/2020,82,1,83
Shasta,12/2/2020,53,0,53
Kern,12/2/2020,179,5,184
Butte,12/2/2020,44,1,45
Trinity,12/2/2020,0,0,0
Sacramento,12/2/2020,359,29,388
Mendocino,12/2/2020,11,0,11
Modoc,12/2/2020,1,0,1
San Luis Obispo,12/2/2020,8,1,9
Santa Cruz,12/2/2020,47,0,47
Colusa,12/2/2020,11,0,11
San Bernardino,12/2/2020,904,98,1002
Santa Barbara,12/2/2020,57,3,60
Yuba,12/2/2020,37,0,37
Del Norte,12/2/2020,0,0,0
Tulare,12/2/2020,100,10,110
Calaveras,12/2/2020,5,0,5
Marin,12/2/2020,16,4,20
Nevada,12/2/2020,17,0,17
Sonoma,12/2/2020,38,4,42
Siskiyou,12/2/2020,15,0,15
San Mateo,12/2/2020,70,6,76
San Joaquin,12/2/2020,162,7,169
Kings,12/2/2020,58,1,59
San Benito,12/2/2020,9,0,9
Madera,12/2/2020,28,10,38
Santa Clara,12/2/2020,304,23,327
Mono,12/2/2020,2,0,2
Plumas,12/2/2020,0,0,0
Napa,12/2/2020,12,0,12
Merced,12/2/2020,32,0,32
Stanislaus,12/2/2020,219,18,237
Tehama,12/3/2020,11,0,11
Calaveras,12/3/2020,5,0,5
Sacramento,12/3/2020,373,23,396
Amador,12/3/2020,5,0,5
Mariposa,12/3/2020,1,0,1
Yolo,12/3/2020,18,0,18
Del Norte,12/3/2020,0,0,0
Tuolumne,12/3/2020,11,0,11
Alameda,12/3/2020,206,49,255
Ventura,12/3/2020,104,15,119
San Luis Obispo,12/3/2020,13,0,13
Inyo,12/3/2020,2,0,2
Nevada,12/3/2020,16,2,18
Humboldt,12/3/2020,7,0,7
Sonoma,12/3/2020,37,5,42
Santa Cruz,12/3/2020,43,0,43
Butte,12/3/2020,47,1,48
Los Angeles,12/3/2020,2769,328,3097
Marin,12/3/2020,16,3,19
San Joaquin,12/3/2020,160,5,165
Colusa,12/3/2020,10,0,10
Mono,12/3/2020,3,0,3
San Benito,12/3/2020,6,0,6
Imperial,12/3/2020,91,1,92
Plumas,12/3/2020,1,0,1
Lake,12/3/2020,2,0,2
Sutter,12/3/2020,0,0,0
Fresno,12/3/2020,340,38,378
San Francisco,12/3/2020,93,5,98
Glenn,12/3/2020,0,0,0
El Dorado,12/3/2020,15,1,16
Santa Barbara,12/3/2020,59,1,60
Stanislaus,12/3/2020,218,13,231
San Mateo,12/3/2020,76,7,83
Yuba,12/3/2020,39,0,39
Mendocino,12/3/2020,10,0,10
Tulare,12/3/2020,107,10,117
Merced,12/3/2020,38,0,38
Contra Costa,12/3/2020,122,14,136
Monterey,12/3/2020,90,1,91
Kern,12/3/2020,182,6,188
Orange,12/3/2020,746,64,810
Modoc,12/3/2020,1,2,3
Solano,12/3/2020,64,14,78
Lassen,12/3/2020,11,0,11
Santa Clara,12/3/2020,307,23,330
San Diego,12/3/2020,743,54,797
Placer,12/3/2020,144,19,163
Shasta,12/3/2020,51,0,51
Kings,12/3/2020,60,0,60
Napa,12/3/2020,12,1,13
Trinity,12/3/2020,0,0,0
Riverside,12/3/2020,658,81,739
Siskiyou,12/3/2020,13,3,16
San Bernardino,12/3/2020,880,84,964
Madera,12/3/2020,29,10,39
Tuolumne,12/4/2020,11,0,11
Colusa,12/4/2020,9,0,9
Imperial,12/4/2020,90,0,90
Mendocino,12/4/2020,10,0,10
Monterey,12/4/2020,90,2,92
Los Angeles,12/4/2020,2878,319,3197
San Mateo,12/4/2020,78,11,89
Tehama,12/4/2020,9,0,9
Del Norte,12/4/2020,0,0,0
Yuba,12/4/2020,41,0,41
Solano,12/4/2020,69,14,83
Sonoma,12/4/2020,41,3,44
Orange,12/4/2020,842,45,887
Santa Cruz,12/4/2020,46,1,47
Siskiyou,12/4/2020,12,0,12
Nevada,12/4/2020,15,1,16
Alameda,12/4/2020,213,38,251
Kings,12/4/2020,63,0,63
Marin,12/4/2020,15,1,16
Merced,12/4/2020,29,0,29
Fresno,12/4/2020,354,36,390
San Bernardino,12/4/2020,913,85,998
Humboldt,12/4/2020,7,2,9
Lake,12/4/2020,2,0,2
Amador,12/4/2020,6,0,6
Yolo,12/4/2020,18,0,18
Contra Costa,12/4/2020,126,17,143
Santa Barbara,12/4/2020,54,0,54
Madera,12/4/2020,28,10,38
San Luis Obispo,12/4/2020,15,0,15
El Dorado,12/4/2020,19,0,19
Sutter,12/4/2020,0,0,0
Modoc,12/4/2020,0,0,0
Tulare,12/4/2020,104,2,106
Kern,12/4/2020,198,5,203
Sacramento,12/4/2020,378,21,399
San Francisco,12/4/2020,96,3,99
Shasta,12/4/2020,49,0,49
Inyo,12/4/2020,2,0,2
Santa Clara,12/4/2020,332,23,355
Glenn,12/4/2020,1,0,1
San Diego,12/4/2020,772,35,807
Butte,12/4/2020,51,1,52
Napa,12/4/2020,8,0,8
Mono,12/4/2020,1,0,1
Calaveras,12/4/2020,4,0,4
Riverside,12/4/2020,687,101,788
Lassen,12/4/2020,5,0,5
Mariposa,12/4/2020,1,0,1
Ventura,12/4/2020,111,15,126
Placer,12/4/2020,148,15,163
Plumas,12/4/2020,0,0,0
Stanislaus,12/4/2020,225,12,237
San Joaquin,12/4/2020,172,15,187
Trinity,12/4/2020,0,0,0
San Benito,12/4/2020,5,0,5
Marin,12/5/2020,21,0,21
San Mateo,12/5/2020,82,8,90
Solano,12/5/2020,72,13,85
Butte,12/5/2020,57,0,57
Napa,12/5/2020,8,0,8
Tulare,12/5/2020,115,4,119
Placer,12/5/2020,147,23,170
San Joaquin,12/5/2020,187,12,199
Ventura,12/5/2020,117,10,127
San Luis Obispo,12/5/2020,11,0,11
Plumas,12/5/2020,0,0,0
Humboldt,12/5/2020,7,2,9
Yolo,12/5/2020,19,0,19
Amador,12/5/2020,7,0,7
San Bernardino,12/5/2020,958,78,1036
Mariposa,12/5/2020,1,0,1
Santa Cruz,12/5/2020,44,1,45
Inyo,12/5/2020,2,0,2
Trinity,12/5/2020,0,0,0
Siskiyou,12/5/2020,12,0,12
Lake,12/5/2020,2,1,3
Nevada,12/5/2020,16,1,17
Sacramento,12/5/2020,371,30,401
Modoc,12/5/2020,1,0,1
Del Norte,12/5/2020,0,0,0
Colusa,12/5/2020,9,0,9
Yuba,12/5/2020,43,0,43
San Francisco,12/5/2020,111,6,117
Santa Barbara,12/5/2020,50,1,51
Santa Clara,12/5/2020,336,21,357
Calaveras,12/5/2020,2,0,2
El Dorado,12/5/2020,22,0,22
Glenn,12/5/2020,2,4,6
San Diego,12/5/2020,790,45,835
Orange,12/5/2020,848,54,902
Los Angeles,12/5/2020,2988,340,3328
Riverside,12/5/2020,671,116,787
Sutter,12/5/2020,0,0,0
Merced,12/5/2020,33,0,33
Tehama,12/5/2020,10,0,10
Monterey,12/5/2020,87,3,90
Contra Costa,12/5/2020,133,17,150
Sonoma,12/5/2020,41,8,49
Kern,12/5/2020,199,3,202
Madera,12/5/2020,31,11,42
Alameda,12/5/2020,227,32,259
Mono,12/5/2020,1,0,1
Mendocino,12/5/2020,8,1,9
Lassen,12/5/2020,5,0,5
San Benito,12/5/2020,5,0,5
Stanislaus,12/5/2020,217,15,232
Tuolumne,12/5/2020,7,0,7
Fresno,12/5/2020,396,24,420
Shasta,12/5/2020,49,0,49
Kings,12/5/2020,66,0,66
Imperial,12/5/2020,96,0,96
Contra Costa,12/6/2020,138,20,158
San Diego,12/6/2020,817,54,871
Colusa,12/6/2020,9,0,9
Monterey,12/6/2020,97,2,99
Riverside,12/6/2020,700,117,817
Siskiyou,12/6/2020,13,0,13
San Francisco,12/6/2020,110,5,115
Glenn,12/6/2020,2,4,6
Trinity,12/6/2020,0,0,0
Nevada,12/6/2020,17,1,18
Amador,12/6/2020,7,0,7
Sacramento,12/6/2020,374,24,398
Sonoma,12/6/2020,48,9,57
Lake,12/6/2020,2,1,3
Merced,12/6/2020,35,0,35
Imperial,12/6/2020,98,0,98
Kings,12/6/2020,69,0,69
San Luis Obispo,12/6/2020,13,1,14
Shasta,12/6/2020,48,0,48
Fresno,12/6/2020,408,28,436
Del Norte,12/6/2020,0,0,0
Yolo,12/6/2020,20,0,20
Los Angeles,12/6/2020,3113,377,3490
Placer,12/6/2020,154,17,171
San Mateo,12/6/2020,82,10,92
Tulare,12/6/2020,118,8,126
Humboldt,12/6/2020,7,0,7
Napa,12/6/2020,11,1,12
San Benito,12/6/2020,4,0,4
Inyo,12/6/2020,3,0,3
Lassen,12/6/2020,5,0,5
Santa Cruz,12/6/2020,49,0,49
El Dorado,12/6/2020,18,2,20
Solano,12/6/2020,69,10,79
Orange,12/6/2020,877,44,921
San Joaquin,12/6/2020,199,27,226
Ventura,12/6/2020,122,11,133
Stanislaus,12/6/2020,209,12,221
Butte,12/6/2020,51,0,51
Tehama,12/6/2020,10,0,10
Mariposa,12/6/2020,2,0,2
Kern,12/6/2020,207,2,209
Mendocino,12/6/2020,7,0,7
Tuolumne,12/6/2020,9,0,9
Alameda,12/6/2020,226,40,266
Yuba,12/6/2020,46,0,46
Modoc,12/6/2020,1,0,1
Santa Barbara,12/6/2020,59,2,61
Marin,12/6/2020,20,0,20
Santa Clara,12/6/2020,354,14,368
Calaveras,12/6/2020,2,0,2
Plumas,12/6/2020,0,0,0
San Bernardino,12/6/2020,984,76,1060
Sutter,12/6/2020,0,0,0
Madera,12/6/2020,27,9,36
Mono,12/6/2020,0,0,0
Merced,12/7/2020,37,0,37
San Luis Obispo,12/7/2020,12,3,15
Fresno,12/7/2020,420,35,455
Ventura,12/7/2020,128,8,136
Solano,12/7/2020,67,8,75
Nevada,12/7/2020,18,0,18
Mono,12/7/2020,0,0,0
Inyo,12/7/2020,3,0,3
San Joaquin,12/7/2020,199,9,208
Tehama,12/7/2020,12,0,12
Santa Cruz,12/7/2020,49,0,49
Tuolumne,12/7/2020,7,0,7
Los Angeles,12/7/2020,3299,354,3653
Lake,12/7/2020,2,0,2
Modoc,12/7/2020,0,0,0
Amador,12/7/2020,7,0,7
Placer,12/7/2020,149,13,162
Glenn,12/7/2020,5,0,5
Mariposa,12/7/2020,2,0,2
Kings,12/7/2020,75,2,77
Contra Costa,12/7/2020,140,16,156
San Mateo,12/7/2020,83,12,95
Orange,12/7/2020,946,78,1024
Del Norte,12/7/2020,1,0,1
Yuba,12/7/2020,42,0,42
Santa Clara,12/7/2020,376,22,398
Madera,12/7/2020,24,12,36
Alameda,12/7/2020,232,36,268
Butte,12/7/2020,54,1,55
Lassen,12/7/2020,6,0,6
Siskiyou,12/7/2020,13,0,13
Plumas,12/7/2020,0,0,0
Sonoma,12/7/2020,47,3,50
Sutter,12/7/2020,0,0,0
San Benito,12/7/2020,7,0,7
Calaveras,12/7/2020,1,0,1
Tulare,12/7/2020,126,9,135
Yolo,12/7/2020,23,0,23
San Bernardino,12/7/2020,996,104,1100
San Francisco,12/7/2020,117,6,123
Colusa,12/7/2020,8,1,9
Marin,12/7/2020,17,3,20
Santa Barbara,12/7/2020,64,0,64
Shasta,12/7/2020,46,0,46
Riverside,12/7/2020,733,115,848
Sacramento,12/7/2020,385,27,412
Stanislaus,12/7/2020,231,13,244
El Dorado,12/7/2020,20,1,21
Humboldt,12/7/2020,8,1,9
Imperial,12/7/2020,121,1,122
Kern,12/7/2020,216,8,224
San Diego,12/7/2020,867,41,908
Monterey,12/7/2020,105,1,106
Mendocino,12/7/2020,9,0,9
Trinity,12/7/2020,0,0,0
Napa,12/7/2020,12,1,13
San Diego,12/8/2020,874,59,933
Kings,12/8/2020,80,2,82
Santa Barbara,12/8/2020,64,3,67
Stanislaus,12/8/2020,247,13,260
Imperial,12/8/2020,121,1,122
Contra Costa,12/8/2020,143,16,159
Los Angeles,12/8/2020,3433,337,3770
Lassen,12/8/2020,5,0,5
Fresno,12/8/2020,454,38,492
Nevada,12/8/2020,14,0,14
Madera,12/8/2020,27,10,37
Yuba,12/8/2020,45,0,45
Santa Clara,12/8/2020,392,21,413
Mendocino,12/8/2020,7,0,7
Riverside,12/8/2020,768,127,895
Alameda,12/8/2020,242,38,280
Humboldt,12/8/2020,6,1,7
Shasta,12/8/2020,44,2,46
San Bernardino,12/8/2020,1053,87,1140
Sutter,12/8/2020,0,0,0
San Benito,12/8/2020,7,0,7
Monterey,12/8/2020,112,1,113
Modoc,12/8/2020,0,0,0
Lake,12/8/2020,4,0,4
Solano,12/8/2020,74,14,88
Napa,12/8/2020,15,1,16
Placer,12/8/2020,158,17,175
Sonoma,12/8/2020,51,9,60
Plumas,12/8/2020,1,0,1
Calaveras,12/8/2020,1,0,1
Santa Cruz,12/8/2020,48,0,48
Mariposa,12/8/2020,3,0,3
Siskiyou,12/8/2020,13,0,13
Glenn,12/8/2020,5,0,5
Mono,12/8/2020,0,0,0
Del Norte,12/8/2020,3,0,3
Yolo,12/8/2020,26,0,26
Tuolumne,12/8/2020,6,0,6
San Luis Obispo,12/8/2020,15,0,15
San Mateo,12/8/2020,87,10,97
Marin,12/8/2020,20,4,24
Tehama,12/8/2020,17,0,17
Merced,12/8/2020,37,0,37
Trinity,12/8/2020,0,0,0
Inyo,12/8/2020,3,0,3
Sacramento,12/8/2020,398,24,422
Tulare,12/8/2020,128,13,141
San Joaquin,12/8/2020,218,9,227
Kern,12/8/2020,225,4,229
Orange,12/8/2020,974,80,1054
Butte,12/8/2020,63,3,66
El Dorado,12/8/2020,24,0,24
Colusa,12/8/2020,4,0,4
San Francisco,12/8/2020,115,5,120
Ventura,12/8/2020,131,4,135
Amador,12/8/2020,7,0,7
Colusa,12/9/2020,2,1,3
Calaveras,12/9/2020,2,0,2
Ventura,12/9/2020,145,7,152
Yolo,12/9/2020,24,0,24
Del Norte,12/9/2020,3,0,3
Santa Barbara,12/9/2020,72,3,75
Humboldt,12/9/2020,3,1,4
San Mateo,12/9/2020,96,14,110
San Joaquin,12/9/2020,225,13,238
Tuolumne,12/9/2020,7,0,7
Contra Costa,12/9/2020,164,5,169
Lake,12/9/2020,4,0,4
Solano,12/9/2020,82,16,98
Imperial,12/9/2020,127,0,127
Mono,12/9/2020,1,0,1
Plumas,12/9/2020,1,0,1
Merced,12/9/2020,41,0,41
Madera,12/9/2020,31,12,43
Sutter,12/9/2020,0,0,0
San Benito,12/9/2020,6,0,6
Inyo,12/9/2020,3,0,3
Fresno,12/9/2020,460,31,491
Mendocino,12/9/2020,9,0,9
Tulare,12/9/2020,138,12,150
San Bernardino,12/9/2020,1094,92,1186
Mariposa,12/9/2020,2,0,2
Marin,12/9/2020,29,4,33
Orange,12/9/2020,1025,68,1093
San Diego,12/9/2020,905,50,955
Modoc,12/9/2020,0,0,0
Alameda,12/9/2020,254,47,301
Monterey,12/9/2020,114,1,115
Santa Cruz,12/9/2020,47,0,47
Nevada,12/9/2020,13,0,13
Lassen,12/9/2020,2,0,2
Siskiyou,12/9/2020,11,0,11
Los Angeles,12/9/2020,3624,370,3994
Amador,12/9/2020,9,0,9
Riverside,12/9/2020,775,132,907
Placer,12/9/2020,166,17,183
Butte,12/9/2020,62,3,65
Kings,12/9/2020,73,1,74
Sacramento,12/9/2020,398,24,422
El Dorado,12/9/2020,25,0,25
Glenn,12/9/2020,5,0,5
Yuba,12/9/2020,49,0,49
Kern,12/9/2020,229,9,238
Stanislaus,12/9/2020,258,12,270
Sonoma,12/9/2020,60,5,65
Trinity,12/9/2020,0,0,0
Santa Clara,12/9/2020,411,22,433
Tehama,12/9/2020,13,0,13
San Francisco,12/9/2020,121,6,127
Shasta,12/9/2020,46,0,46
San Luis Obispo,12/9/2020,17,1,18
Napa,12/9/2020,14,1,15
Orange,12/10/2020,1122,50,1172
San Benito,12/10/2020,10,0,10
Merced,12/10/2020,39,0,39
Kings,12/10/2020,77,0,77
Sacramento,12/10/2020,422,15,437
El Dorado,12/10/2020,25,0,25
Stanislaus,12/10/2020,268,8,276
San Francisco,12/10/2020,118,1,119
Yuba,12/10/2020,49,0,49
San Mateo,12/10/2020,98,14,112
Trinity,12/10/2020,0,0,0
Shasta,12/10/2020,49,0,49
San Bernardino,12/10/2020,1132,109,1241
Marin,12/10/2020,25,5,30
Inyo,12/10/2020,3,1,4
Glenn,12/10/2020,5,0,5
Colusa,12/10/2020,3,1,4
Alameda,12/10/2020,278,34,312
Sutter,12/10/2020,0,0,0
Calaveras,12/10/2020,3,0,3
Yolo,12/10/2020,24,0,24
Placer,12/10/2020,176,18,194
Siskiyou,12/10/2020,11,0,11
Tuolumne,12/10/2020,8,0,8
Lake,12/10/2020,4,0,4
Santa Clara,12/10/2020,419,19,438
Imperial,12/10/2020,127,0,127
Napa,12/10/2020,14,1,15
Riverside,12/10/2020,809,141,950
Humboldt,12/10/2020,4,1,5
Los Angeles,12/10/2020,3850,323,4173
Mendocino,12/10/2020,7,0,7
Ventura,12/10/2020,146,12,158
Plumas,12/10/2020,2,0,2
Tulare,12/10/2020,136,5,141
San Diego,12/10/2020,902,61,963
Nevada,12/10/2020,18,2,20
Madera,12/10/2020,31,5,36
Contra Costa,12/10/2020,156,8,164
Modoc,12/10/2020,0,0,0
Sonoma,12/10/2020,68,9,77
Mono,12/10/2020,1,0,1
Santa Barbara,12/10/2020,73,3,76
Butte,12/10/2020,61,3,64
Mariposa,12/10/2020,2,0,2
Del Norte,12/10/2020,2,0,2
Amador,12/10/2020,9,0,9
Kern,12/10/2020,236,11,247
Monterey,12/10/2020,119,3,122
Lassen,12/10/2020,2,0,2
Santa Cruz,12/10/2020,45,0,45
Solano,12/10/2020,88,14,102
Fresno,12/10/2020,472,41,513
San Joaquin,12/10/2020,233,8,241
Tehama,12/10/2020,13,0,13
San Luis Obispo,12/10/2020,19,1,20
Madera,12/11/2020,28,4,32
Sacramento,12/11/2020,433,20,453
Riverside,12/11/2020,855,149,1004
Fresno,12/11/2020,462,29,491
Merced,12/11/2020,45,0,45
Yolo,12/11/2020,24,0,24
Butte,12/11/2020,66,3,69
San Luis Obispo,12/11/2020,19,0,19
Mendocino,12/11/2020,7,0,7
Tulare,12/11/2020,174,9,183
Amador,12/11/2020,10,0,10
San Diego,12/11/2020,928,73,1001
Placer,12/11/2020,176,18,194
Shasta,12/11/2020,60,0,60
San Joaquin,12/11/2020,247,9,256
San Benito,12/11/2020,8,0,8
Tuolumne,12/11/2020,8,0,8
Orange,12/11/2020,1150,76,1226
Stanislaus,12/11/2020,287,8,295
Mono,12/11/2020,1,0,1
Monterey,12/11/2020,124,3,127
Imperial,12/11/2020,124,0,124
Colusa,12/11/2020,3,1,4
Trinity,12/11/2020,0,0,0
San Mateo,12/11/2020,103,9,112
Solano,12/11/2020,91,12,103
Lassen,12/11/2020,4,0,4
Marin,12/11/2020,26,4,30
Inyo,12/11/2020,4,1,5
Plumas,12/11/2020,1,0,1
Tehama,12/11/2020,11,0,11
El Dorado,12/11/2020,26,1,27
Alameda,12/11/2020,281,36,317
Santa Clara,12/11/2020,431,19,450
Santa Cruz,12/11/2020,48,0,48
Sutter,12/11/2020,0,0,0
Nevada,12/11/2020,17,2,19
Glenn,12/11/2020,5,0,5
Humboldt,12/11/2020,4,0,4
Santa Barbara,12/11/2020,75,0,75
Contra Costa,12/11/2020,155,11,166
Napa,12/11/2020,18,1,19
Ventura,12/11/2020,152,11,163
Kern,12/11/2020,248,5,253
Siskiyou,12/11/2020,9,0,9
Kings,12/11/2020,73,0,73
San Francisco,12/11/2020,127,8,135
San Bernardino,12/11/2020,1154,86,1240
Lake,12/11/2020,5,0,5
Los Angeles,12/11/2020,4009,353,4362
Mariposa,12/11/2020,2,0,2
Sonoma,12/11/2020,70,5,75
Modoc,12/11/2020,0,0,0
Yuba,12/11/2020,50,0,50
Del Norte,12/11/2020,2,0,2
Calaveras,12/11/2020,4,0,4
Mendocino,12/12/2020,7,0,7
Kings,12/12/2020,77,0,77
Alameda,12/12/2020,286,34,320
Marin,12/12/2020,25,5,30
Contra Costa,12/12/2020,173,13,186
Mariposa,12/12/2020,2,0,2
Inyo,12/12/2020,5,1,6
Stanislaus,12/12/2020,299,8,307
Glenn,12/12/2020,5,0,5
Nevada,12/12/2020,18,2,20
Sutter,12/12/2020,0,0,0
Mono,12/12/2020,1,0,1
Orange,12/12/2020,1236,71,1307
Los Angeles,12/12/2020,4203,365,4568
Tehama,12/12/2020,12,0,12
Ventura,12/12/2020,173,11,184
San Diego,12/12/2020,976,61,1037
Del Norte,12/12/2020,2,0,2
Imperial,12/12/2020,135,0,135
Lassen,12/12/2020,4,0,4
Santa Barbara,12/12/2020,78,1,79
Butte,12/12/2020,65,1,66
Madera,12/12/2020,32,6,38
Calaveras,12/12/2020,5,0,5
Solano,12/12/2020,94,10,104
Siskiyou,12/12/2020,8,0,8
Colusa,12/12/2020,2,0,2
San Mateo,12/12/2020,102,9,111
San Joaquin,12/12/2020,262,8,270
San Francisco,12/12/2020,130,4,134
Modoc,12/12/2020,1,0,1
Santa Cruz,12/12/2020,52,0,52
Tulare,12/12/2020,176,6,182
Monterey,12/12/2020,120,6,126
El Dorado,12/12/2020,25,1,26
San Bernardino,12/12/2020,1234,88,1322
Humboldt,12/12/2020,4,1,5
San Benito,12/12/2020,9,0,9
Napa,12/12/2020,18,0,18
San Luis Obispo,12/12/2020,25,3,28
Kern,12/12/2020,273,9,282
Riverside,12/12/2020,901,95,996
Yolo,12/12/2020,8,0,8
Santa Clara,12/12/2020,451,14,465
Tuolumne,12/12/2020,7,0,7
Plumas,12/12/2020,1,0,1
Shasta,12/12/2020,61,2,63
Sacramento,12/12/2020,456,19,475
Trinity,12/12/2020,0,0,0
Sonoma,12/12/2020,65,6,71
Amador,12/12/2020,11,0,11
Fresno,12/12/2020,450,39,489
Lake,12/12/2020,4,0,4
Yuba,12/12/2020,62,1,63
Merced,12/12/2020,43,0,43
Placer,12/12/2020,173,13,186
Marin,12/13/2020,26,5,31
Sonoma,12/13/2020,70,10,80
Tehama,12/13/2020,11,0,11
Mendocino,12/13/2020,14,0,14
San Joaquin,12/13/2020,277,8,285
El Dorado,12/13/2020,27,2,29
Lassen,12/13/2020,6,0,6
Modoc,12/13/2020,0,0,0
Alameda,12/13/2020,302,47,349
San Luis Obispo,12/13/2020,32,1,33
Siskiyou,12/13/2020,8,0,8
Yuba,12/13/2020,62,2,64
Ventura,12/13/2020,181,11,192
San Diego,12/13/2020,994,40,1034
Kings,12/13/2020,75,0,75
Placer,12/13/2020,182,10,192
Glenn,12/13/2020,5,0,5
Santa Barbara,12/13/2020,89,1,90
Shasta,12/13/2020,65,1,66
San Francisco,12/13/2020,139,4,143
Sutter,12/13/2020,0,0,0
Mariposa,12/13/2020,0,0,0
Riverside,12/13/2020,930,110,1040
Calaveras,12/13/2020,7,0,7
Los Angeles,12/13/2020,4403,372,4775
Solano,12/13/2020,103,10,113
Amador,12/13/2020,13,0,13
Monterey,12/13/2020,127,6,133
Napa,12/13/2020,20,0,20
Merced,12/13/2020,41,0,41
Colusa,12/13/2020,3,0,3
San Bernardino,12/13/2020,1277,87,1364
Humboldt,12/13/2020,4,3,7
Kern,12/13/2020,295,6,301
Nevada,12/13/2020,18,2,20
Stanislaus,12/13/2020,317,13,330
Inyo,12/13/2020,6,1,7
Contra Costa,12/13/2020,177,17,194
Tulare,12/13/2020,178,4,182
Del Norte,12/13/2020,3,0,3
Orange,12/13/2020,1287,71,1358
Santa Cruz,12/13/2020,53,0,53
San Benito,12/13/2020,11,0,11
Lake,12/13/2020,4,0,4
Madera,12/13/2020,34,0,34
San Mateo,12/13/2020,105,10,115
Trinity,12/13/2020,0,0,0
Fresno,12/13/2020,458,49,507
Imperial,12/13/2020,143,0,143
Plumas,12/13/2020,1,0,1
Santa Clara,12/13/2020,480,23,503
Sacramento,12/13/2020,463,17,480
Tuolumne,12/13/2020,7,0,7
Butte,12/13/2020,77,0,77
Yolo,12/13/2020,24,0,24
Mono,12/13/2020,1,0,1
Los Angeles,12/14/2020,4656,314,4970
Marin,12/14/2020,30,3,33
Alameda,12/14/2020,330,44,374
Orange,12/14/2020,1371,89,1460
Kings,12/14/2020,75,0,75
Nevada,12/14/2020,18,1,19
Del Norte,12/14/2020,1,0,1
Merced,12/14/2020,41,0,41
San Benito,12/14/2020,11,0,11
Napa,12/14/2020,19,1,20
San Diego,12/14/2020,1019,63,1082
Tulare,12/14/2020,178,4,182
Kern,12/14/2020,284,4,288
Contra Costa,12/14/2020,185,15,200
San Joaquin,12/14/2020,293,8,301
El Dorado,12/14/2020,29,1,30
Amador,12/14/2020,13,0,13
Lake,12/14/2020,5,0,5
Butte,12/14/2020,77,0,77
San Luis Obispo,12/14/2020,32,0,32
San Bernardino,12/14/2020,1319,96,1415
Sonoma,12/14/2020,76,4,80
Mendocino,12/14/2020,15,0,15
San Mateo,12/14/2020,111,10,121
Mariposa,12/14/2020,0,0,0
Solano,12/14/2020,107,13,120
Ventura,12/14/2020,210,10,220
Trinity,12/14/2020,0,0,0
Santa Cruz,12/14/2020,57,0,57
Glenn,12/14/2020,5,0,5
Santa Barbara,12/14/2020,91,0,91
Santa Clara,12/14/2020,511,27,538
Imperial,12/14/2020,151,0,151
Plumas,12/14/2020,1,0,1
Madera,12/14/2020,35,3,38
San Francisco,12/14/2020,150,3,153
Fresno,12/14/2020,491,37,528
Tuolumne,12/14/2020,4,0,4
Monterey,12/14/2020,133,7,140
Riverside,12/14/2020,972,106,1078
Tehama,12/14/2020,12,0,12
Sutter,12/14/2020,0,0,0
Siskiyou,12/14/2020,4,1,5
Sacramento,12/14/2020,473,21,494
Yolo,12/14/2020,26,0,26
Colusa,12/14/2020,3,0,3
Mono,12/14/2020,1,0,1
Shasta,12/14/2020,60,0,60
Calaveras,12/14/2020,6,0,6
Inyo,12/14/2020,5,1,6
Lassen,12/14/2020,4,0,4
Placer,12/14/2020,184,11,195
Stanislaus,12/14/2020,334,14,348
Modoc,12/14/2020,0,0,0
Yuba,12/14/2020,61,1,62
Humboldt,12/14/2020,4,3,7
Orange,12/15/2020,1486,81,1567
Siskiyou,12/15/2020,6,1,7
San Bernardino,12/15/2020,1413,92,1505
Del Norte,12/15/2020,1,0,1
San Luis Obispo,12/15/2020,34,2,36
Riverside,12/15/2020,1000,116,1116
Placer,12/15/2020,187,11,198
Marin,12/15/2020,34,2,36
Los Angeles,12/15/2020,4864,344,5208
Monterey,12/15/2020,148,4,152
Merced,12/15/2020,46,0,46
Sacramento,12/15/2020,470,22,492
Modoc,12/15/2020,0,0,0
Calaveras,12/15/2020,6,0,6
Lassen,12/15/2020,6,0,6
Amador,12/15/2020,15,0,15
Sutter,12/15/2020,0,0,0
Tehama,12/15/2020,13,0,13
San Diego,12/15/2020,1103,70,1173
Santa Barbara,12/15/2020,90,2,92
Mendocino,12/15/2020,16,0,16
Madera,12/15/2020,36,11,47
Stanislaus,12/15/2020,334,20,354
Santa Clara,12/15/2020,535,18,553
Tulare,12/15/2020,173,7,180
Ventura,12/15/2020,226,7,233
Plumas,12/15/2020,2,0,2
Solano,12/15/2020,121,11,132
Yolo,12/15/2020,27,0,27
Alameda,12/15/2020,332,45,377
Kings,12/15/2020,79,0,79
San Francisco,12/15/2020,141,3,144
Butte,12/15/2020,84,0,84
Sonoma,12/15/2020,66,3,69
Colusa,12/15/2020,4,0,4
Nevada,12/15/2020,20,0,20
Kern,12/15/2020,296,3,299
Imperial,12/15/2020,163,1,164
Napa,12/15/2020,18,0,18
El Dorado,12/15/2020,32,1,33
San Mateo,12/15/2020,110,14,124
Contra Costa,12/15/2020,188,9,197
San Benito,12/15/2020,12,0,12
Inyo,12/15/2020,7,0,7
Glenn,12/15/2020,5,0,5
Fresno,12/15/2020,491,40,531
Lake,12/15/2020,7,0,7
Shasta,12/15/2020,65,0,65
Humboldt,12/15/2020,4,3,7
Santa Cruz,12/15/2020,54,0,54
Trinity,12/15/2020,0,0,0
San Joaquin,12/15/2020,305,4,309
Yuba,12/15/2020,59,0,59
Tuolumne,12/15/2020,3,0,3
Mariposa,12/15/2020,0,0,0
Mono,12/15/2020,2,0,2
Santa Barbara,12/16/2020,97,5,102
Fresno,12/16/2020,527,30,557
Tuolumne,12/16/2020,3,0,3
Humboldt,12/16/2020,6,3,9
Contra Costa,12/16/2020,196,10,206
Riverside,12/16/2020,1054,85,1139
Sonoma,12/16/2020,65,2,67
Glenn,12/16/2020,5,0,5
San Joaquin,12/16/2020,315,8,323
Yolo,12/16/2020,24,0,24
Amador,12/16/2020,13,0,13
Tehama,12/16/2020,11,0,11
Sacramento,12/16/2020,478,31,509
Merced,12/16/2020,59,0,59
Orange,12/16/2020,1519,96,1615
El Dorado,12/16/2020,28,0,28
San Luis Obispo,12/16/2020,34,1,35
San Bernardino,12/16/2020,1458,127,1585
Lake,12/16/2020,4,0,4
Monterey,12/16/2020,145,2,147
Trinity,12/16/2020,0,0,0
Shasta,12/16/2020,72,0,72
Colusa,12/16/2020,5,0,5
Solano,12/16/2020,105,16,121
Del Norte,12/16/2020,1,0,1
Mariposa,12/16/2020,0,0,0
Kern,12/16/2020,303,8,311
Alameda,12/16/2020,336,39,375
Placer,12/16/2020,179,9,188
San Benito,12/16/2020,12,0,12
Napa,12/16/2020,22,1,23
Modoc,12/16/2020,0,0,0
Mono,12/16/2020,2,0,2
Marin,12/16/2020,35,3,38
Plumas,12/16/2020,4,0,4
Calaveras,12/16/2020,4,0,4
Kings,12/16/2020,75,0,75
Siskiyou,12/16/2020,9,0,9
Santa Cruz,12/16/2020,58,0,58
Tulare,12/16/2020,173,9,182
San Mateo,12/16/2020,116,13,129
Madera,12/16/2020,40,9,49
Sutter,12/16/2020,0,0,0
Inyo,12/16/2020,7,0,7
Ventura,12/16/2020,230,11,241
Mendocino,12/16/2020,14,0,14
Butte,12/16/2020,86,1,87
San Diego,12/16/2020,1126,60,1186
Imperial,12/16/2020,165,0,165
Nevada,12/16/2020,18,0,18
Lassen,12/16/2020,7,0,7
Los Angeles,12/16/2020,5100,366,5466
Yuba,12/16/2020,53,1,54
Santa Clara,12/16/2020,559,26,585
San Francisco,12/16/2020,140,3,143
Stanislaus,12/16/2020,334,20,354
Inyo,12/17/2020,9,0,9
Lassen,12/17/2020,6,0,6
Calaveras,12/17/2020,4,0,4
Humboldt,12/17/2020,7,4,11
San Benito,12/17/2020,13,0,13
Placer,12/17/2020,184,11,195
Del Norte,12/17/2020,1,0,1
Ventura,12/17/2020,240,19,259
Tehama,12/17/2020,8,0,8
Sutter,12/17/2020,0,0,0
Monterey,12/17/2020,151,2,153
El Dorado,12/17/2020,25,0,25
Fresno,12/17/2020,553,39,592
San Francisco,12/17/2020,152,9,161
Los Angeles,12/17/2020,5424,339,5763
Mendocino,12/17/2020,13,0,13
Colusa,12/17/2020,5,0,5
Nevada,12/17/2020,17,0,17
Kings,12/17/2020,77,0,77
Solano,12/17/2020,106,19,125
Sonoma,12/17/2020,70,3,73
Yuba,12/17/2020,54,0,54
Trinity,12/17/2020,0,0,0
Santa Clara,12/17/2020,561,27,588
Marin,12/17/2020,31,2,33
Orange,12/17/2020,1557,78,1635
Santa Cruz,12/17/2020,59,0,59
Alameda,12/17/2020,352,50,402
San Bernardino,12/17/2020,1492,100,1592
Glenn,12/17/2020,5,0,5
Shasta,12/17/2020,70,4,74
Santa Barbara,12/17/2020,98,5,103
San Luis Obispo,12/17/2020,35,1,36
Napa,12/17/2020,22,2,24
Lake,12/17/2020,6,0,6
Yolo,12/17/2020,23,0,23
Butte,12/17/2020,84,0,84
Kern,12/17/2020,315,5,320
San Diego,12/17/2020,1164,55,1219
Riverside,12/17/2020,1092,94,1186
Madera,12/17/2020,42,2,44
Mono,12/17/2020,1,0,1
Tulare,12/17/2020,177,6,183
Stanislaus,12/17/2020,340,14,354
San Joaquin,12/17/2020,313,10,323
Mariposa,12/17/2020,0,0,0
Tuolumne,12/17/2020,6,0,6
Merced,12/17/2020,58,0,58
Modoc,12/17/2020,0,0,0
Contra Costa,12/17/2020,197,15,212
Amador,12/17/2020,13,0,13
Siskiyou,12/17/2020,7,0,7
Imperial,12/17/2020,174,0,174
Sacramento,12/17/2020,471,22,493
Plumas,12/17/2020,6,0,6
San Mateo,12/17/2020,129,9,138
San Luis Obispo,12/18/2020,38,1,39
Sonoma,12/18/2020,75,2,77
Plumas,12/18/2020,5,0,5
Santa Clara,12/18/2020,592,25,617
San Joaquin,12/18/2020,323,11,334
Placer,12/18/2020,190,14,204
Glenn,12/18/2020,5,0,5
Amador,12/18/2020,12,0,12
Orange,12/18/2020,1601,74,1675
Kern,12/18/2020,312,5,317
Calaveras,12/18/2020,5,0,5
Mendocino,12/18/2020,13,0,13
Tehama,12/18/2020,8,0,8
Merced,12/18/2020,58,0,58
Lassen,12/18/2020,6,0,6
Inyo,12/18/2020,10,0,10
Sacramento,12/18/2020,486,22,508
Madera,12/18/2020,38,2,40
Alameda,12/18/2020,353,49,402
Santa Cruz,12/18/2020,58,0,58
Shasta,12/18/2020,67,4,71
Nevada,12/18/2020,17,1,18
Marin,12/18/2020,29,2,31
Los Angeles,12/18/2020,5549,323,5872
Solano,12/18/2020,109,16,125
Santa Barbara,12/18/2020,102,5,107
Yuba,12/18/2020,54,0,54
Trinity,12/18/2020,0,0,0
Riverside,12/18/2020,1169,88,1257
Stanislaus,12/18/2020,352,10,362
San Diego,12/18/2020,1204,49,1253
Del Norte,12/18/2020,2,0,2
San Benito,12/18/2020,12,0,12
San Francisco,12/18/2020,153,9,162
Tulare,12/18/2020,185,8,193
Humboldt,12/18/2020,9,1,10
San Mateo,12/18/2020,139,14,153
Lake,12/18/2020,8,0,8
Kings,12/18/2020,77,0,77
Modoc,12/18/2020,0,0,0
Ventura,12/18/2020,243,13,256
Contra Costa,12/18/2020,223,12,235
Fresno,12/18/2020,565,33,598
Mariposa,12/18/2020,0,0,0
San Bernardino,12/18/2020,1508,137,1645
Imperial,12/18/2020,179,0,179
Colusa,12/18/2020,5,0,5
Sutter,12/18/2020,0,0,0
Siskiyou,12/18/2020,6,0,6
Tuolumne,12/18/2020,6,0,6
Yolo,12/18/2020,23,0,23
El Dorado,12/18/2020,22,0,22
Napa,12/18/2020,22,1,23
Butte,12/18/2020,74,0,74
Monterey,12/18/2020,164,2,166
Mono,12/18/2020,0,0,0
Imperial,12/19/2020,199,0,199
Calaveras,12/19/2020,5,0,5
San Diego,12/19/2020,1211,53,1264
San Benito,12/19/2020,12,0,12
Sutter,12/19/2020,0,0,0
San Francisco,12/19/2020,164,6,170
Napa,12/19/2020,19,0,19
Lake,12/19/2020,10,0,10
Santa Clara,12/19/2020,592,22,614
Nevada,12/19/2020,17,3,20
Stanislaus,12/19/2020,343,11,354
Orange,12/19/2020,1682,75,1757
Yolo,12/19/2020,23,1,24
Placer,12/19/2020,189,12,201
Mariposa,12/19/2020,0,0,0
Siskiyou,12/19/2020,8,0,8
Sonoma,12/19/2020,71,3,74
Mendocino,12/19/2020,8,0,8
Santa Cruz,12/19/2020,59,0,59
Merced,12/19/2020,61,0,61
Riverside,12/19/2020,1178,102,1280
Tulare,12/19/2020,184,2,186
Inyo,12/19/2020,10,0,10
San Mateo,12/19/2020,136,11,147
Yuba,12/19/2020,57,0,57
Tehama,12/19/2020,9,0,9
Shasta,12/19/2020,60,1,61
Contra Costa,12/19/2020,228,11,239
Del Norte,12/19/2020,2,0,2
Plumas,12/19/2020,5,0,5
Alameda,12/19/2020,359,42,401
Modoc,12/19/2020,0,0,0
Solano,12/19/2020,114,19,133
San Bernardino,12/19/2020,1508,126,1634
El Dorado,12/19/2020,21,0,21
Santa Barbara,12/19/2020,105,3,108
Butte,12/19/2020,90,0,90
Fresno,12/19/2020,575,30,605
Mono,12/19/2020,0,0,0
Marin,12/19/2020,22,4,26
Sacramento,12/19/2020,477,25,502
Trinity,12/19/2020,0,0,0
Kings,12/19/2020,92,0,92
Madera,12/19/2020,40,4,44
Lassen,12/19/2020,5,0,5
Kern,12/19/2020,331,6,337
Monterey,12/19/2020,171,2,173
Colusa,12/19/2020,6,0,6
Los Angeles,12/19/2020,5709,309,6018
San Joaquin,12/19/2020,338,9,347
Ventura,12/19/2020,265,14,279
Tuolumne,12/19/2020,10,0,10
Humboldt,12/19/2020,7,1,8
Glenn,12/19/2020,5,0,5
San Luis Obispo,12/19/2020,40,0,40
Amador,12/19/2020,11,0,11
San Joaquin,12/20/2020,333,6,339
Butte,12/20/2020,88,1,89
Imperial,12/20/2020,198,0,198
San Benito,12/20/2020,15,0,15
Fresno,12/20/2020,569,29,598
Tehama,12/20/2020,10,0,10
Mono,12/20/2020,0,0,0
Sutter,12/20/2020,0,0,0
Mendocino,12/20/2020,10,0,10
San Luis Obispo,12/20/2020,39,0,39
Del Norte,12/20/2020,2,0,2
Siskiyou,12/20/2020,8,0,8
Tuolumne,12/20/2020,11,0,11
Mariposa,12/20/2020,0,0,0
Colusa,12/20/2020,6,0,6
Marin,12/20/2020,26,4,30
Amador,12/20/2020,8,1,9
Los Angeles,12/20/2020,5866,358,6224
Trinity,12/20/2020,0,0,0
Contra Costa,12/20/2020,236,14,250
El Dorado,12/20/2020,21,1,22
Nevada,12/20/2020,21,2,23
Madera,12/20/2020,34,4,38
Lake,12/20/2020,8,0,8
Shasta,12/20/2020,60,0,60
Inyo,12/20/2020,10,0,10
San Diego,12/20/2020,1248,46,1294
Riverside,12/20/2020,1239,94,1333
Sacramento,12/20/2020,493,262,755
Yolo,12/20/2020,26,1,27
Humboldt,12/20/2020,7,3,10
Sonoma,12/20/2020,66,3,69
Yuba,12/20/2020,58,0,58
Kern,12/20/2020,326,3,329
Napa,12/20/2020,18,0,18
Santa Clara,12/20/2020,599,24,623
Tulare,12/20/2020,196,8,204
Lassen,12/20/2020,5,0,5
Santa Cruz,12/20/2020,60,0,60
Glenn,12/20/2020,5,0,5
Plumas,12/20/2020,4,0,4
San Francisco,12/20/2020,170,5,175
Orange,12/20/2020,1709,72,1781
Alameda,12/20/2020,373,41,414
Ventura,12/20/2020,262,16,278
Calaveras,12/20/2020,6,0,6
Monterey,12/20/2020,166,2,168
Stanislaus,12/20/2020,346,9,355
Modoc,12/20/2020,0,0,0
Placer,12/20/2020,181,9,190
Santa Barbara,12/20/2020,103,6,109
Solano,12/20/2020,110,12,122
San Bernardino,12/20/2020,1545,125,1670
San Mateo,12/20/2020,133,8,141
Merced,12/20/2020,67,0,67
Kings,12/20/2020,90,0,90
San Bernardino,12/21/2020,1618,101,1719
San Mateo,12/21/2020,130,7,137
Stanislaus,12/21/2020,365,8,373
Santa Barbara,12/21/2020,113,5,118
San Diego,12/21/2020,1314,61,1375
Ventura,12/21/2020,273,8,281
Alameda,12/21/2020,373,38,411
Colusa,12/21/2020,12,0,12
Sonoma,12/21/2020,62,3,65
Sacramento,12/21/2020,500,262,762
Inyo,12/21/2020,10,0,10
Lassen,12/21/2020,5,0,5
Santa Clara,12/21/2020,599,25,624
El Dorado,12/21/2020,23,0,23
Modoc,12/21/2020,0,0,0
Napa,12/21/2020,20,0,20
San Luis Obispo,12/21/2020,44,1,45
Fresno,12/21/2020,587,28,615
Imperial,12/21/2020,194,1,195
Los Angeles,12/21/2020,6155,305,6460
Calaveras,12/21/2020,6,0,6
Humboldt,12/21/2020,6,3,9
Mono,12/21/2020,0,0,0
Yolo,12/21/2020,24,0,24
Amador,12/21/2020,8,0,8
Placer,12/21/2020,175,12,187
Contra Costa,12/21/2020,238,17,255
Yuba,12/21/2020,62,0,62
Plumas,12/21/2020,5,0,5
Tulare,12/21/2020,198,8,206
Solano,12/21/2020,118,16,134
Shasta,12/21/2020,57,0,57
Lake,12/21/2020,7,0,7
Del Norte,12/21/2020,2,0,2
Mendocino,12/21/2020,14,0,14
Glenn,12/21/2020,5,0,5
Nevada,12/21/2020,17,0,17
Santa Cruz,12/21/2020,60,0,60
Sutter,12/21/2020,0,0,0
Madera,12/21/2020,37,6,43
Trinity,12/21/2020,0,0,0
Kern,12/21/2020,348,7,355
Tehama,12/21/2020,10,0,10
Riverside,12/21/2020,1278,102,1380
San Joaquin,12/21/2020,328,7,335
San Francisco,12/21/2020,162,9,171
San Benito,12/21/2020,15,0,15
Butte,12/21/2020,95,0,95
Orange,12/21/2020,1806,72,1878
Kings,12/21/2020,87,0,87
Siskiyou,12/21/2020,9,0,9
Tuolumne,12/21/2020,10,0,10
Marin,12/21/2020,28,4,32
Monterey,12/21/2020,165,2,167
Mariposa,12/21/2020,0,0,0
Merced,12/21/2020,66,0,66
Calaveras,12/22/2020,8,0,8
Lake,12/22/2020,6,0,6
Riverside,12/22/2020,1322,69,1391
El Dorado,12/22/2020,26,0,26
Fresno,12/22/2020,560,30,590
Contra Costa,12/22/2020,237,16,253
Orange,12/22/2020,1854,61,1915
Madera,12/22/2020,43,4,47
Mendocino,12/22/2020,16,0,16
Ventura,12/22/2020,312,7,319
Sutter,12/22/2020,0,0,0
Modoc,12/22/2020,0,0,0
Stanislaus,12/22/2020,349,11,360
Los Angeles,12/22/2020,6499,321,6820
Plumas,12/22/2020,6,0,6
Del Norte,12/22/2020,2,0,2
Colusa,12/22/2020,12,0,12
Alameda,12/22/2020,388,40,428
San Francisco,12/22/2020,157,9,166
San Benito,12/22/2020,14,0,14
Mono,12/22/2020,0,0,0
Siskiyou,12/22/2020,6,0,6
Lassen,12/22/2020,6,0,6
Tulare,12/22/2020,202,10,212
Shasta,12/22/2020,59,0,59
Merced,12/22/2020,67,0,67
Trinity,12/22/2020,0,0,0
Monterey,12/22/2020,165,1,166
Napa,12/22/2020,21,0,21
San Mateo,12/22/2020,145,11,156
San Diego,12/22/2020,1340,70,1410
Santa Barbara,12/22/2020,123,3,126
Marin,12/22/2020,25,2,27
Santa Cruz,12/22/2020,65,0,65
Sonoma,12/22/2020,77,1,78
Yuba,12/22/2020,63,0,63
Imperial,12/22/2020,205,0,205
Placer,12/22/2020,185,18,203
Santa Clara,12/22/2020,618,28,646
San Joaquin,12/22/2020,323,15,338
Butte,12/22/2020,88,0,88
Sacramento,12/22/2020,518,21,539
Mariposa,12/22/2020,0,0,0
Solano,12/22/2020,137,16,153
San Bernardino,12/22/2020,1635,119,1754
San Luis Obispo,12/22/2020,49,1,50
Glenn,12/22/2020,5,0,5
Tehama,12/22/2020,13,0,13
Kings,12/22/2020,83,0,83
Inyo,12/22/2020,10,0,10
Nevada,12/22/2020,15,0,15
Kern,12/22/2020,342,3,345
Yolo,12/22/2020,25,18,43
Tuolumne,12/22/2020,7,0,7
Amador,12/22/2020,9,0,9
Humboldt,12/22/2020,6,8,14
Santa Barbara,12/23/2020,124,5,129
Kings,12/23/2020,83,0,83
Tuolumne,12/23/2020,10,0,10
Marin,12/23/2020,25,2,27
Trinity,12/23/2020,0,0,0
Kern,12/23/2020,328,10,338
San Mateo,12/23/2020,157,8,165
San Diego,12/23/2020,1404,62,1466
Humboldt,12/23/2020,5,5,10
El Dorado,12/23/2020,27,1,28
Siskiyou,12/23/2020,4,0,4
Nevada,12/23/2020,20,0,20
San Benito,12/23/2020,15,0,15
Mono,12/23/2020,0,0,0
Del Norte,12/23/2020,2,0,2
Inyo,12/23/2020,8,0,8
Shasta,12/23/2020,52,0,52
Santa Cruz,12/23/2020,63,0,63
Sutter,12/23/2020,0,0,0
Amador,12/23/2020,9,0,9
San Joaquin,12/23/2020,333,13,346
Plumas,12/23/2020,6,0,6
Mendocino,12/23/2020,14,0,14
Santa Clara,12/23/2020,635,22,657
Solano,12/23/2020,137,15,152
Los Angeles,12/23/2020,6708,292,7000
Alameda,12/23/2020,403,46,449
Modoc,12/23/2020,0,0,0
Placer,12/23/2020,193,17,210
Stanislaus,12/23/2020,342,12,354
Merced,12/23/2020,60,0,60
San Bernardino,12/23/2020,1642,107,1749
Orange,12/23/2020,1893,73,1966
San Luis Obispo,12/23/2020,48,2,50
Colusa,12/23/2020,17,0,17
Calaveras,12/23/2020,8,0,8
Monterey,12/23/2020,155,3,158
Yuba,12/23/2020,58,0,58
Fresno,12/23/2020,629,37,666
Madera,12/23/2020,45,9,54
Mariposa,12/23/2020,1,0,1
Napa,12/23/2020,20,0,20
Lake,12/23/2020,6,0,6
Sacramento,12/23/2020,512,22,534
Contra Costa,12/23/2020,243,14,257
Imperial,12/23/2020,197,0,197
Sonoma,12/23/2020,74,3,77
Yolo,12/23/2020,27,1,28
Lassen,12/23/2020,5,0,5
Butte,12/23/2020,81,0,81
Glenn,12/23/2020,14,0,14
Riverside,12/23/2020,1327,86,1413
Ventura,12/23/2020,319,14,333
Tehama,12/23/2020,15,0,15
San Francisco,12/23/2020,164,11,175
Tulare,12/23/2020,208,4,212
Los Angeles,12/24/2020,6770,286,7056
Modoc,12/24/2020,1,0,1
Solano,12/24/2020,129,12,141
Santa Barbara,12/24/2020,120,23,143
Mendocino,12/24/2020,13,2,15
Madera,12/24/2020,45,4,49
San Diego,12/24/2020,1405,64,1469
Sacramento,12/24/2020,475,19,494
San Luis Obispo,12/24/2020,47,1,48
Butte,12/24/2020,84,0,84
Contra Costa,12/24/2020,242,16,258
San Bernardino,12/24/2020,1641,90,1731
Mariposa,12/24/2020,1,0,1
Fresno,12/24/2020,621,29,650
Kings,12/24/2020,83,0,83
San Benito,12/24/2020,16,0,16
Monterey,12/24/2020,176,3,179
Amador,12/24/2020,10,0,10
San Francisco,12/24/2020,171,11,182
San Joaquin,12/24/2020,323,5,328
Placer,12/24/2020,192,19,211
Glenn,12/24/2020,14,0,14
Nevada,12/24/2020,21,0,21
Trinity,12/24/2020,0,0,0
Siskiyou,12/24/2020,5,0,5
Napa,12/24/2020,21,0,21
Stanislaus,12/24/2020,342,7,349
Plumas,12/24/2020,4,0,4
Orange,12/24/2020,1955,51,2006
Colusa,12/24/2020,17,0,17
San Mateo,12/24/2020,149,8,157
Sonoma,12/24/2020,78,3,81
Marin,12/24/2020,30,6,36
El Dorado,12/24/2020,25,0,25
Tuolumne,12/24/2020,6,0,6
Inyo,12/24/2020,9,0,9
Shasta,12/24/2020,45,3,48
Mono,12/24/2020,0,0,0
Santa Clara,12/24/2020,629,21,650
Santa Cruz,12/24/2020,67,2,69
Humboldt,12/24/2020,6,4,10
Yuba,12/24/2020,57,0,57
Lassen,12/24/2020,6,0,6
Yolo,12/24/2020,29,0,29
Lake,12/24/2020,6,0,6
Calaveras,12/24/2020,6,0,6
Del Norte,12/24/2020,2,0,2
Kern,12/24/2020,326,3,329
Tehama,12/24/2020,14,0,14
Sutter,12/24/2020,0,0,0
Merced,12/24/2020,54,0,54
Tulare,12/24/2020,198,7,205
Alameda,12/24/2020,385,37,422
Riverside,12/24/2020,1336,85,1421
Ventura,12/24/2020,333,13,346
Imperial,12/24/2020,197,0,197
Humboldt,12/25/2020,6,4,10
Santa Clara,12/25/2020,633,19,652
Siskiyou,12/25/2020,8,0,8
Mendocino,12/25/2020,12,0,12
Stanislaus,12/25/2020,349,11,360
Kings,12/25/2020,82,0,82
Riverside,12/25/2020,1335,85,1420
San Mateo,12/25/2020,142,6,148
Nevada,12/25/2020,22,0,22
El Dorado,12/25/2020,26,0,26
Ventura,12/25/2020,325,13,338
Alameda,12/25/2020,389,38,427
Los Angeles,12/25/2020,6815,309,7124
Monterey,12/25/2020,168,2,170
Santa Cruz,12/25/2020,68,2,70
Kern,12/25/2020,333,5,338
Mono,12/25/2020,0,0,0
Contra Costa,12/25/2020,249,16,265
Placer,12/25/2020,192,8,200
Tulare,12/25/2020,199,3,202
San Bernardino,12/25/2020,1625,95,1720
Sutter,12/25/2020,0,0,0
Inyo,12/25/2020,7,0,7
Merced,12/25/2020,49,0,49
San Luis Obispo,12/25/2020,46,3,49
Shasta,12/25/2020,43,4,47
Modoc,12/25/2020,1,0,1
Yuba,12/25/2020,60,2,62
Trinity,12/25/2020,0,0,0
Plumas,12/25/2020,3,0,3
Del Norte,12/25/2020,3,0,3
Imperial,12/25/2020,185,0,185
San Diego,12/25/2020,1416,41,1457
Amador,12/25/2020,7,1,8
Yolo,12/25/2020,25,47,72
Mariposa,12/25/2020,1,0,1
Tuolumne,12/25/2020,6,0,6
San Benito,12/25/2020,16,0,16
Tehama,12/25/2020,16,0,16
Glenn,12/25/2020,16,1,17
Solano,12/25/2020,133,11,144
Calaveras,12/25/2020,5,0,5
Orange,12/25/2020,1957,54,2011
Sonoma,12/25/2020,68,1,69
Napa,12/25/2020,22,0,22
Lassen,12/25/2020,6,0,6
Madera,12/25/2020,47,5,52
Butte,12/25/2020,91,0,91
Fresno,12/25/2020,617,23,640
Marin,12/25/2020,30,6,36
Sacramento,12/25/2020,473,20,493
Colusa,12/25/2020,14,0,14
San Joaquin,12/25/2020,316,11,327
Lake,12/25/2020,5,0,5
San Francisco,12/25/2020,164,5,169
Santa Barbara,12/25/2020,117,3,120
Santa Barbara,12/26/2020,121,4,125
El Dorado,12/26/2020,25,0,25
Shasta,12/26/2020,47,1,48
Yuba,12/26/2020,65,2,67
Tulare,12/26/2020,200,5,205
Sonoma,12/26/2020,70,0,70
Mariposa,12/26/2020,1,0,1
Tehama,12/26/2020,19,0,19
San Benito,12/26/2020,16,0,16
Stanislaus,12/26/2020,348,17,365
Los Angeles,12/26/2020,6914,303,7217
Siskiyou,12/26/2020,6,0,6
Ventura,12/26/2020,336,20,356
Kings,12/26/2020,88,0,88
San Diego,12/26/2020,1440,41,1481
Imperial,12/26/2020,174,2,176
Plumas,12/26/2020,3,0,3
Madera,12/26/2020,44,1,45
Yolo,12/26/2020,29,0,29
Placer,12/26/2020,192,11,203
Mono,12/26/2020,1,0,1
Butte,12/26/2020,100,0,100
Inyo,12/26/2020,9,0,9
Modoc,12/26/2020,1,0,1
Santa Cruz,12/26/2020,64,0,64
San Joaquin,12/26/2020,320,12,332
Fresno,12/26/2020,620,32,652
Humboldt,12/26/2020,5,2,7
Lake,12/26/2020,8,1,9
Contra Costa,12/26/2020,242,24,266
Orange,12/26/2020,1990,56,2046
Calaveras,12/26/2020,4,0,4
Trinity,12/26/2020,0,0,0
Merced,12/26/2020,51,0,51
Sacramento,12/26/2020,452,27,479
Lassen,12/26/2020,7,0,7
Solano,12/26/2020,141,9,150
San Bernardino,12/26/2020,1617,82,1699
Nevada,12/26/2020,21,1,22
San Mateo,12/26/2020,146,2,148
Colusa,12/26/2020,14,0,14
Napa,12/26/2020,23,3,26
Tuolumne,12/26/2020,6,0,6
Sutter,12/26/2020,0,0,0
Kern,12/26/2020,357,9,366
San Luis Obispo,12/26/2020,49,2,51
Alameda,12/26/2020,412,37,449
Mendocino,12/26/2020,14,0,14
Marin,12/26/2020,26,3,29
San Francisco,12/26/2020,172,3,175
Del Norte,12/26/2020,3,0,3
Monterey,12/26/2020,180,2,182
Riverside,12/26/2020,1382,89,1471
Amador,12/26/2020,9,0,9
Santa Clara,12/26/2020,637,18,655
Glenn,12/26/2020,16,1,17
Sutter,12/27/2020,0,0,0
Santa Cruz,12/27/2020,70,0,70
Trinity,12/27/2020,0,0,0
San Luis Obispo,12/27/2020,56,1,57
Amador,12/27/2020,9,0,9
Sacramento,12/27/2020,463,27,490
San Diego,12/27/2020,1481,45,1526
Inyo,12/27/2020,11,0,11
Marin,12/27/2020,24,4,28
Merced,12/27/2020,54,0,54
Placer,12/27/2020,201,14,215
Calaveras,12/27/2020,3,0,3
Kern,12/27/2020,375,9,384
Humboldt,12/27/2020,6,3,9
Butte,12/27/2020,84,0,84
San Joaquin,12/27/2020,327,11,338
Del Norte,12/27/2020,3,0,3
Glenn,12/27/2020,16,1,17
Yuba,12/27/2020,68,1,69
Orange,12/27/2020,2031,52,2083
Napa,12/27/2020,24,1,25
Tuolumne,12/27/2020,7,1,8
Modoc,12/27/2020,1,0,1
Kings,12/27/2020,90,0,90
San Mateo,12/27/2020,152,8,160
Mono,12/27/2020,1,0,1
Fresno,12/27/2020,625,41,666
Ventura,12/27/2020,341,17,358
Solano,12/27/2020,136,9,145
Colusa,12/27/2020,14,0,14
Tehama,12/27/2020,22,0,22
Nevada,12/27/2020,19,0,19
Plumas,12/27/2020,2,0,2
Santa Clara,12/27/2020,661,23,684
Los Angeles,12/27/2020,7181,332,7513
San Benito,12/27/2020,16,0,16
Stanislaus,12/27/2020,352,11,363
Lake,12/27/2020,8,0,8
Alameda,12/27/2020,418,35,453
Madera,12/27/2020,45,5,50
San Francisco,12/27/2020,179,5,184
Yolo,12/27/2020,29,0,29
Riverside,12/27/2020,1367,106,1473
Mendocino,12/27/2020,12,1,13
Santa Barbara,12/27/2020,127,7,134
Monterey,12/27/2020,179,0,179
Shasta,12/27/2020,46,1,47
Siskiyou,12/27/2020,5,0,5
Imperial,12/27/2020,190,2,192
El Dorado,12/27/2020,28,0,28
San Bernardino,12/27/2020,1655,72,1727
Contra Costa,12/27/2020,257,23,280
Lassen,12/27/2020,5,0,5
Tulare,12/27/2020,215,5,220
Mariposa,12/27/2020,1,0,1
Sonoma,12/27/2020,74,3,77
Placer,12/28/2020,206,20,226
San Francisco,12/28/2020,186,6,192
Los Angeles,12/28/2020,7415,297,7712
Modoc,12/28/2020,1,0,1
Tulare,12/28/2020,218,12,230
San Bernardino,12/28/2020,1738,83,1821
San Mateo,12/28/2020,157,8,165
Calaveras,12/28/2020,1,0,1
San Luis Obispo,12/28/2020,65,2,67
Siskiyou,12/28/2020,5,0,5
Riverside,12/28/2020,1448,93,1541
Mono,12/28/2020,0,0,0
San Benito,12/28/2020,15,0,15
Santa Cruz,12/28/2020,71,0,71
Contra Costa,12/28/2020,249,11,260
Nevada,12/28/2020,18,0,18
Humboldt,12/28/2020,7,5,12
Yuba,12/28/2020,67,0,67
Madera,12/28/2020,47,5,52
Mendocino,12/28/2020,10,0,10
Glenn,12/28/2020,16,1,17
Marin,12/28/2020,28,4,32
Monterey,12/28/2020,191,0,191
Napa,12/28/2020,23,2,25
Butte,12/28/2020,77,0,77
Fresno,12/28/2020,637,40,677
Mariposa,12/28/2020,1,0,1
Lassen,12/28/2020,5,0,5
Colusa,12/28/2020,14,0,14
Sutter,12/28/2020,0,0,0
Shasta,12/28/2020,42,0,42
Imperial,12/28/2020,182,3,185
Solano,12/28/2020,137,9,146
Santa Clara,12/28/2020,690,24,714
Lake,12/28/2020,8,0,8
Sacramento,12/28/2020,484,23,507
Sonoma,12/28/2020,76,2,78
Inyo,12/28/2020,11,0,11
Stanislaus,12/28/2020,352,15,367
Santa Barbara,12/28/2020,129,7,136
El Dorado,12/28/2020,26,0,26
Alameda,12/28/2020,441,32,473
Orange,12/28/2020,2106,56,2162
Merced,12/28/2020,55,0,55
Ventura,12/28/2020,354,11,365
Trinity,12/28/2020,0,0,0
Amador,12/28/2020,9,0,9
Del Norte,12/28/2020,2,0,2
San Joaquin,12/28/2020,331,10,341
Tuolumne,12/28/2020,8,1,9
Plumas,12/28/2020,2,0,2
Kings,12/28/2020,90,1,91
Tehama,12/28/2020,23,0,23
Kern,12/28/2020,388,11,399
San Diego,12/28/2020,1504,56,1560
Yolo,12/28/2020,24,0,24
Lassen,12/29/2020,5,0,5
San Joaquin,12/29/2020,329,12,341
Amador,12/29/2020,10,0,10
Shasta,12/29/2020,45,0,45
Butte,12/29/2020,73,0,73
San Francisco,12/29/2020,206,6,212
Mendocino,12/29/2020,11,0,11
Sonoma,12/29/2020,81,3,84
Kings,12/29/2020,94,0,94
El Dorado,12/29/2020,29,0,29
Stanislaus,12/29/2020,329,16,345
Santa Clara,12/29/2020,701,19,720
Orange,12/29/2020,2145,44,2189
Los Angeles,12/29/2020,7546,279,7825
Glenn,12/29/2020,15,0,15
Alameda,12/29/2020,449,32,481
Santa Barbara,12/29/2020,135,6,141
Yuba,12/29/2020,72,0,72
Sutter,12/29/2020,0,0,0
Placer,12/29/2020,216,15,231
Ventura,12/29/2020,357,14,371
Santa Cruz,12/29/2020,74,0,74
Calaveras,12/29/2020,3,0,3
Inyo,12/29/2020,10,0,10
Tulare,12/29/2020,223,7,230
Trinity,12/29/2020,0,0,0
Yolo,12/29/2020,22,0,22
Siskiyou,12/29/2020,2,0,2
Solano,12/29/2020,142,13,155
San Mateo,12/29/2020,168,5,173
Monterey,12/29/2020,202,2,204
Madera,12/29/2020,48,8,56
Plumas,12/29/2020,2,0,2
Kern,12/29/2020,383,7,390
Fresno,12/29/2020,629,23,652
Tuolumne,12/29/2020,10,1,11
Lake,12/29/2020,7,0,7
Merced,12/29/2020,56,0,56
Humboldt,12/29/2020,7,3,10
Contra Costa,12/29/2020,247,15,262
San Bernardino,12/29/2020,1770,88,1858
Imperial,12/29/2020,176,2,178
San Benito,12/29/2020,13,0,13
Napa,12/29/2020,26,1,27
Mariposa,12/29/2020,1,0,1
Tehama,12/29/2020,22,0,22
San Luis Obispo,12/29/2020,61,0,61
Colusa,12/29/2020,6,1,7
Nevada,12/29/2020,15,0,15
Riverside,12/29/2020,1484,84,1568
Modoc,12/29/2020,1,0,1
Marin,12/29/2020,30,4,34
Del Norte,12/29/2020,3,0,3
Mono,12/29/2020,0,0,0
San Diego,12/29/2020,1470,62,1532
Sacramento,12/29/2020,451,49,500
Santa Cruz,12/30/2020,76,0,76
Yuba,12/30/2020,73,25,98
Santa Barbara,12/30/2020,141,6,147
Kings,12/30/2020,90,1,91
Siskiyou,12/30/2020,4,0,4
Sonoma,12/30/2020,88,2,90
Butte,12/30/2020,83,0,83
San Luis Obispo,12/30/2020,58,1,59
Plumas,12/30/2020,2,0,2
Monterey,12/30/2020,198,1,199
Stanislaus,12/30/2020,328,15,343
Calaveras,12/30/2020,4,0,4
Madera,12/30/2020,51,12,63
Sutter,12/30/2020,0,0,0
Del Norte,12/30/2020,4,0,4
San Francisco,12/30/2020,212,3,215
Fresno,12/30/2020,602,19,621
Humboldt,12/30/2020,5,2,7
Contra Costa,12/30/2020,255,16,271
Glenn,12/30/2020,14,0,14
Marin,12/30/2020,31,4,35
Placer,12/30/2020,200,15,215
Amador,12/30/2020,9,1,10
El Dorado,12/30/2020,29,0,29
San Mateo,12/30/2020,172,6,178
Riverside,12/30/2020,1464,82,1546
Mono,12/30/2020,0,0,0
Los Angeles,12/30/2020,7628,300,7928
Nevada,12/30/2020,13,0,13
San Bernardino,12/30/2020,1707,78,1785
Merced,12/30/2020,56,0,56
Kern,12/30/2020,376,8,384
Alameda,12/30/2020,454,42,496
San Diego,12/30/2020,1499,50,1549
Colusa,12/30/2020,6,0,6
Imperial,12/30/2020,176,2,178
Solano,12/30/2020,138,12,150
Mariposa,12/30/2020,1,0,1
Tehama,12/30/2020,22,0,22
Sacramento,12/30/2020,491,20,511
Napa,12/30/2020,30,1,31
Tuolumne,12/30/2020,10,0,10
Yolo,12/30/2020,25,0,25
Santa Clara,12/30/2020,695,20,715
Inyo,12/30/2020,9,0,9
San Joaquin,12/30/2020,323,10,333
Tulare,12/30/2020,218,9,227
Lake,12/30/2020,8,0,8
Modoc,12/30/2020,1,0,1
Lassen,12/30/2020,5,0,5
Trinity,12/30/2020,0,0,0
San Benito,12/30/2020,14,0,14
Mendocino,12/30/2020,11,0,11
Orange,12/30/2020,2128,41,2169
Shasta,12/30/2020,39,0,39
Ventura,12/30/2020,364,20,384
Merced,12/31/2020,57,1,58
San Diego,12/31/2020,1487,56,1543
San Benito,12/31/2020,14,0,14
Siskiyou,12/31/2020,5,0,5
Nevada,12/31/2020,10,0,10
Humboldt,12/31/2020,4,3,7
Alameda,12/31/2020,454,43,497
Tulare,12/31/2020,225,13,238
Santa Clara,12/31/2020,687,26,713
Sonoma,12/31/2020,90,2,92
Santa Cruz,12/31/2020,78,0,78
Trinity,12/31/2020,0,0,0
Napa,12/31/2020,28,0,28
Calaveras,12/31/2020,3,0,3
Colusa,12/31/2020,5,0,5
Madera,12/31/2020,50,15,65
Santa Barbara,12/31/2020,137,11,148
Tehama,12/31/2020,21,0,21
Monterey,12/31/2020,189,1,190
Butte,12/31/2020,74,1,75
Lassen,12/31/2020,6,0,6
San Joaquin,12/31/2020,309,14,323
Los Angeles,12/31/2020,7627,270,7897
Placer,12/31/2020,188,13,201
Solano,12/31/2020,149,11,160
Inyo,12/31/2020,7,0,7
Mariposa,12/31/2020,0,0,0
Tuolumne,12/31/2020,9,0,9
Modoc,12/31/2020,1,0,1
Yolo,12/31/2020,25,0,25
El Dorado,12/31/2020,33,0,33
Riverside,12/31/2020,1516,123,1639
Plumas,12/31/2020,2,0,2
Contra Costa,12/31/2020,254,15,269
Ventura,12/31/2020,359,15,374
Shasta,12/31/2020,35,0,35
San Luis Obispo,12/31/2020,62,1,63
Sacramento,12/31/2020,467,27,494
Mono,12/31/2020,0,0,0
Amador,12/31/2020,10,0,10
Glenn,12/31/2020,11,0,11
Yuba,12/31/2020,69,23,92
Kings,12/31/2020,79,1,80
Fresno,12/31/2020,606,22,628
San Bernardino,12/31/2020,1705,97,1802
Del Norte,12/31/2020,4,0,4
San Francisco,12/31/2020,207,8,215
Orange,12/31/2020,2097,50,2147
Sutter,12/31/2020,0,0,0
Mendocino,12/31/2020,13,0,13
Imperial,12/31/2020,167,1,168
Kern,12/31/2020,379,8,387
Marin,12/31/2020,38,4,42
San Mateo,12/31/2020,162,5,167
Lake,12/31/2020,11,0,11
Stanislaus,12/31/2020,315,13,328
Marin,1/1/2021,37,3,40
Kings,1/1/2021,81,0,81
Sonoma,1/1/2021,94,4,98
Calaveras,1/1/2021,2,0,2
El Dorado,1/1/2021,33,0,33
Butte,1/1/2021,81,2,83
Ventura,1/1/2021,359,16,375
Colusa,1/1/2021,5,0,5
Yuba,1/1/2021,69,17,86
Santa Cruz,1/1/2021,77,0,77
Placer,1/1/2021,193,13,206
Yolo,1/1/2021,24,0,24
San Diego,1/1/2021,1497,63,1560
Stanislaus,1/1/2021,325,9,334
Santa Clara,1/1/2021,682,21,703
Tuolumne,1/1/2021,14,0,14
Tehama,1/1/2021,22,0,22
Inyo,1/1/2021,6,1,7
Del Norte,1/1/2021,3,0,3
Monterey,1/1/2021,194,0,194
Madera,1/1/2021,49,3,52
San Benito,1/1/2021,16,0,16
Mariposa,1/1/2021,0,0,0
Humboldt,1/1/2021,5,2,7
Mendocino,1/1/2021,12,0,12
Trinity,1/1/2021,0,0,0
Mono,1/1/2021,0,0,0
San Joaquin,1/1/2021,300,13,313
Kern,1/1/2021,364,10,374
Fresno,1/1/2021,597,20,617
Nevada,1/1/2021,10,4,14
Los Angeles,1/1/2021,7544,280,7824
Alameda,1/1/2021,430,38,468
Sacramento,1/1/2021,469,29,498
Imperial,1/1/2021,176,0,176
Santa Barbara,1/1/2021,136,7,143
Merced,1/1/2021,53,0,53
Napa,1/1/2021,30,0,30
Amador,1/1/2021,10,0,10
Contra Costa,1/1/2021,251,12,263
San Bernardino,1/1/2021,1676,86,1762
Modoc,1/1/2021,2,0,2
Sutter,1/1/2021,0,0,0
Orange,1/1/2021,2057,55,2112
San Francisco,1/1/2021,209,5,214
Siskiyou,1/1/2021,5,0,5
Lassen,1/1/2021,5,0,5
Lake,1/1/2021,9,0,9
San Mateo,1/1/2021,171,6,177
Plumas,1/1/2021,2,0,2
Shasta,1/1/2021,40,1,41
San Luis Obispo,1/1/2021,50,2,52
Glenn,1/1/2021,11,0,11
Riverside,1/1/2021,1486,117,1603
Solano,1/1/2021,146,13,159
Tulare,1/1/2021,225,7,232
Monterey,1/2/2021,195,0,195
El Dorado,1/2/2021,35,2,37
Colusa,1/2/2021,5,0,5
Los Angeles,1/2/2021,7697,274,7971
San Francisco,1/2/2021,214,5,219
Butte,1/2/2021,87,1,88
Stanislaus,1/2/2021,331,8,339
Mono,1/2/2021,0,0,0
Merced,1/2/2021,54,0,54
Contra Costa,1/2/2021,251,15,266
Marin,1/2/2021,36,3,39
Santa Cruz,1/2/2021,76,0,76
Fresno,1/2/2021,601,27,628
Santa Clara,1/2/2021,689,20,709
Inyo,1/2/2021,6,1,7
Plumas,1/2/2021,1,0,1
Orange,1/2/2021,2136,36,2172
Riverside,1/2/2021,1523,107,1630
Humboldt,1/2/2021,6,3,9
Kings,1/2/2021,85,0,85
Tuolumne,1/2/2021,11,0,11
Yuba,1/2/2021,69,12,81
San Mateo,1/2/2021,170,12,182
Del Norte,1/2/2021,4,0,4
Nevada,1/2/2021,8,3,11
Siskiyou,1/2/2021,5,0,5
Trinity,1/2/2021,0,0,0
San Bernardino,1/2/2021,1715,65,1780
Tehama,1/2/2021,26,0,26
Sutter,1/2/2021,0,0,0
Santa Barbara,1/2/2021,143,9,152
Alameda,1/2/2021,428,48,476
Shasta,1/2/2021,39,2,41
Sacramento,1/2/2021,451,29,480
Amador,1/2/2021,11,0,11
Modoc,1/2/2021,2,0,2
Ventura,1/2/2021,366,18,384
San Joaquin,1/2/2021,307,5,312
San Diego,1/2/2021,1486,57,1543
Madera,1/2/2021,50,9,59
San Benito,1/2/2021,16,0,16
Mariposa,1/2/2021,0,0,0
Glenn,1/2/2021,11,0,11
Kern,1/2/2021,375,8,383
Calaveras,1/2/2021,3,0,3
Sonoma,1/2/2021,93,1,94
Tulare,1/2/2021,223,4,227
Solano,1/2/2021,157,15,172
Lake,1/2/2021,9,0,9
Placer,1/2/2021,182,18,200
Lassen,1/2/2021,5,0,5
Napa,1/2/2021,29,1,30
Yolo,1/2/2021,24,0,24
Imperial,1/2/2021,182,0,182
Mendocino,1/2/2021,13,0,13
San Luis Obispo,1/2/2021,49,2,51
Yolo,1/3/2021,29,0,29
Merced,1/3/2021,57,0,57
Modoc,1/3/2021,2,0,2
San Benito,1/3/2021,11,0,11
San Joaquin,1/3/2021,298,5,303
Alameda,1/3/2021,425,41,466
Stanislaus,1/3/2021,344,11,355
Del Norte,1/3/2021,4,0,4
San Mateo,1/3/2021,179,9,188
Santa Barbara,1/3/2021,157,7,164
Siskiyou,1/3/2021,5,0,5
Placer,1/3/2021,176,16,192
Yuba,1/3/2021,71,7,78
Nevada,1/3/2021,8,3,11
Lassen,1/3/2021,5,0,5
Colusa,1/3/2021,3,1,4
Plumas,1/3/2021,1,0,1
Mono,1/3/2021,0,0,0
San Bernardino,1/3/2021,1733,76,1809
Mariposa,1/3/2021,1,0,1
Butte,1/3/2021,86,1,87
Mendocino,1/3/2021,12,0,12
El Dorado,1/3/2021,35,0,35
San Francisco,1/3/2021,206,5,211
Sutter,1/3/2021,0,0,0
Santa Cruz,1/3/2021,82,0,82
Fresno,1/3/2021,620,43,663
Shasta,1/3/2021,42,0,42
Santa Clara,1/3/2021,704,20,724
Kern,1/3/2021,384,11,395
Trinity,1/3/2021,0,0,0
Contra Costa,1/3/2021,259,13,272
Marin,1/3/2021,39,2,41
Orange,1/3/2021,2178,40,2218
Riverside,1/3/2021,1543,117,1660
Napa,1/3/2021,30,0,30
San Diego,1/3/2021,1507,52,1559
Ventura,1/3/2021,377,23,400
Amador,1/3/2021,11,0,11
Tehama,1/3/2021,22,0,22
Kings,1/3/2021,84,0,84
San Luis Obispo,1/3/2021,52,1,53
Sonoma,1/3/2021,98,0,98
Imperial,1/3/2021,170,0,170
Madera,1/3/2021,53,7,60
Humboldt,1/3/2021,7,3,10
Inyo,1/3/2021,7,0,7
Solano,1/3/2021,166,13,179
Sacramento,1/3/2021,488,36,524
Los Angeles,1/3/2021,7898,305,8203
Glenn,1/3/2021,10,0,10
Tulare,1/3/2021,224,7,231
Calaveras,1/3/2021,3,0,3
Tuolumne,1/3/2021,11,0,11
Lake,1/3/2021,8,0,8
Monterey,1/3/2021,203,0,203
Sacramento,1/4/2021,465,33,498
San Francisco,1/4/2021,211,5,216
Glenn,1/4/2021,10,0,10
Kings,1/4/2021,96,0,96
Trinity,1/4/2021,0,0,0
Orange,1/4/2021,2236,42,2278
Modoc,1/4/2021,2,0,2
San Joaquin,1/4/2021,324,9,333
San Benito,1/4/2021,11,0,11
San Mateo,1/4/2021,178,8,186
Mono,1/4/2021,0,0,0
Tuolumne,1/4/2021,12,0,12
Inyo,1/4/2021,8,0,8
Mariposa,1/4/2021,1,0,1
Lassen,1/4/2021,6,0,6
Siskiyou,1/4/2021,4,0,4
San Bernardino,1/4/2021,1763,93,1856
Madera,1/4/2021,53,9,62
Plumas,1/4/2021,1,0,1
Solano,1/4/2021,170,16,186
Nevada,1/4/2021,9,1,10
Monterey,1/4/2021,198,1,199
Amador,1/4/2021,12,0,12
Tulare,1/4/2021,231,5,236
Tehama,1/4/2021,18,0,18
Placer,1/4/2021,178,15,193
Yolo,1/4/2021,28,0,28
Humboldt,1/4/2021,7,3,10
Santa Cruz,1/4/2021,86,0,86
Santa Barbara,1/4/2021,172,8,180
San Luis Obispo,1/4/2021,58,0,58
Imperial,1/4/2021,181,0,181
Marin,1/4/2021,34,4,38
Colusa,1/4/2021,4,0,4
Mendocino,1/4/2021,13,0,13
Merced,1/4/2021,60,0,60
Sutter,1/4/2021,0,0,0
Del Norte,1/4/2021,4,0,4
Calaveras,1/4/2021,3,0,3
El Dorado,1/4/2021,38,0,38
Riverside,1/4/2021,1615,122,1737
Alameda,1/4/2021,424,57,481
Kern,1/4/2021,401,5,406
Santa Clara,1/4/2021,719,19,738
Butte,1/4/2021,84,1,85
San Diego,1/4/2021,1537,48,1585
Sonoma,1/4/2021,102,0,102
Lake,1/4/2021,9,0,9
Shasta,1/4/2021,45,0,45
Yuba,1/4/2021,68,2,70
Contra Costa,1/4/2021,269,19,288
Los Angeles,1/4/2021,8023,295,8318
Fresno,1/4/2021,640,46,686
Napa,1/4/2021,27,0,27
Stanislaus,1/4/2021,355,7,362
Ventura,1/4/2021,394,15,409
Los Angeles,1/5/2021,8098,324,8422
Shasta,1/5/2021,51,0,51
Marin,1/5/2021,36,4,40
Mariposa,1/5/2021,1,0,1
Butte,1/5/2021,96,0,96
San Benito,1/5/2021,13,0,13
Tuolumne,1/5/2021,11,0,11
Siskiyou,1/5/2021,5,0,5
Nevada,1/5/2021,12,0,12
Santa Barbara,1/5/2021,167,6,173
Merced,1/5/2021,58,0,58
Madera,1/5/2021,55,5,60
Glenn,1/5/2021,6,0,6
Orange,1/5/2021,2250,42,2292
San Diego,1/5/2021,1585,61,1646
San Mateo,1/5/2021,188,8,196
Sonoma,1/5/2021,101,1,102
Solano,1/5/2021,168,14,182
Kings,1/5/2021,91,0,91
Contra Costa,1/5/2021,271,13,284
Sutter,1/5/2021,0,0,0
Mono,1/5/2021,2,0,2
Plumas,1/5/2021,0,0,0
Tehama,1/5/2021,17,0,17
Mendocino,1/5/2021,13,0,13
Kern,1/5/2021,416,6,422
Humboldt,1/5/2021,6,2,8
Monterey,1/5/2021,190,4,194
Placer,1/5/2021,180,22,202
Stanislaus,1/5/2021,361,8,369
Amador,1/5/2021,9,1,10
Colusa,1/5/2021,5,0,5
Del Norte,1/5/2021,3,0,3
San Francisco,1/5/2021,221,8,229
Lassen,1/5/2021,5,0,5
Sacramento,1/5/2021,509,33,542
Santa Clara,1/5/2021,726,15,741
Fresno,1/5/2021,659,36,695
Yuba,1/5/2021,71,5,76
Riverside,1/5/2021,1611,120,1731
Imperial,1/5/2021,172,1,173
El Dorado,1/5/2021,40,0,40
Trinity,1/5/2021,0,0,0
Calaveras,1/5/2021,5,0,5
Modoc,1/5/2021,2,0,2
Napa,1/5/2021,25,0,25
San Bernardino,1/5/2021,1785,77,1862
San Joaquin,1/5/2021,340,8,348
San Luis Obispo,1/5/2021,64,2,66
Santa Cruz,1/5/2021,84,0,84
Alameda,1/5/2021,442,51,493
Yolo,1/5/2021,30,2,32
Lake,1/5/2021,12,0,12
Ventura,1/5/2021,419,13,432
Tulare,1/5/2021,228,6,234
Inyo,1/5/2021,8,0,8
Nevada,1/6/2021,13,0,13
San Benito,1/6/2021,14,0,14
Tulare,1/6/2021,219,3,222
Trinity,1/6/2021,0,0,0
Santa Barbara,1/6/2021,178,4,182
Mendocino,1/6/2021,12,0,12
Mariposa,1/6/2021,1,0,1
Humboldt,1/6/2021,8,3,11
Butte,1/6/2021,86,0,86
Plumas,1/6/2021,0,0,0
Santa Cruz,1/6/2021,76,0,76
San Mateo,1/6/2021,180,7,187
Kern,1/6/2021,433,13,446
Del Norte,1/6/2021,2,0,2
San Francisco,1/6/2021,233,10,243
Modoc,1/6/2021,1,0,1
Napa,1/6/2021,26,1,27
San Joaquin,1/6/2021,334,9,343
El Dorado,1/6/2021,39,0,39
Mono,1/6/2021,1,0,1
Placer,1/6/2021,181,19,200
Alameda,1/6/2021,431,50,481
Calaveras,1/6/2021,6,0,6
Inyo,1/6/2021,8,0,8
Los Angeles,1/6/2021,8074,311,8385
Monterey,1/6/2021,207,5,212
Tehama,1/6/2021,17,0,17
Riverside,1/6/2021,1634,119,1753
Solano,1/6/2021,170,14,184
Fresno,1/6/2021,626,29,655
Santa Clara,1/6/2021,723,28,751
Orange,1/6/2021,2253,53,2306
Sacramento,1/6/2021,499,32,531
San Luis Obispo,1/6/2021,70,1,71
Imperial,1/6/2021,174,2,176
Tuolumne,1/6/2021,10,0,10
Sonoma,1/6/2021,105,3,108
Marin,1/6/2021,38,3,41
Kings,1/6/2021,93,1,94
Ventura,1/6/2021,418,8,426
Yuba,1/6/2021,65,5,70
Lassen,1/6/2021,4,0,4
Merced,1/6/2021,57,0,57
Sutter,1/6/2021,0,0,0
Madera,1/6/2021,57,4,61
San Bernardino,1/6/2021,1762,81,1843
Yolo,1/6/2021,30,0,30
Glenn,1/6/2021,6,0,6
Shasta,1/6/2021,49,0,49
Stanislaus,1/6/2021,349,9,358
San Diego,1/6/2021,1661,71,1732
Amador,1/6/2021,9,0,9
Colusa,1/6/2021,7,0,7
Contra Costa,1/6/2021,273,17,290
Siskiyou,1/6/2021,5,0,5
Lake,1/6/2021,11,0,11
El Dorado,1/7/2021,37,0,37
Colusa,1/7/2021,7,0,7
Del Norte,1/7/2021,2,0,2
San Diego,1/7/2021,1685,71,1756
Solano,1/7/2021,179,18,197
Glenn,1/7/2021,6,0,6
Marin,1/7/2021,38,3,41
Santa Clara,1/7/2021,713,36,749
San Bernardino,1/7/2021,1751,82,1833
Merced,1/7/2021,58,0,58
San Benito,1/7/2021,11,0,11
Los Angeles,1/7/2021,7966,327,8293
Contra Costa,1/7/2021,288,19,307
Fresno,1/7/2021,640,22,662
Imperial,1/7/2021,170,1,171
Yuba,1/7/2021,69,3,72
Modoc,1/7/2021,1,1,2
Kern,1/7/2021,437,16,453
Yolo,1/7/2021,31,0,31
San Francisco,1/7/2021,244,6,250
Monterey,1/7/2021,207,1,208
Tuolumne,1/7/2021,11,0,11
Orange,1/7/2021,2259,49,2308
Butte,1/7/2021,84,0,84
Mariposa,1/7/2021,1,0,1
Stanislaus,1/7/2021,349,13,362
San Luis Obispo,1/7/2021,61,3,64
Humboldt,1/7/2021,8,2,10
San Mateo,1/7/2021,174,14,188
Sacramento,1/7/2021,497,40,537
Siskiyou,1/7/2021,4,0,4
Sutter,1/7/2021,0,0,0
Mono,1/7/2021,0,0,0
Mendocino,1/7/2021,12,0,12
Nevada,1/7/2021,14,1,15
Tehama,1/7/2021,15,0,15
Shasta,1/7/2021,48,0,48
Napa,1/7/2021,32,0,32
Kings,1/7/2021,95,1,96
Calaveras,1/7/2021,7,0,7
Madera,1/7/2021,53,4,57
Plumas,1/7/2021,0,0,0
Riverside,1/7/2021,1648,128,1776
Lake,1/7/2021,10,1,11
Ventura,1/7/2021,408,8,416
Inyo,1/7/2021,8,0,8
Placer,1/7/2021,174,25,199
Lassen,1/7/2021,4,0,4
Alameda,1/7/2021,432,61,493
Santa Barbara,1/7/2021,183,3,186
San Joaquin,1/7/2021,319,12,331
Santa Cruz,1/7/2021,77,0,77
Trinity,1/7/2021,0,0,0
Tulare,1/7/2021,210,5,215
Amador,1/7/2021,8,1,9
Sonoma,1/7/2021,110,4,114
Stanislaus,1/8/2021,343,12,355
Tuolumne,1/8/2021,11,0,11
Fresno,1/8/2021,628,22,650
Modoc,1/8/2021,1,0,1
Solano,1/8/2021,179,9,188
Santa Barbara,1/8/2021,180,6,186
Glenn,1/8/2021,6,0,6
Napa,1/8/2021,31,0,31
Tehama,1/8/2021,14,0,14
Tulare,1/8/2021,210,4,214
Butte,1/8/2021,80,0,80
San Luis Obispo,1/8/2021,56,0,56
Placer,1/8/2021,176,17,193
Lassen,1/8/2021,3,0,3
Shasta,1/8/2021,52,0,52
Nevada,1/8/2021,11,0,11
Monterey,1/8/2021,204,3,207
Del Norte,1/8/2021,2,0,2
Mono,1/8/2021,2,0,2
Ventura,1/8/2021,410,11,421
Mendocino,1/8/2021,8,0,8
San Benito,1/8/2021,15,0,15
Inyo,1/8/2021,5,0,5
Los Angeles,1/8/2021,7964,289,8253
San Mateo,1/8/2021,180,10,190
Santa Clara,1/8/2021,708,17,725
Sonoma,1/8/2021,101,4,105
Plumas,1/8/2021,0,0,0
Trinity,1/8/2021,0,0,0
Mariposa,1/8/2021,0,0,0
Riverside,1/8/2021,1671,119,1790
Alameda,1/8/2021,442,52,494
Merced,1/8/2021,55,0,55
Amador,1/8/2021,8,1,9
Humboldt,1/8/2021,9,4,13
Calaveras,1/8/2021,8,0,8
Madera,1/8/2021,45,5,50
Colusa,1/8/2021,6,0,6
Yuba,1/8/2021,64,0,64
Siskiyou,1/8/2021,6,0,6
Contra Costa,1/8/2021,280,16,296
Imperial,1/8/2021,156,0,156
Santa Cruz,1/8/2021,78,0,78
Lake,1/8/2021,12,0,12
El Dorado,1/8/2021,36,0,36
Sutter,1/8/2021,0,0,0
San Joaquin,1/8/2021,314,7,321
Yolo,1/8/2021,29,0,29
San Diego,1/8/2021,1695,68,1763
Orange,1/8/2021,2221,39,2260
Kern,1/8/2021,422,14,436
San Francisco,1/8/2021,249,5,254
Kings,1/8/2021,94,0,94
San Bernardino,1/8/2021,1758,79,1837
Sacramento,1/8/2021,482,31,513
Marin,1/8/2021,34,2,36
Tehama,1/9/2021,13,0,13
Mono,1/9/2021,2,0,2
El Dorado,1/9/2021,42,0,42
Lassen,1/9/2021,3,0,3
Plumas,1/9/2021,0,0,0
Kings,1/9/2021,92,0,92
Yuba,1/9/2021,56,0,56
Ventura,1/9/2021,421,12,433
Los Angeles,1/9/2021,7910,280,8190
Calaveras,1/9/2021,10,0,10
Trinity,1/9/2021,0,0,0
Glenn,1/9/2021,6,0,6
Lake,1/9/2021,9,1,10
Madera,1/9/2021,44,8,52
Alameda,1/9/2021,428,43,471
Del Norte,1/9/2021,2,0,2
San Benito,1/9/2021,16,0,16
Sonoma,1/9/2021,98,7,105
Sacramento,1/9/2021,480,29,509
Shasta,1/9/2021,50,1,51
Riverside,1/9/2021,1650,146,1796
Solano,1/9/2021,174,8,182
San Luis Obispo,1/9/2021,50,0,50
San Joaquin,1/9/2021,316,6,322
Imperial,1/9/2021,165,0,165
Tuolumne,1/9/2021,11,0,11
Placer,1/9/2021,178,26,204
Santa Clara,1/9/2021,694,17,711
Santa Barbara,1/9/2021,174,3,177
San Mateo,1/9/2021,185,12,197
Contra Costa,1/9/2021,296,12,308
Tulare,1/9/2021,211,3,214
Mendocino,1/9/2021,15,0,15
Sutter,1/9/2021,0,0,0
Colusa,1/9/2021,5,0,5
San Francisco,1/9/2021,245,7,252
Orange,1/9/2021,2216,34,2250
Nevada,1/9/2021,12,0,12
Monterey,1/9/2021,208,4,212
Humboldt,1/9/2021,11,0,11
Yolo,1/9/2021,33,0,33
Napa,1/9/2021,31,0,31
Butte,1/9/2021,83,0,83
Merced,1/9/2021,56,0,56
Siskiyou,1/9/2021,4,0,4
San Bernardino,1/9/2021,1716,75,1791
San Diego,1/9/2021,1691,60,1751
Marin,1/9/2021,29,2,31
Inyo,1/9/2021,6,0,6
Modoc,1/9/2021,1,0,1
Fresno,1/9/2021,635,38,673
Amador,1/9/2021,7,0,7
Kern,1/9/2021,437,15,452
Santa Cruz,1/9/2021,82,0,82
Stanislaus,1/9/2021,338,17,355
Mariposa,1/9/2021,0,0,0
San Mateo,1/10/2021,189,12,201
Humboldt,1/10/2021,12,0,12
Colusa,1/10/2021,5,0,5
Contra Costa,1/10/2021,261,13,274
Tehama,1/10/2021,10,0,10
Amador,1/10/2021,7,0,7
Monterey,1/10/2021,207,14,221
San Benito,1/10/2021,19,0,19
Madera,1/10/2021,43,9,52
Modoc,1/10/2021,1,0,1
Lassen,1/10/2021,3,0,3
Merced,1/10/2021,58,0,58
Sonoma,1/10/2021,97,11,108
El Dorado,1/10/2021,46,0,46
Trinity,1/10/2021,0,0,0
Glenn,1/10/2021,6,0,6
Sacramento,1/10/2021,485,27,512
Orange,1/10/2021,2221,56,2277
San Diego,1/10/2021,1697,58,1755
San Joaquin,1/10/2021,320,9,329
Solano,1/10/2021,179,11,190
Santa Cruz,1/10/2021,69,1,70
Los Angeles,1/10/2021,7926,344,8270
Mono,1/10/2021,1,0,1
San Bernardino,1/10/2021,1720,75,1795
Plumas,1/10/2021,0,0,0
Del Norte,1/10/2021,2,0,2
Butte,1/10/2021,73,1,74
Yuba,1/10/2021,56,0,56
Tuolumne,1/10/2021,10,0,10
Siskiyou,1/10/2021,5,0,5
Santa Barbara,1/10/2021,193,4,197
San Francisco,1/10/2021,257,10,267
Kern,1/10/2021,449,14,463
Alameda,1/10/2021,424,37,461
Ventura,1/10/2021,410,14,424
Inyo,1/10/2021,5,0,5
Yolo,1/10/2021,32,0,32
Tulare,1/10/2021,215,5,220
Imperial,1/10/2021,151,0,151
Kings,1/10/2021,90,0,90
Sutter,1/10/2021,0,0,0
San Luis Obispo,1/10/2021,48,2,50
Stanislaus,1/10/2021,340,13,353
Mendocino,1/10/2021,12,0,12
Calaveras,1/10/2021,12,0,12
Shasta,1/10/2021,49,1,50
Napa,1/10/2021,28,0,28
Riverside,1/10/2021,1671,134,1805
Fresno,1/10/2021,626,50,676
Mariposa,1/10/2021,0,0,0
Santa Clara,1/10/2021,688,16,704
Marin,1/10/2021,30,4,34
Placer,1/10/2021,183,20,203
Lake,1/10/2021,10,0,10
Nevada,1/10/2021,13,0,13
Mariposa,1/11/2021,0,0,0
Santa Cruz,1/11/2021,68,1,69
Yuba,1/11/2021,54,0,54
Madera,1/11/2021,45,2,47
San Mateo,1/11/2021,195,10,205
Riverside,1/11/2021,1660,131,1791
Kern,1/11/2021,453,11,464
Mendocino,1/11/2021,15,0,15
Santa Clara,1/11/2021,687,15,702
Mono,1/11/2021,1,0,1
Yolo,1/11/2021,26,0,26
Ventura,1/11/2021,437,11,448
Trinity,1/11/2021,0,0,0
Sonoma,1/11/2021,97,9,106
Monterey,1/11/2021,202,2,204
Lassen,1/11/2021,3,0,3
San Benito,1/11/2021,18,0,18
Tehama,1/11/2021,15,0,15
Fresno,1/11/2021,647,37,684
Glenn,1/11/2021,6,0,6
Contra Costa,1/11/2021,266,13,279
San Bernardino,1/11/2021,1692,87,1779
Inyo,1/11/2021,4,0,4
Los Angeles,1/11/2021,7949,330,8279
Tulare,1/11/2021,215,6,221
Marin,1/11/2021,32,3,35
Modoc,1/11/2021,1,0,1
Calaveras,1/11/2021,12,0,12
Napa,1/11/2021,28,1,29
Sacramento,1/11/2021,492,26,518
Shasta,1/11/2021,52,2,54
Placer,1/11/2021,184,14,198
Del Norte,1/11/2021,1,0,1
Plumas,1/11/2021,1,0,1
Alameda,1/11/2021,428,50,478
San Francisco,1/11/2021,252,4,256
Solano,1/11/2021,180,16,196
Colusa,1/11/2021,6,0,6
El Dorado,1/11/2021,46,0,46
Tuolumne,1/11/2021,8,0,8
Kings,1/11/2021,88,1,89
Humboldt,1/11/2021,13,1,14
Butte,1/11/2021,72,1,73
Santa Barbara,1/11/2021,211,7,218
San Joaquin,1/11/2021,327,9,336
Merced,1/11/2021,58,0,58
Nevada,1/11/2021,12,1,13
Stanislaus,1/11/2021,348,9,357
Orange,1/11/2021,2200,47,2247
San Diego,1/11/2021,1725,61,1786
San Luis Obispo,1/11/2021,46,0,46
Amador,1/11/2021,8,0,8
Imperial,1/11/2021,148,0,148
Siskiyou,1/11/2021,4,0,4
Sutter,1/11/2021,0,0,0
Lake,1/11/2021,9,0,9
Kern,1/12/2021,441,10,451
Los Angeles,1/12/2021,7906,295,8201
Kings,1/12/2021,96,1,97
Yuba,1/12/2021,55,0,55
Del Norte,1/12/2021,1,0,1
Santa Cruz,1/12/2021,72,0,72
Santa Barbara,1/12/2021,199,10,209
San Benito,1/12/2021,19,0,19
Sonoma,1/12/2021,102,8,110
Placer,1/12/2021,171,15,186
Tulare,1/12/2021,206,9,215
Shasta,1/12/2021,53,2,55
Humboldt,1/12/2021,15,6,21
Nevada,1/12/2021,12,0,12
Trinity,1/12/2021,0,0,0
Santa Clara,1/12/2021,687,16,703
Mono,1/12/2021,0,0,0
Ventura,1/12/2021,448,14,462
Fresno,1/12/2021,645,30,675
Inyo,1/12/2021,4,0,4
Lassen,1/12/2021,3,0,3
Lake,1/12/2021,7,1,8
Calaveras,1/12/2021,12,0,12
Butte,1/12/2021,67,1,68
Modoc,1/12/2021,0,0,0
Tehama,1/12/2021,12,0,12
Alameda,1/12/2021,430,38,468
Orange,1/12/2021,2180,42,2222
San Joaquin,1/12/2021,321,14,335
San Francisco,1/12/2021,259,14,273
San Diego,1/12/2021,1721,69,1790
Glenn,1/12/2021,6,0,6
Amador,1/12/2021,8,0,8
Imperial,1/12/2021,142,2,144
Colusa,1/12/2021,8,0,8
Stanislaus,1/12/2021,359,10,369
Contra Costa,1/12/2021,263,7,270
Mariposa,1/12/2021,0,0,0
San Luis Obispo,1/12/2021,55,2,57
Siskiyou,1/12/2021,5,2,7
Monterey,1/12/2021,207,4,211
Yolo,1/12/2021,30,0,30
Napa,1/12/2021,30,1,31
Tuolumne,1/12/2021,8,0,8
Solano,1/12/2021,176,17,193
Mendocino,1/12/2021,17,0,17
Plumas,1/12/2021,1,0,1
El Dorado,1/12/2021,42,0,42
Sacramento,1/12/2021,492,23,515
San Bernardino,1/12/2021,1703,91,1794
Madera,1/12/2021,46,4,50
Sutter,1/12/2021,0,0,0
Merced,1/12/2021,51,0,51
Riverside,1/12/2021,1636,125,1761
Marin,1/12/2021,31,2,33
San Mateo,1/12/2021,194,11,205
Riverside,1/13/2021,1584,117,1701
Los Angeles,1/13/2021,7715,371,8086
Yolo,1/13/2021,30,0,30
Ventura,1/13/2021,448,13,461
Mariposa,1/13/2021,1,0,1
Inyo,1/13/2021,5,0,5
San Mateo,1/13/2021,193,9,202
Butte,1/13/2021,66,0,66
Merced,1/13/2021,46,0,46
Santa Clara,1/13/2021,669,23,692
Stanislaus,1/13/2021,345,8,353
Siskiyou,1/13/2021,8,0,8
Del Norte,1/13/2021,2,0,2
Sacramento,1/13/2021,494,16,510
Colusa,1/13/2021,7,0,7
Lassen,1/13/2021,5,0,5
Nevada,1/13/2021,14,0,14
Kings,1/13/2021,95,1,96
Monterey,1/13/2021,211,2,213
San Luis Obispo,1/13/2021,57,2,59
Lake,1/13/2021,8,1,9
Marin,1/13/2021,31,2,33
Kern,1/13/2021,436,10,446
Calaveras,1/13/2021,9,0,9
Alameda,1/13/2021,437,55,492
Modoc,1/13/2021,0,0,0
Santa Cruz,1/13/2021,79,0,79
San Diego,1/13/2021,1719,56,1775
San Joaquin,1/13/2021,309,12,321
Fresno,1/13/2021,623,21,644
Madera,1/13/2021,52,9,61
Solano,1/13/2021,173,11,184
Sutter,1/13/2021,0,0,0
Contra Costa,1/13/2021,250,10,260
Humboldt,1/13/2021,13,4,17
Orange,1/13/2021,2169,55,2224
Mono,1/13/2021,0,0,0
Trinity,1/13/2021,0,0,0
Shasta,1/13/2021,54,2,56
Sonoma,1/13/2021,100,0,100
El Dorado,1/13/2021,37,0,37
Napa,1/13/2021,29,2,31
Amador,1/13/2021,7,0,7
Tehama,1/13/2021,13,0,13
Glenn,1/13/2021,6,2,8
Santa Barbara,1/13/2021,197,6,203
Placer,1/13/2021,165,12,177
San Bernardino,1/13/2021,1678,73,1751
Tuolumne,1/13/2021,7,0,7
Plumas,1/13/2021,1,0,1
San Francisco,1/13/2021,257,9,266
Tulare,1/13/2021,200,11,211
San Benito,1/13/2021,19,0,19
Yuba,1/13/2021,53,0,53
Mendocino,1/13/2021,16,0,16
Imperial,1/13/2021,140,3,143
Colusa,1/14/2021,6,0,6
Santa Barbara,1/14/2021,192,4,196
Marin,1/14/2021,35,3,38
Placer,1/14/2021,163,5,168
Yolo,1/14/2021,30,0,30
Napa,1/14/2021,26,2,28
Siskiyou,1/14/2021,5,0,5
Riverside,1/14/2021,1563,129,1692
Ventura,1/14/2021,434,12,446
Santa Clara,1/14/2021,647,21,668
Butte,1/14/2021,70,0,70
Monterey,1/14/2021,209,7,216
El Dorado,1/14/2021,34,0,34
San Bernardino,1/14/2021,1660,63,1723
Imperial,1/14/2021,148,2,150
Sutter,1/14/2021,0,0,0
Calaveras,1/14/2021,11,0,11
San Luis Obispo,1/14/2021,57,1,58
Amador,1/14/2021,10,0,10
Merced,1/14/2021,47,0,47
Nevada,1/14/2021,14,0,14
Modoc,1/14/2021,0,0,0
Yuba,1/14/2021,58,0,58
Tulare,1/14/2021,199,8,207
Santa Cruz,1/14/2021,80,0,80
Mariposa,1/14/2021,1,0,1
Tuolumne,1/14/2021,5,0,5
Fresno,1/14/2021,614,34,648
Lassen,1/14/2021,4,0,4
Shasta,1/14/2021,55,0,55
Sacramento,1/14/2021,469,17,486
Sonoma,1/14/2021,94,6,100
Plumas,1/14/2021,2,0,2
Kern,1/14/2021,435,10,445
Glenn,1/14/2021,6,1,7
San Joaquin,1/14/2021,315,8,323
Mendocino,1/14/2021,16,0,16
Alameda,1/14/2021,437,52,489
Contra Costa,1/14/2021,257,19,276
Kings,1/14/2021,89,1,90
Del Norte,1/14/2021,2,0,2
Inyo,1/14/2021,4,0,4
Solano,1/14/2021,170,16,186
San Mateo,1/14/2021,196,8,204
San Diego,1/14/2021,1728,57,1785
Trinity,1/14/2021,0,0,0
Madera,1/14/2021,49,3,52
Mono,1/14/2021,0,0,0
Stanislaus,1/14/2021,355,5,360
Lake,1/14/2021,12,0,12
Humboldt,1/14/2021,11,1,12
San Francisco,1/14/2021,244,9,253
Tehama,1/14/2021,13,0,13
Orange,1/14/2021,2102,54,2156
Los Angeles,1/14/2021,7597,300,7897
San Benito,1/14/2021,19,0,19
El Dorado,1/15/2021,36,2,38
Mendocino,1/15/2021,13,1,14
Amador,1/15/2021,14,0,14
Los Angeles,1/15/2021,7498,328,7826
San Luis Obispo,1/15/2021,54,0,54
Monterey,1/15/2021,217,2,219
San Diego,1/15/2021,1720,65,1785
Tulare,1/15/2021,203,9,212
Fresno,1/15/2021,580,25,605
Calaveras,1/15/2021,7,0,7
Trinity,1/15/2021,0,0,0
Lassen,1/15/2021,4,0,4
Yuba,1/15/2021,53,1,54
Riverside,1/15/2021,1567,121,1688
San Bernardino,1/15/2021,1602,64,1666
Marin,1/15/2021,36,2,38
Shasta,1/15/2021,52,0,52
Santa Barbara,1/15/2021,196,6,202
Merced,1/15/2021,54,0,54
Butte,1/15/2021,68,0,68
Tehama,1/15/2021,14,0,14
Mono,1/15/2021,0,0,0
San Francisco,1/15/2021,240,4,244
Nevada,1/15/2021,12,0,12
Solano,1/15/2021,168,17,185
Glenn,1/15/2021,7,1,8
Sacramento,1/15/2021,461,12,473
Sonoma,1/15/2021,101,3,104
Humboldt,1/15/2021,10,1,11
Kings,1/15/2021,88,2,90
Orange,1/15/2021,2065,45,2110
Placer,1/15/2021,159,11,170
San Joaquin,1/15/2021,296,5,301
Lake,1/15/2021,13,0,13
Plumas,1/15/2021,2,0,2
San Benito,1/15/2021,17,0,17
Alameda,1/15/2021,422,48,470
Contra Costa,1/15/2021,274,15,289
Ventura,1/15/2021,440,11,451
Siskiyou,1/15/2021,5,0,5
Modoc,1/15/2021,0,0,0
Napa,1/15/2021,22,0,22
Santa Cruz,1/15/2021,81,0,81
Yolo,1/15/2021,28,0,28
Inyo,1/15/2021,2,0,2
Santa Clara,1/15/2021,654,18,672
Colusa,1/15/2021,15,0,15
Imperial,1/15/2021,135,4,139
Madera,1/15/2021,49,9,58
Del Norte,1/15/2021,1,0,1
Tuolumne,1/15/2021,6,0,6
Stanislaus,1/15/2021,352,10,362
Kern,1/15/2021,418,9,427
San Mateo,1/15/2021,190,6,196
Mariposa,1/15/2021,1,0,1
Sutter,1/15/2021,0,0,0
Marin,1/16/2021,29,1,30
San Diego,1/16/2021,1696,65,1761
Tulare,1/16/2021,204,8,212
Yolo,1/16/2021,28,0,28
Solano,1/16/2021,166,13,179
Tehama,1/16/2021,15,0,15
Mendocino,1/16/2021,15,1,16
San Benito,1/16/2021,18,0,18
Kern,1/16/2021,407,4,411
Butte,1/16/2021,71,0,71
San Joaquin,1/16/2021,296,20,316
Inyo,1/16/2021,3,0,3
Shasta,1/16/2021,58,0,58
Placer,1/16/2021,154,7,161
Riverside,1/16/2021,1560,107,1667
Fresno,1/16/2021,576,24,600
Imperial,1/16/2021,138,0,138
Nevada,1/16/2021,10,0,10
Lassen,1/16/2021,4,0,4
Kings,1/16/2021,87,1,88
Trinity,1/16/2021,0,0,0
Santa Barbara,1/16/2021,195,7,202
Merced,1/16/2021,64,0,64
Madera,1/16/2021,47,8,55
Contra Costa,1/16/2021,265,14,279
Del Norte,1/16/2021,2,0,2
Stanislaus,1/16/2021,331,8,339
Calaveras,1/16/2021,6,0,6
San Luis Obispo,1/16/2021,45,0,45
Sutter,1/16/2021,0,0,0
Alameda,1/16/2021,446,48,494
Napa,1/16/2021,21,0,21
Amador,1/16/2021,14,1,15
San Francisco,1/16/2021,239,7,246
Sonoma,1/16/2021,97,6,103
San Bernardino,1/16/2021,1523,74,1597
Los Angeles,1/16/2021,7328,296,7624
Orange,1/16/2021,2026,52,2078
San Mateo,1/16/2021,180,4,184
Ventura,1/16/2021,434,5,439
Siskiyou,1/16/2021,5,0,5
El Dorado,1/16/2021,32,1,33
Lake,1/16/2021,16,0,16
Sacramento,1/16/2021,444,18,462
Santa Clara,1/16/2021,635,17,652
Modoc,1/16/2021,0,0,0
Humboldt,1/16/2021,10,1,11
Plumas,1/16/2021,2,0,2
Mono,1/16/2021,0,0,0
Monterey,1/16/2021,209,1,210
Santa Cruz,1/16/2021,84,0,84
Tuolumne,1/16/2021,9,0,9
Colusa,1/16/2021,16,0,16
Glenn,1/16/2021,7,1,8
Mariposa,1/16/2021,2,0,2
Yuba,1/16/2021,54,0,54
Riverside,1/17/2021,1524,122,1646
San Mateo,1/17/2021,186,4,190
Santa Clara,1/17/2021,613,19,632
Yuba,1/17/2021,55,0,55
Placer,1/17/2021,152,13,165
Inyo,1/17/2021,2,0,2
Marin,1/17/2021,28,0,28
Plumas,1/17/2021,1,0,1
Napa,1/17/2021,27,0,27
Tuolumne,1/17/2021,10,0,10
Trinity,1/17/2021,0,0,0
San Bernardino,1/17/2021,1511,51,1562
San Benito,1/17/2021,18,0,18
El Dorado,1/17/2021,33,0,33
Del Norte,1/17/2021,1,0,1
Sacramento,1/17/2021,441,19,460
Santa Cruz,1/17/2021,83,1,84
Mariposa,1/17/2021,2,0,2
Butte,1/17/2021,64,0,64
Sutter,1/17/2021,0,0,0
Tehama,1/17/2021,14,0,14
San Luis Obispo,1/17/2021,50,0,50
Siskiyou,1/17/2021,2,0,2
Santa Barbara,1/17/2021,208,13,221
Orange,1/17/2021,1964,51,2015
Merced,1/17/2021,65,0,65
San Diego,1/17/2021,1664,69,1733
Stanislaus,1/17/2021,331,10,341
Kings,1/17/2021,92,1,93
Lake,1/17/2021,16,0,16
Mendocino,1/17/2021,13,0,13
San Francisco,1/17/2021,242,5,247
Contra Costa,1/17/2021,266,18,284
Madera,1/17/2021,53,11,64
Los Angeles,1/17/2021,7322,302,7624
Ventura,1/17/2021,430,5,435
Nevada,1/17/2021,10,1,11
San Joaquin,1/17/2021,291,10,301
Sonoma,1/17/2021,101,6,107
Yolo,1/17/2021,28,0,28
Glenn,1/17/2021,5,3,8
Humboldt,1/17/2021,10,1,11
Mono,1/17/2021,0,0,0
Imperial,1/17/2021,131,0,131
Calaveras,1/17/2021,6,0,6
Shasta,1/17/2021,54,0,54
Solano,1/17/2021,172,13,185
Amador,1/17/2021,14,0,14
Fresno,1/17/2021,562,23,585
Tulare,1/17/2021,202,7,209
Alameda,1/17/2021,458,44,502
Monterey,1/17/2021,213,3,216
Colusa,1/17/2021,14,0,14
Lassen,1/17/2021,2,0,2
Modoc,1/17/2021,0,0,0
Kern,1/17/2021,416,5,421
Tulare,1/18/2021,201,7,208
Monterey,1/18/2021,201,4,205
San Bernardino,1/18/2021,1487,40,1527
Imperial,1/18/2021,134,0,134
Napa,1/18/2021,27,0,27
San Benito,1/18/2021,18,0,18
San Diego,1/18/2021,1632,73,1705
Mariposa,1/18/2021,2,0,2
Fresno,1/18/2021,554,26,580
Lassen,1/18/2021,4,0,4
Siskiyou,1/18/2021,2,0,2
Inyo,1/18/2021,2,1,3
Lake,1/18/2021,16,0,16
Glenn,1/18/2021,5,3,8
Santa Clara,1/18/2021,611,18,629
Merced,1/18/2021,62,0,62
San Joaquin,1/18/2021,303,3,306
Mono,1/18/2021,0,0,0
Madera,1/18/2021,58,5,63
Mendocino,1/18/2021,12,1,13
Plumas,1/18/2021,1,0,1
Sacramento,1/18/2021,452,20,472
Calaveras,1/18/2021,6,0,6
Alameda,1/18/2021,445,40,485
Shasta,1/18/2021,53,0,53
Del Norte,1/18/2021,1,0,1
Santa Barbara,1/18/2021,205,9,214
Colusa,1/18/2021,15,0,15
San Luis Obispo,1/18/2021,56,0,56
Humboldt,1/18/2021,12,3,15
Placer,1/18/2021,148,18,166
Amador,1/18/2021,14,0,14
Kings,1/18/2021,94,1,95
Yuba,1/18/2021,54,0,54
Trinity,1/18/2021,0,0,0
Tuolumne,1/18/2021,9,0,9
Sutter,1/18/2021,0,0,0
San Francisco,1/18/2021,241,2,243
Yolo,1/18/2021,30,0,30
Stanislaus,1/18/2021,336,13,349
Santa Cruz,1/18/2021,78,1,79
Kern,1/18/2021,418,7,425
Contra Costa,1/18/2021,268,13,281
Riverside,1/18/2021,1524,127,1651
Nevada,1/18/2021,8,0,8
Sonoma,1/18/2021,94,12,106
San Mateo,1/18/2021,187,7,194
Modoc,1/18/2021,0,0,0
Marin,1/18/2021,29,1,30
Solano,1/18/2021,165,9,174
Orange,1/18/2021,2007,61,2068
Los Angeles,1/18/2021,7253,347,7600
Ventura,1/18/2021,426,7,433
El Dorado,1/18/2021,25,0,25
Butte,1/18/2021,63,1,64
Tehama,1/18/2021,14,0,14
Santa Clara,1/19/2021,604,16,620
Stanislaus,1/19/2021,325,17,342
Sonoma,1/19/2021,99,4,103
El Dorado,1/19/2021,22,0,22
Alameda,1/19/2021,443,47,490
San Joaquin,1/19/2021,305,9,314
Yolo,1/19/2021,30,0,30
Calaveras,1/19/2021,4,0,4
Santa Cruz,1/19/2021,70,1,71
Siskiyou,1/19/2021,2,0,2
Lassen,1/19/2021,5,0,5
Amador,1/19/2021,12,0,12
Glenn,1/19/2021,6,2,8
Riverside,1/19/2021,1514,126,1640
Nevada,1/19/2021,10,0,10
Plumas,1/19/2021,1,0,1
Tuolumne,1/19/2021,9,0,9
Del Norte,1/19/2021,1,0,1
Ventura,1/19/2021,420,14,434
San Diego,1/19/2021,1658,62,1720
Merced,1/19/2021,62,0,62
Kern,1/19/2021,403,2,405
Imperial,1/19/2021,122,0,122
Humboldt,1/19/2021,11,3,14
Butte,1/19/2021,61,0,61
Solano,1/19/2021,158,10,168
Santa Barbara,1/19/2021,206,9,215
Lake,1/19/2021,17,0,17
San Benito,1/19/2021,19,0,19
San Francisco,1/19/2021,243,4,247
Marin,1/19/2021,31,2,33
Shasta,1/19/2021,52,0,52
San Mateo,1/19/2021,192,6,198
Colusa,1/19/2021,17,0,17
San Luis Obispo,1/19/2021,61,0,61
Mariposa,1/19/2021,1,0,1
Napa,1/19/2021,28,0,28
Tehama,1/19/2021,16,0,16
Mendocino,1/19/2021,16,1,17
Los Angeles,1/19/2021,7263,308,7571
Madera,1/19/2021,57,7,64
Sutter,1/19/2021,0,0,0
Yuba,1/19/2021,50,0,50
Tulare,1/19/2021,201,13,214
Placer,1/19/2021,149,13,162
Kings,1/19/2021,93,1,94
Monterey,1/19/2021,183,5,188
Fresno,1/19/2021,551,22,573
Modoc,1/19/2021,0,2,2
San Bernardino,1/19/2021,1477,51,1528
Trinity,1/19/2021,0,0,0
Inyo,1/19/2021,1,0,1
Sacramento,1/19/2021,447,25,472
Contra Costa,1/19/2021,276,10,286
Orange,1/19/2021,1975,43,2018
Mono,1/19/2021,0,0,0
San Joaquin,1/20/2021,296,5,301
Alameda,1/20/2021,416,41,457
Imperial,1/20/2021,118,0,118
Sacramento,1/20/2021,436,25,461
Butte,1/20/2021,51,0,51
San Diego,1/20/2021,1585,62,1647
Colusa,1/20/2021,17,0,17
Humboldt,1/20/2021,14,4,18
Napa,1/20/2021,26,0,26
Tehama,1/20/2021,17,0,17
Modoc,1/20/2021,0,0,0
Tuolumne,1/20/2021,9,0,9
Lassen,1/20/2021,5,0,5
San Bernardino,1/20/2021,1434,50,1484
Monterey,1/20/2021,162,1,163
Fresno,1/20/2021,560,29,589
Mendocino,1/20/2021,14,1,15
Stanislaus,1/20/2021,322,11,333
Sonoma,1/20/2021,98,5,103
Calaveras,1/20/2021,4,0,4
San Mateo,1/20/2021,192,11,203
Tulare,1/20/2021,186,11,197
El Dorado,1/20/2021,22,1,23
Kings,1/20/2021,87,0,87
Santa Clara,1/20/2021,595,28,623
Del Norte,1/20/2021,1,0,1
Shasta,1/20/2021,50,0,50
Nevada,1/20/2021,9,0,9
Ventura,1/20/2021,434,12,446
Santa Barbara,1/20/2021,204,8,212
Solano,1/20/2021,161,9,170
Siskiyou,1/20/2021,4,0,4
Kern,1/20/2021,415,3,418
Madera,1/20/2021,52,4,56
Plumas,1/20/2021,0,0,0
San Benito,1/20/2021,19,0,19
Yuba,1/20/2021,44,0,44
Lake,1/20/2021,17,0,17
Yolo,1/20/2021,30,0,30
Amador,1/20/2021,15,0,15
Los Angeles,1/20/2021,7073,340,7413
Sutter,1/20/2021,0,0,0
Mariposa,1/20/2021,0,0,0
Contra Costa,1/20/2021,288,11,299
Trinity,1/20/2021,0,0,0
Mono,1/20/2021,1,0,1
Orange,1/20/2021,1935,45,1980
Inyo,1/20/2021,1,0,1
Santa Cruz,1/20/2021,69,3,72
San Luis Obispo,1/20/2021,56,0,56
Marin,1/20/2021,28,1,29
San Francisco,1/20/2021,234,9,243
Placer,1/20/2021,138,13,151
Riverside,1/20/2021,1529,126,1655
Glenn,1/20/2021,6,2,8
Merced,1/20/2021,58,0,58
Madera,1/21/2021,47,2,49
Colusa,1/21/2021,15,0,15
San Bernardino,1/21/2021,1395,62,1457
Butte,1/21/2021,58,0,58
Sacramento,1/21/2021,419,25,444
Solano,1/21/2021,170,11,181
Santa Barbara,1/21/2021,187,8,195
Shasta,1/21/2021,46,0,46
Tuolumne,1/21/2021,7,0,7
Glenn,1/21/2021,4,2,6
Siskiyou,1/21/2021,3,0,3
El Dorado,1/21/2021,24,2,26
Trinity,1/21/2021,0,0,0
Monterey,1/21/2021,175,1,176
Marin,1/21/2021,29,2,31
Alameda,1/21/2021,409,42,451
Fresno,1/21/2021,558,26,584
Los Angeles,1/21/2021,6881,345,7226
Calaveras,1/21/2021,5,0,5
Mono,1/21/2021,1,0,1
Imperial,1/21/2021,112,3,115
Del Norte,1/21/2021,0,0,0
Merced,1/21/2021,55,0,55
Contra Costa,1/21/2021,267,13,280
Modoc,1/21/2021,0,0,0
Riverside,1/21/2021,1455,123,1578
Napa,1/21/2021,26,1,27
Humboldt,1/21/2021,13,4,17
Yuba,1/21/2021,42,2,44
Mariposa,1/21/2021,0,0,0
Lassen,1/21/2021,5,0,5
San Benito,1/21/2021,14,0,14
Sutter,1/21/2021,0,0,0
Santa Cruz,1/21/2021,68,0,68
San Mateo,1/21/2021,175,7,182
Ventura,1/21/2021,428,8,436
Placer,1/21/2021,126,10,136
Nevada,1/21/2021,8,0,8
Tulare,1/21/2021,173,13,186
San Joaquin,1/21/2021,289,11,300
San Luis Obispo,1/21/2021,51,2,53
Kings,1/21/2021,82,0,82
Lake,1/21/2021,11,0,11
Inyo,1/21/2021,2,0,2
San Francisco,1/21/2021,218,5,223
Yolo,1/21/2021,32,0,32
Tehama,1/21/2021,15,0,15
San Diego,1/21/2021,1536,69,1605
Santa Clara,1/21/2021,591,20,611
Orange,1/21/2021,1896,29,1925
Sonoma,1/21/2021,95,5,100
Amador,1/21/2021,12,0,12
Mendocino,1/21/2021,16,1,17
Kern,1/21/2021,412,3,415
Stanislaus,1/21/2021,327,13,340
Plumas,1/21/2021,0,0,0
El Dorado,1/22/2021,24,0,24
Yolo,1/22/2021,32,0,32
Colusa,1/22/2021,18,0,18
Mono,1/22/2021,0,0,0
Napa,1/22/2021,23,0,23
Contra Costa,1/22/2021,258,14,272
Alameda,1/22/2021,406,38,444
Tuolumne,1/22/2021,9,0,9
Orange,1/22/2021,1818,31,1849
Nevada,1/22/2021,10,0,10
San Diego,1/22/2021,1501,63,1564
Kern,1/22/2021,386,5,391
Plumas,1/22/2021,0,0,0
San Joaquin,1/22/2021,285,15,300
Calaveras,1/22/2021,4,0,4
Solano,1/22/2021,166,11,177
San Benito,1/22/2021,14,0,14
Amador,1/22/2021,12,0,12
Marin,1/22/2021,32,4,36
San Francisco,1/22/2021,200,14,214
Fresno,1/22/2021,520,23,543
Shasta,1/22/2021,42,0,42
Mendocino,1/22/2021,16,2,18
Mariposa,1/22/2021,0,0,0
Sutter,1/22/2021,0,0,0
Monterey,1/22/2021,184,0,184
Del Norte,1/22/2021,0,0,0
Tulare,1/22/2021,162,13,175
Tehama,1/22/2021,18,0,18
Los Angeles,1/22/2021,6697,317,7014
San Bernardino,1/22/2021,1341,74,1415
Glenn,1/22/2021,4,2,6
Trinity,1/22/2021,0,0,0
Merced,1/22/2021,45,0,45
Santa Cruz,1/22/2021,67,2,69
Lake,1/22/2021,9,0,9
Siskiyou,1/22/2021,3,0,3
Imperial,1/22/2021,104,1,105
Kings,1/22/2021,84,0,84
Sonoma,1/22/2021,100,5,105
Sacramento,1/22/2021,401,21,422
San Mateo,1/22/2021,165,7,172
Butte,1/22/2021,50,0,50
Riverside,1/22/2021,1422,117,1539
San Luis Obispo,1/22/2021,48,1,49
Humboldt,1/22/2021,16,7,23
Santa Clara,1/22/2021,579,17,596
Modoc,1/22/2021,0,0,0
Yuba,1/22/2021,45,0,45
Santa Barbara,1/22/2021,191,8,199
Placer,1/22/2021,116,10,126
Lassen,1/22/2021,5,0,5
Stanislaus,1/22/2021,312,12,324
Inyo,1/22/2021,3,0,3
Madera,1/22/2021,54,5,59
Ventura,1/22/2021,441,12,453
San Mateo,1/23/2021,160,12,172
Butte,1/23/2021,50,0,50
Kern,1/23/2021,382,11,393
Ventura,1/23/2021,419,12,431
San Bernardino,1/23/2021,1277,61,1338
Santa Cruz,1/23/2021,63,2,65
Inyo,1/23/2021,8,0,8
Glenn,1/23/2021,4,2,6
Shasta,1/23/2021,47,0,47
San Benito,1/23/2021,15,0,15
Siskiyou,1/23/2021,3,0,3
Yuba,1/23/2021,49,0,49
San Luis Obispo,1/23/2021,43,1,44
Santa Barbara,1/23/2021,185,5,190
Santa Clara,1/23/2021,550,16,566
Modoc,1/23/2021,0,0,0
Los Angeles,1/23/2021,6486,307,6793
Mendocino,1/23/2021,15,2,17
Orange,1/23/2021,1732,47,1779
Nevada,1/23/2021,1,0,1
Fresno,1/23/2021,527,32,559
San Francisco,1/23/2021,195,6,201
Tehama,1/23/2021,15,0,15
Napa,1/23/2021,19,0,19
Riverside,1/23/2021,1342,106,1448
Imperial,1/23/2021,100,1,101
Placer,1/23/2021,118,11,129
Mariposa,1/23/2021,0,0,0
Del Norte,1/23/2021,0,0,0
Contra Costa,1/23/2021,248,15,263
San Diego,1/23/2021,1467,55,1522
Amador,1/23/2021,11,0,11
El Dorado,1/23/2021,20,0,20
Colusa,1/23/2021,8,0,8
Tuolumne,1/23/2021,12,0,12
Sacramento,1/23/2021,374,21,395
Stanislaus,1/23/2021,298,16,314
Sutter,1/23/2021,0,0,0
Solano,1/23/2021,166,8,174
Calaveras,1/23/2021,3,0,3
Alameda,1/23/2021,404,40,444
Humboldt,1/23/2021,13,3,16
Madera,1/23/2021,53,8,61
Tulare,1/23/2021,157,9,166
San Joaquin,1/23/2021,285,10,295
Kings,1/23/2021,94,0,94
Mono,1/23/2021,0,0,0
Merced,1/23/2021,44,0,44
Lake,1/23/2021,9,0,9
Trinity,1/23/2021,0,0,0
Lassen,1/23/2021,6,0,6
Marin,1/23/2021,34,3,37
Yolo,1/23/2021,33,0,33
Plumas,1/23/2021,0,0,0
Monterey,1/23/2021,170,0,170
Sonoma,1/23/2021,96,6,102
Trinity,1/24/2021,0,0,0
Butte,1/24/2021,55,1,56
Solano,1/24/2021,165,11,176
San Mateo,1/24/2021,159,9,168
Plumas,1/24/2021,0,0,0
Napa,1/24/2021,21,0,21
Amador,1/24/2021,10,0,10
Yolo,1/24/2021,29,2,31
Mono,1/24/2021,0,0,0
Tuolumne,1/24/2021,13,0,13
Marin,1/24/2021,28,2,30
San Luis Obispo,1/24/2021,48,0,48
Inyo,1/24/2021,6,0,6
Mariposa,1/24/2021,0,0,0
Contra Costa,1/24/2021,241,18,259
Glenn,1/24/2021,2,2,4
Humboldt,1/24/2021,15,3,18
Tehama,1/24/2021,13,0,13
El Dorado,1/24/2021,23,1,24
Mendocino,1/24/2021,16,2,18
Santa Cruz,1/24/2021,60,1,61
Los Angeles,1/24/2021,6307,299,6606
San Bernardino,1/24/2021,1274,69,1343
Stanislaus,1/24/2021,291,11,302
Nevada,1/24/2021,12,0,12
Imperial,1/24/2021,93,1,94
Calaveras,1/24/2021,4,0,4
Sonoma,1/24/2021,92,2,94
Santa Clara,1/24/2021,554,17,571
Fresno,1/24/2021,536,39,575
San Benito,1/24/2021,14,0,14
Yuba,1/24/2021,53,0,53
Sutter,1/24/2021,0,0,0
Orange,1/24/2021,1703,45,1748
Colusa,1/24/2021,8,0,8
Lassen,1/24/2021,7,0,7
Monterey,1/24/2021,161,0,161
Sacramento,1/24/2021,377,24,401
Kern,1/24/2021,367,12,379
Santa Barbara,1/24/2021,112,84,196
Shasta,1/24/2021,42,0,42
Modoc,1/24/2021,0,0,0
San Diego,1/24/2021,1440,51,1491
Lake,1/24/2021,9,0,9
Merced,1/24/2021,51,0,51
San Joaquin,1/24/2021,288,12,300
Madera,1/24/2021,54,5,59
Riverside,1/24/2021,1304,108,1412
San Francisco,1/24/2021,192,5,197
Alameda,1/24/2021,406,39,445
Siskiyou,1/24/2021,2,0,2
Kings,1/24/2021,96,0,96
Ventura,1/24/2021,417,19,436
Placer,1/24/2021,114,14,128
Tulare,1/24/2021,148,7,155
Del Norte,1/24/2021,0,0,0
San Francisco,1/25/2021,190,9,199
San Luis Obispo,1/25/2021,46,1,47
Placer,1/25/2021,109,14,123
Inyo,1/25/2021,6,0,6
Imperial,1/25/2021,82,2,84
Lassen,1/25/2021,7,0,7
Orange,1/25/2021,1677,37,1714
Santa Cruz,1/25/2021,55,3,58
Tulare,1/25/2021,151,10,161
Marin,1/25/2021,29,1,30
Madera,1/25/2021,56,8,64
Ventura,1/25/2021,405,20,425
Sonoma,1/25/2021,96,4,100
Alameda,1/25/2021,396,40,436
Sacramento,1/25/2021,371,21,392
Nevada,1/25/2021,12,0,12
Amador,1/25/2021,11,0,11
Butte,1/25/2021,49,0,49
Merced,1/25/2021,54,0,54
Stanislaus,1/25/2021,302,14,316
Humboldt,1/25/2021,12,2,14
Santa Clara,1/25/2021,538,11,549
San Mateo,1/25/2021,147,8,155
Santa Barbara,1/25/2021,192,8,200
Del Norte,1/25/2021,0,0,0
Fresno,1/25/2021,553,16,569
Riverside,1/25/2021,1265,124,1389
San Diego,1/25/2021,1429,63,1492
Siskiyou,1/25/2021,2,0,2
Monterey,1/25/2021,158,0,158
Mendocino,1/25/2021,16,2,18
Solano,1/25/2021,159,12,171
Tuolumne,1/25/2021,10,0,10
Lake,1/25/2021,9,0,9
Contra Costa,1/25/2021,224,17,241
Colusa,1/25/2021,4,0,4
Shasta,1/25/2021,43,0,43
San Benito,1/25/2021,14,0,14
Trinity,1/25/2021,0,0,0
Yuba,1/25/2021,54,0,54
Calaveras,1/25/2021,3,0,3
Mariposa,1/25/2021,0,0,0
El Dorado,1/25/2021,19,1,20
Los Angeles,1/25/2021,6213,287,6500
San Joaquin,1/25/2021,280,6,286
Modoc,1/25/2021,0,0,0
Sutter,1/25/2021,0,0,0
Kings,1/25/2021,95,0,95
Glenn,1/25/2021,1,2,3
Yolo,1/25/2021,28,0,28
Tehama,1/25/2021,14,0,14
Plumas,1/25/2021,0,0,0
San Bernardino,1/25/2021,1248,51,1299
Mono,1/25/2021,0,0,0
Napa,1/25/2021,24,0,24
Kern,1/25/2021,378,9,387
Glenn,1/26/2021,1,2,3
Humboldt,1/26/2021,13,11,24
Sutter,1/26/2021,0,0,0
El Dorado,1/26/2021,21,1,22
Butte,1/26/2021,51,1,52
Santa Clara,1/26/2021,503,15,518
Santa Barbara,1/26/2021,203,9,212
Siskiyou,1/26/2021,2,0,2
San Bernardino,1/26/2021,1209,52,1261
San Francisco,1/26/2021,181,6,187
Sacramento,1/26/2021,382,22,404
Stanislaus,1/26/2021,293,10,303
Mono,1/26/2021,0,0,0
Del Norte,1/26/2021,0,0,0
Amador,1/26/2021,11,0,11
Monterey,1/26/2021,161,0,161
Los Angeles,1/26/2021,6026,345,6371
Ventura,1/26/2021,418,12,430
Lassen,1/26/2021,6,0,6
Kings,1/26/2021,89,1,90
Napa,1/26/2021,21,0,21
San Benito,1/26/2021,12,0,12
Contra Costa,1/26/2021,222,14,236
Madera,1/26/2021,58,9,67
Plumas,1/26/2021,0,0,0
Imperial,1/26/2021,77,5,82
Sonoma,1/26/2021,97,1,98
Yuba,1/26/2021,54,0,54
Mariposa,1/26/2021,0,0,0
Calaveras,1/26/2021,4,0,4
Santa Cruz,1/26/2021,58,3,61
Kern,1/26/2021,358,11,369
Solano,1/26/2021,153,9,162
Colusa,1/26/2021,4,0,4
Trinity,1/26/2021,0,0,0
Nevada,1/26/2021,12,0,12
San Diego,1/26/2021,1410,62,1472
Tehama,1/26/2021,10,0,10
Modoc,1/26/2021,0,0,0
Lake,1/26/2021,9,0,9
Mendocino,1/26/2021,16,2,18
Alameda,1/26/2021,382,36,418
Yolo,1/26/2021,27,0,27
Fresno,1/26/2021,543,29,572
San Luis Obispo,1/26/2021,47,2,49
Inyo,1/26/2021,7,0,7
Tulare,1/26/2021,152,8,160
San Mateo,1/26/2021,147,13,160
Merced,1/26/2021,54,0,54
Tuolumne,1/26/2021,8,0,8
Orange,1/26/2021,1639,55,1694
Riverside,1/26/2021,1238,99,1337
Placer,1/26/2021,113,13,126
Marin,1/26/2021,29,3,32
San Joaquin,1/26/2021,269,10,279
Shasta,1/26/2021,39,0,39
Inyo,1/27/2021,6,0,6
Napa,1/27/2021,20,1,21
Plumas,1/27/2021,0,0,0
Santa Barbara,1/27/2021,193,5,198
Kern,1/27/2021,338,8,346
San Joaquin,1/27/2021,255,16,271
Solano,1/27/2021,147,14,161
Imperial,1/27/2021,75,1,76
Glenn,1/27/2021,3,2,5
Tehama,1/27/2021,8,0,8
Yolo,1/27/2021,22,0,22
Santa Cruz,1/27/2021,51,1,52
Stanislaus,1/27/2021,288,13,301
Ventura,1/27/2021,411,8,419
Siskiyou,1/27/2021,2,0,2
Lassen,1/27/2021,3,0,3
Mariposa,1/27/2021,0,0,0
Modoc,1/27/2021,0,0,0
Kings,1/27/2021,76,1,77
Orange,1/27/2021,1592,32,1624
El Dorado,1/27/2021,18,2,20
San Mateo,1/27/2021,149,12,161
Trinity,1/27/2021,0,0,0
Monterey,1/27/2021,163,1,164
Mono,1/27/2021,0,0,0
Tulare,1/27/2021,153,4,157
Sonoma,1/27/2021,94,6,100
Nevada,1/27/2021,9,0,9
Alameda,1/27/2021,359,41,400
Tuolumne,1/27/2021,6,0,6
San Bernardino,1/27/2021,1164,68,1232
Riverside,1/27/2021,1191,122,1313
San Diego,1/27/2021,1343,61,1404
Yuba,1/27/2021,51,0,51
Butte,1/27/2021,46,1,47
Contra Costa,1/27/2021,197,11,208
Colusa,1/27/2021,4,0,4
Amador,1/27/2021,10,0,10
Merced,1/27/2021,53,0,53
Los Angeles,1/27/2021,5855,355,6210
Santa Clara,1/27/2021,509,12,521
Marin,1/27/2021,28,2,30
San Benito,1/27/2021,11,0,11
Placer,1/27/2021,105,15,120
Lake,1/27/2021,9,1,10
Calaveras,1/27/2021,4,0,4
Sutter,1/27/2021,0,0,0
Sacramento,1/27/2021,379,23,402
San Luis Obispo,1/27/2021,46,0,46
Mendocino,1/27/2021,15,2,17
Humboldt,1/27/2021,12,11,23
Fresno,1/27/2021,500,33,533
Del Norte,1/27/2021,0,0,0
Madera,1/27/2021,63,6,69
Shasta,1/27/2021,37,0,37
San Francisco,1/27/2021,178,1,179
Plumas,1/28/2021,0,0,0
Trinity,1/28/2021,0,0,0
Merced,1/28/2021,52,0,52
Santa Clara,1/28/2021,487,9,496
Shasta,1/28/2021,32,0,32
Orange,1/28/2021,1521,33,1554
Santa Cruz,1/28/2021,39,1,40
El Dorado,1/28/2021,15,3,18
San Bernardino,1/28/2021,1128,51,1179
Modoc,1/28/2021,0,0,0
Los Angeles,1/28/2021,5669,372,6041
Mono,1/28/2021,0,0,0
Mariposa,1/28/2021,0,0,0
Lake,1/28/2021,7,1,8
Santa Barbara,1/28/2021,180,7,187
Fresno,1/28/2021,472,28,500
Tuolumne,1/28/2021,7,0,7
Nevada,1/28/2021,13,0,13
Lassen,1/28/2021,3,0,3
Solano,1/28/2021,147,11,158
Mendocino,1/28/2021,15,2,17
Tehama,1/28/2021,11,0,11
Napa,1/28/2021,21,0,21
Imperial,1/28/2021,75,0,75
Riverside,1/28/2021,1128,124,1252
Sonoma,1/28/2021,89,6,95
San Francisco,1/28/2021,176,2,178
Butte,1/28/2021,41,1,42
Alameda,1/28/2021,353,46,399
Kern,1/28/2021,317,9,326
San Mateo,1/28/2021,146,10,156
Marin,1/28/2021,27,2,29
Calaveras,1/28/2021,3,0,3
San Diego,1/28/2021,1328,55,1383
Colusa,1/28/2021,7,0,7
Yolo,1/28/2021,19,0,19
Ventura,1/28/2021,386,7,393
Inyo,1/28/2021,4,0,4
Kings,1/28/2021,81,0,81
San Benito,1/28/2021,12,0,12
San Joaquin,1/28/2021,253,16,269
Siskiyou,1/28/2021,2,1,3
Del Norte,1/28/2021,0,1,1
Yuba,1/28/2021,49,0,49
San Luis Obispo,1/28/2021,43,0,43
Madera,1/28/2021,67,6,73
Glenn,1/28/2021,3,2,5
Monterey,1/28/2021,149,2,151
Stanislaus,1/28/2021,281,10,291
Sacramento,1/28/2021,365,16,381
Placer,1/28/2021,115,17,132
Sutter,1/28/2021,0,0,0
Amador,1/28/2021,12,0,12
Tulare,1/28/2021,153,7,160
Contra Costa,1/28/2021,189,14,203
Humboldt,1/28/2021,13,4,17
Calaveras,1/29/2021,3,0,3
Sonoma,1/29/2021,86,3,89
Orange,1/29/2021,1442,36,1478
Santa Barbara,1/29/2021,182,10,192
Lake,1/29/2021,8,0,8
Santa Clara,1/29/2021,487,8,495
San Diego,1/29/2021,1317,58,1375
Solano,1/29/2021,149,9,158
El Dorado,1/29/2021,15,0,15
Ventura,1/29/2021,376,14,390
Amador,1/29/2021,12,2,14
Trinity,1/29/2021,0,0,0
San Joaquin,1/29/2021,223,12,235
Tuolumne,1/29/2021,6,0,6
Alameda,1/29/2021,347,39,386
San Benito,1/29/2021,12,0,12
Sacramento,1/29/2021,352,17,369
Riverside,1/29/2021,1103,122,1225
San Mateo,1/29/2021,136,12,148
Kern,1/29/2021,298,10,308
Modoc,1/29/2021,1,0,1
Tulare,1/29/2021,154,5,159
Siskiyou,1/29/2021,0,0,0
Butte,1/29/2021,43,0,43
Fresno,1/29/2021,475,27,502
Del Norte,1/29/2021,0,1,1
Yolo,1/29/2021,17,0,17
Santa Cruz,1/29/2021,45,2,47
Yuba,1/29/2021,42,0,42
Lassen,1/29/2021,2,0,2
Mariposa,1/29/2021,0,0,0
San Luis Obispo,1/29/2021,46,2,48
Plumas,1/29/2021,0,0,0
Los Angeles,1/29/2021,5511,325,5836
Stanislaus,1/29/2021,270,13,283
Merced,1/29/2021,43,0,43
Glenn,1/29/2021,3,2,5
Sutter,1/29/2021,0,0,0
Colusa,1/29/2021,9,0,9
Mendocino,1/29/2021,13,1,14
San Francisco,1/29/2021,190,6,196
Monterey,1/29/2021,151,1,152
Inyo,1/29/2021,4,0,4
Madera,1/29/2021,59,9,68
Marin,1/29/2021,27,3,30
Tehama,1/29/2021,10,0,10
Nevada,1/29/2021,13,0,13
Placer,1/29/2021,118,17,135
Napa,1/29/2021,18,0,18
Humboldt,1/29/2021,8,3,11
Kings,1/29/2021,75,0,75
Imperial,1/29/2021,80,0,80
Shasta,1/29/2021,28,0,28
Mono,1/29/2021,0,0,0
San Bernardino,1/29/2021,1100,41,1141
Contra Costa,1/29/2021,187,18,205
San Luis Obispo,1/30/2021,46,1,47
San Joaquin,1/30/2021,207,18,225
Sonoma,1/30/2021,85,6,91
Yuba,1/30/2021,43,8,51
Napa,1/30/2021,18,0,18
Madera,1/30/2021,51,6,57
Butte,1/30/2021,43,0,43
Orange,1/30/2021,1412,38,1450
Imperial,1/30/2021,76,2,78
Modoc,1/30/2021,1,0,1
Alameda,1/30/2021,330,38,368
Los Angeles,1/30/2021,5398,320,5718
Colusa,1/30/2021,5,0,5
Amador,1/30/2021,9,0,9
El Dorado,1/30/2021,17,1,18
Yolo,1/30/2021,16,0,16
Monterey,1/30/2021,142,2,144
Humboldt,1/30/2021,8,7,15
Inyo,1/30/2021,3,0,3
Solano,1/30/2021,134,9,143
Calaveras,1/30/2021,1,0,1
Plumas,1/30/2021,0,0,0
Fresno,1/30/2021,460,34,494
Kern,1/30/2021,298,8,306
Riverside,1/30/2021,1028,109,1137
San Diego,1/30/2021,1310,42,1352
Lake,1/30/2021,7,0,7
Merced,1/30/2021,41,0,41
San Bernardino,1/30/2021,1060,52,1112
Kings,1/30/2021,64,0,64
Ventura,1/30/2021,362,14,376
Stanislaus,1/30/2021,262,15,277
Santa Clara,1/30/2021,475,7,482
San Francisco,1/30/2021,177,4,181
Tehama,1/30/2021,9,0,9
San Benito,1/30/2021,12,0,12
Mono,1/30/2021,0,0,0
Mendocino,1/30/2021,12,1,13
Shasta,1/30/2021,26,0,26
San Mateo,1/30/2021,146,10,156
Siskiyou,1/30/2021,0,0,0
Santa Cruz,1/30/2021,40,2,42
Santa Barbara,1/30/2021,179,7,186
Del Norte,1/30/2021,0,0,0
Tuolumne,1/30/2021,5,1,6
Sacramento,1/30/2021,346,14,360
Sutter,1/30/2021,0,0,0
Placer,1/30/2021,121,16,137
Lassen,1/30/2021,2,0,2
Trinity,1/30/2021,0,0,0
Mariposa,1/30/2021,0,0,0
Contra Costa,1/30/2021,182,18,200
Marin,1/30/2021,27,4,31
Glenn,1/30/2021,3,2,5
Tulare,1/30/2021,146,4,150
Nevada,1/30/2021,11,0,11
Placer,1/31/2021,107,11,118
Mendocino,1/31/2021,10,1,11
Stanislaus,1/31/2021,246,11,257
Solano,1/31/2021,126,4,130
Mariposa,1/31/2021,0,0,0
Sonoma,1/31/2021,78,2,80
Santa Clara,1/31/2021,454,12,466
Colusa,1/31/2021,5,0,5
Contra Costa,1/31/2021,172,16,188
Fresno,1/31/2021,452,29,481
San Joaquin,1/31/2021,212,15,227
Butte,1/31/2021,43,0,43
Madera,1/31/2021,51,10,61
Imperial,1/31/2021,72,0,72
Riverside,1/31/2021,979,129,1108
San Francisco,1/31/2021,170,4,174
Monterey,1/31/2021,128,1,129
Sutter,1/31/2021,0,0,0
Del Norte,1/31/2021,0,0,0
Merced,1/31/2021,39,0,39
Nevada,1/31/2021,1,11,12
San Benito,1/31/2021,10,0,10
Kings,1/31/2021,84,0,84
Orange,1/31/2021,1362,30,1392
Lassen,1/31/2021,4,0,4
Marin,1/31/2021,29,3,32
Yuba,1/31/2021,43,7,50
Trinity,1/31/2021,0,0,0
Lake,1/31/2021,7,0,7
Ventura,1/31/2021,351,16,367
Kern,1/31/2021,293,6,299
Los Angeles,1/31/2021,5259,300,5559
Tehama,1/31/2021,11,0,11
San Bernardino,1/31/2021,1036,39,1075
Calaveras,1/31/2021,2,0,2
Santa Cruz,1/31/2021,42,2,44
Inyo,1/31/2021,4,0,4
Alameda,1/31/2021,318,31,349
Napa,1/31/2021,15,0,15
Tuolumne,1/31/2021,9,0,9
Shasta,1/31/2021,25,0,25
Mono,1/31/2021,0,0,0
Glenn,1/31/2021,3,2,5
Humboldt,1/31/2021,10,2,12
Santa Barbara,1/31/2021,170,8,178
Amador,1/31/2021,8,0,8
Plumas,1/31/2021,0,0,0
El Dorado,1/31/2021,12,0,12
Modoc,1/31/2021,1,0,1
San Luis Obispo,1/31/2021,45,2,47
Tulare,1/31/2021,149,5,154
Yolo,1/31/2021,12,0,12
Siskiyou,1/31/2021,0,0,0
Sacramento,1/31/2021,339,14,353
San Mateo,1/31/2021,139,5,144
San Diego,1/31/2021,1306,41,1347
Mariposa,2/1/2021,0,0,0
San Joaquin,2/1/2021,222,15,237
Napa,2/1/2021,16,0,16
Madera,2/1/2021,44,2,46
Santa Barbara,2/1/2021,161,8,169
Amador,2/1/2021,8,0,8
Mendocino,2/1/2021,9,1,10
Sutter,2/1/2021,0,0,0
Yolo,2/1/2021,14,0,14
San Bernardino,2/1/2021,1017,46,1063
Marin,2/1/2021,28,4,32
Sacramento,2/1/2021,325,19,344
Trinity,2/1/2021,0,0,0
Kings,2/1/2021,90,2,92
Humboldt,2/1/2021,7,3,10
Sonoma,2/1/2021,81,3,84
Kern,2/1/2021,287,5,292
San Francisco,2/1/2021,174,1,175
Glenn,2/1/2021,0,0,0
Siskiyou,2/1/2021,3,0,3
Plumas,2/1/2021,0,0,0
Modoc,2/1/2021,1,0,1
Shasta,2/1/2021,21,0,21
Nevada,2/1/2021,10,0,10
Tulare,2/1/2021,142,7,149
El Dorado,2/1/2021,11,0,11
Lake,2/1/2021,5,0,5
Inyo,2/1/2021,3,0,3
Alameda,2/1/2021,314,39,353
Lassen,2/1/2021,5,0,5
Imperial,2/1/2021,73,0,73
Tehama,2/1/2021,10,0,10
Merced,2/1/2021,38,0,38
Santa Clara,2/1/2021,466,12,478
San Diego,2/1/2021,1258,76,1334
Fresno,2/1/2021,480,28,508
Santa Cruz,2/1/2021,41,1,42
Riverside,2/1/2021,954,131,1085
Mono,2/1/2021,0,0,0
Monterey,2/1/2021,122,3,125
Tuolumne,2/1/2021,8,1,9
Orange,2/1/2021,1330,22,1352
San Benito,2/1/2021,9,0,9
Solano,2/1/2021,139,7,146
Colusa,2/1/2021,4,0,4
San Luis Obispo,2/1/2021,47,1,48
Butte,2/1/2021,37,0,37
Los Angeles,2/1/2021,5165,278,5443
Calaveras,2/1/2021,2,0,2
Ventura,2/1/2021,330,10,340
San Mateo,2/1/2021,132,3,135
Placer,2/1/2021,102,14,116
Contra Costa,2/1/2021,181,18,199
Del Norte,2/1/2021,0,0,0
Stanislaus,2/1/2021,256,12,268
Yuba,2/1/2021,39,6,45
Solano,2/2/2021,128,10,138
Riverside,2/2/2021,920,127,1047
Tulare,2/2/2021,135,7,142
Del Norte,2/2/2021,0,0,0
Santa Barbara,2/2/2021,167,7,174
Mendocino,2/2/2021,9,1,10
Imperial,2/2/2021,66,0,66
Colusa,2/2/2021,4,0,4
Tuolumne,2/2/2021,3,0,3
Sutter,2/2/2021,0,0,0
Humboldt,2/2/2021,11,3,14
Shasta,2/2/2021,18,0,18
Alameda,2/2/2021,316,35,351
San Luis Obispo,2/2/2021,38,0,38
Contra Costa,2/2/2021,181,21,202
Santa Clara,2/2/2021,436,12,448
Nevada,2/2/2021,10,1,11
Sacramento,2/2/2021,305,14,319
San Benito,2/2/2021,9,0,9
San Mateo,2/2/2021,132,7,139
Stanislaus,2/2/2021,256,21,277
San Diego,2/2/2021,1233,51,1284
San Bernardino,2/2/2021,969,43,1012
Santa Cruz,2/2/2021,40,0,40
Modoc,2/2/2021,1,0,1
Orange,2/2/2021,1298,33,1331
Napa,2/2/2021,16,0,16
Fresno,2/2/2021,448,39,487
Siskiyou,2/2/2021,3,0,3
Kern,2/2/2021,273,8,281
Marin,2/2/2021,25,3,28
Inyo,2/2/2021,3,0,3
San Francisco,2/2/2021,176,7,183
Mariposa,2/2/2021,0,0,0
Amador,2/2/2021,8,0,8
San Joaquin,2/2/2021,217,9,226
Madera,2/2/2021,39,4,43
Placer,2/2/2021,108,14,122
Mono,2/2/2021,0,0,0
Yuba,2/2/2021,45,4,49
Merced,2/2/2021,36,0,36
Yolo,2/2/2021,12,0,12
Calaveras,2/2/2021,2,0,2
Tehama,2/2/2021,10,0,10
Kings,2/2/2021,85,0,85
Ventura,2/2/2021,333,9,342
Glenn,2/2/2021,0,0,0
Butte,2/2/2021,34,0,34
Los Angeles,2/2/2021,4990,314,5304
Monterey,2/2/2021,118,2,120
Sonoma,2/2/2021,81,6,87
Lassen,2/2/2021,5,0,5
Lake,2/2/2021,4,0,4
Plumas,2/2/2021,0,0,0
Trinity,2/2/2021,0,0,0
El Dorado,2/2/2021,10,0,10
Sutter,2/3/2021,0,0,0
Tuolumne,2/3/2021,5,0,5
Santa Cruz,2/3/2021,42,1,43
San Joaquin,2/3/2021,209,6,215
Solano,2/3/2021,128,7,135
San Bernardino,2/3/2021,945,49,994
San Diego,2/3/2021,1202,52,1254
Colusa,2/3/2021,4,0,4
Shasta,2/3/2021,19,0,19
Yuba,2/3/2021,48,3,51
Tehama,2/3/2021,11,0,11
Fresno,2/3/2021,435,33,468
Inyo,2/3/2021,5,0,5
Mendocino,2/3/2021,5,1,6
San Benito,2/3/2021,12,0,12
Contra Costa,2/3/2021,165,15,180
Imperial,2/3/2021,61,1,62
Santa Clara,2/3/2021,418,9,427
Humboldt,2/3/2021,11,3,14
Placer,2/3/2021,108,19,127
Orange,2/3/2021,1238,41,1279
Sonoma,2/3/2021,72,9,81
Siskiyou,2/3/2021,3,0,3
Monterey,2/3/2021,118,2,120
San Luis Obispo,2/3/2021,42,1,43
Lake,2/3/2021,3,0,3
Napa,2/3/2021,17,0,17
Mariposa,2/3/2021,0,0,0
Nevada,2/3/2021,10,1,11
Yolo,2/3/2021,12,0,12
Glenn,2/3/2021,0,0,0
San Mateo,2/3/2021,125,6,131
Riverside,2/3/2021,864,127,991
Los Angeles,2/3/2021,4796,346,5142
San Francisco,2/3/2021,166,9,175
Mono,2/3/2021,0,0,0
Trinity,2/3/2021,0,0,0
Kings,2/3/2021,76,1,77
Alameda,2/3/2021,301,39,340
Kern,2/3/2021,260,10,270
Santa Barbara,2/3/2021,164,4,168
Tulare,2/3/2021,137,13,150
Modoc,2/3/2021,2,0,2
Ventura,2/3/2021,340,8,348
Butte,2/3/2021,32,0,32
Amador,2/3/2021,7,0,7
Marin,2/3/2021,23,2,25
El Dorado,2/3/2021,9,0,9
Lassen,2/3/2021,2,0,2
Plumas,2/3/2021,0,0,0
Stanislaus,2/3/2021,250,22,272
Del Norte,2/3/2021,0,0,0
Calaveras,2/3/2021,3,0,3
Madera,2/3/2021,32,7,39
Merced,2/3/2021,38,0,38
Sacramento,2/3/2021,302,14,316
Stanislaus,2/4/2021,245,21,266
San Mateo,2/4/2021,119,5,124
Fresno,2/4/2021,419,24,443
Ventura,2/4/2021,319,9,328
Placer,2/4/2021,114,15,129
Inyo,2/4/2021,4,0,4
Mariposa,2/4/2021,0,0,0
Imperial,2/4/2021,55,1,56
Merced,2/4/2021,40,0,40
Modoc,2/4/2021,2,0,2
San Luis Obispo,2/4/2021,43,0,43
Santa Cruz,2/4/2021,45,0,45
Shasta,2/4/2021,21,0,21
Santa Clara,2/4/2021,381,14,395
Los Angeles,2/4/2021,4607,319,4926
Tulare,2/4/2021,139,8,147
Mono,2/4/2021,0,0,0
Glenn,2/4/2021,0,0,0
Marin,2/4/2021,25,4,29
Yolo,2/4/2021,13,0,13
Riverside,2/4/2021,847,117,964
Alameda,2/4/2021,302,42,344
Calaveras,2/4/2021,4,0,4
Humboldt,2/4/2021,14,2,16
San Joaquin,2/4/2021,196,8,204
San Bernardino,2/4/2021,906,50,956
Contra Costa,2/4/2021,174,20,194
Santa Barbara,2/4/2021,161,6,167
San Benito,2/4/2021,12,0,12
El Dorado,2/4/2021,8,0,8
Lake,2/4/2021,2,0,2
Madera,2/4/2021,34,5,39
Kings,2/4/2021,72,1,73
Monterey,2/4/2021,114,0,114
Butte,2/4/2021,32,0,32
San Francisco,2/4/2021,171,5,176
Tuolumne,2/4/2021,7,1,8
Nevada,2/4/2021,14,2,16
Sacramento,2/4/2021,292,18,310
Orange,2/4/2021,1233,36,1269
Amador,2/4/2021,6,1,7
Sutter,2/4/2021,0,0,0
Solano,2/4/2021,118,11,129
Napa,2/4/2021,14,0,14
Kern,2/4/2021,259,5,264
Trinity,2/4/2021,0,0,0
Yuba,2/4/2021,43,3,46
Siskiyou,2/4/2021,2,0,2
Sonoma,2/4/2021,69,8,77
San Diego,2/4/2021,1142,47,1189
Mendocino,2/4/2021,8,1,9
Colusa,2/4/2021,5,0,5
Lassen,2/4/2021,2,0,2
Plumas,2/4/2021,0,0,0
Del Norte,2/4/2021,0,0,0
Tehama,2/4/2021,9,0,9
San Joaquin,2/5/2021,172,6,178
Tehama,2/5/2021,11,0,11
Merced,2/5/2021,38,0,38
Sutter,2/5/2021,0,0,0
Stanislaus,2/5/2021,229,24,253
Sonoma,2/5/2021,62,2,64
Calaveras,2/5/2021,5,0,5
Nevada,2/5/2021,11,4,15
Orange,2/5/2021,1164,29,1193
San Mateo,2/5/2021,115,9,124
Plumas,2/5/2021,0,0,0
Santa Barbara,2/5/2021,154,6,160
Kern,2/5/2021,256,2,258
Napa,2/5/2021,14,0,14
Lake,2/5/2021,2,0,2
Yuba,2/5/2021,43,3,46
Madera,2/5/2021,39,8,47
Fresno,2/5/2021,405,29,434
Inyo,2/5/2021,6,0,6
Mariposa,2/5/2021,0,0,0
Marin,2/5/2021,23,2,25
San Bernardino,2/5/2021,905,45,950
Modoc,2/5/2021,2,0,2
Lassen,2/5/2021,2,0,2
Alameda,2/5/2021,294,34,328
Glenn,2/5/2021,0,0,0
Amador,2/5/2021,7,1,8
Colusa,2/5/2021,4,0,4
Monterey,2/5/2021,109,1,110
San Francisco,2/5/2021,172,4,176
Contra Costa,2/5/2021,166,21,187
Sacramento,2/5/2021,260,17,277
El Dorado,2/5/2021,6,0,6
Imperial,2/5/2021,49,0,49
Butte,2/5/2021,31,0,31
Humboldt,2/5/2021,15,1,16
San Luis Obispo,2/5/2021,36,1,37
Riverside,2/5/2021,821,109,930
Del Norte,2/5/2021,0,0,0
San Diego,2/5/2021,1100,38,1138
Siskiyou,2/5/2021,2,0,2
Santa Cruz,2/5/2021,48,1,49
Shasta,2/5/2021,20,0,20
Mendocino,2/5/2021,8,0,8
Solano,2/5/2021,110,9,119
Tulare,2/5/2021,134,9,143
San Benito,2/5/2021,12,0,12
Los Angeles,2/5/2021,4421,338,4759
Ventura,2/5/2021,305,11,316
Placer,2/5/2021,109,10,119
Kings,2/5/2021,67,0,67
Yolo,2/5/2021,12,0,12
Mono,2/5/2021,0,0,0
Tuolumne,2/5/2021,9,1,10
Santa Clara,2/5/2021,360,17,377
Trinity,2/5/2021,0,0,0
San Diego,2/6/2021,1074,43,1117
Modoc,2/6/2021,1,0,1
San Bernardino,2/6/2021,828,46,874
Mariposa,2/6/2021,0,0,0
Marin,2/6/2021,23,1,24
Contra Costa,2/6/2021,154,17,171
Tuolumne,2/6/2021,7,1,8
Monterey,2/6/2021,105,0,105
San Mateo,2/6/2021,107,7,114
Orange,2/6/2021,1093,35,1128
Tulare,2/6/2021,126,6,132
Napa,2/6/2021,12,0,12
Mono,2/6/2021,0,0,0
Amador,2/6/2021,6,1,7
Kings,2/6/2021,69,2,71
Trinity,2/6/2021,0,0,0
Sutter,2/6/2021,0,0,0
Shasta,2/6/2021,22,0,22
Los Angeles,2/6/2021,4186,306,4492
San Benito,2/6/2021,10,0,10
Humboldt,2/6/2021,15,2,17
Sacramento,2/6/2021,245,16,261
Merced,2/6/2021,44,0,44
Placer,2/6/2021,94,14,108
Butte,2/6/2021,25,0,25
Yolo,2/6/2021,12,0,12
Santa Barbara,2/6/2021,132,5,137
Calaveras,2/6/2021,4,0,4
Ventura,2/6/2021,298,9,307
Siskiyou,2/6/2021,1,0,1
Tehama,2/6/2021,12,0,12
Madera,2/6/2021,39,8,47
Solano,2/6/2021,98,12,110
Alameda,2/6/2021,282,37,319
Yuba,2/6/2021,42,1,43
Santa Clara,2/6/2021,341,24,365
Glenn,2/6/2021,0,0,0
Inyo,2/6/2021,5,0,5
Del Norte,2/6/2021,0,1,1
San Joaquin,2/6/2021,175,7,182
Plumas,2/6/2021,0,0,0
Fresno,2/6/2021,378,25,403
Kern,2/6/2021,244,3,247
Santa Cruz,2/6/2021,46,2,48
Imperial,2/6/2021,43,0,43
Lake,2/6/2021,2,0,2
San Luis Obispo,2/6/2021,32,0,32
San Francisco,2/6/2021,159,5,164
Mendocino,2/6/2021,6,0,6
Colusa,2/6/2021,7,0,7
Sonoma,2/6/2021,69,1,70
Stanislaus,2/6/2021,218,31,249
Lassen,2/6/2021,3,0,3
El Dorado,2/6/2021,6,0,6
Nevada,2/6/2021,9,2,11
Riverside,2/6/2021,786,111,897
Fresno,2/7/2021,366,25,391
San Luis Obispo,2/7/2021,33,1,34
Contra Costa,2/7/2021,137,18,155
San Diego,2/7/2021,1042,37,1079
Kings,2/7/2021,67,1,68
Colusa,2/7/2021,7,0,7
Inyo,2/7/2021,5,0,5
Santa Cruz,2/7/2021,41,1,42
Plumas,2/7/2021,0,0,0
Amador,2/7/2021,5,0,5
Napa,2/7/2021,12,0,12
Tehama,2/7/2021,11,0,11
Trinity,2/7/2021,0,0,0
San Joaquin,2/7/2021,171,8,179
Kern,2/7/2021,270,2,272
Riverside,2/7/2021,768,103,871
Tulare,2/7/2021,124,11,135
Mendocino,2/7/2021,8,0,8
Solano,2/7/2021,92,8,100
Marin,2/7/2021,20,3,23
San Bernardino,2/7/2021,822,48,870
Alameda,2/7/2021,279,32,311
Madera,2/7/2021,42,7,49
El Dorado,2/7/2021,6,0,6
Imperial,2/7/2021,38,2,40
Ventura,2/7/2021,282,12,294
Lake,2/7/2021,2,0,2
Mariposa,2/7/2021,1,0,1
Lassen,2/7/2021,3,0,3
Butte,2/7/2021,24,0,24
Sonoma,2/7/2021,67,2,69
Santa Barbara,2/7/2021,141,6,147
Modoc,2/7/2021,1,0,1
Yolo,2/7/2021,10,0,10
Sacramento,2/7/2021,237,15,252
Calaveras,2/7/2021,4,0,4
Monterey,2/7/2021,106,1,107
Sutter,2/7/2021,0,0,0
Placer,2/7/2021,84,17,101
Santa Clara,2/7/2021,327,18,345
Nevada,2/7/2021,9,2,11
San Mateo,2/7/2021,101,9,110
Los Angeles,2/7/2021,4079,255,4334
San Benito,2/7/2021,11,0,11
Orange,2/7/2021,1046,24,1070
Yuba,2/7/2021,38,2,40
Mono,2/7/2021,0,0,0
Siskiyou,2/7/2021,2,0,2
Stanislaus,2/7/2021,210,22,232
San Francisco,2/7/2021,151,3,154
Glenn,2/7/2021,0,0,0
Del Norte,2/7/2021,0,1,1
Tuolumne,2/7/2021,7,0,7
Merced,2/7/2021,40,0,40
Shasta,2/7/2021,22,0,22
Humboldt,2/7/2021,14,4,18
Napa,2/8/2021,13,0,13
Imperial,2/8/2021,38,0,38
Placer,2/8/2021,86,11,97
San Francisco,2/8/2021,147,2,149
San Diego,2/8/2021,992,47,1039
Kern,2/8/2021,257,3,260
El Dorado,2/8/2021,8,0,8
Tehama,2/8/2021,11,0,11
Yuba,2/8/2021,36,2,38
Mono,2/8/2021,0,0,0
Shasta,2/8/2021,22,0,22
Plumas,2/8/2021,0,0,0
Butte,2/8/2021,23,0,23
Alameda,2/8/2021,273,28,301
Los Angeles,2/8/2021,3973,267,4240
Sonoma,2/8/2021,60,2,62
Humboldt,2/8/2021,12,6,18
Contra Costa,2/8/2021,131,18,149
Colusa,2/8/2021,7,0,7
San Bernardino,2/8/2021,802,67,869
Glenn,2/8/2021,0,0,0
Siskiyou,2/8/2021,5,0,5
Madera,2/8/2021,41,6,47
Marin,2/8/2021,18,3,21
San Luis Obispo,2/8/2021,31,2,33
Inyo,2/8/2021,4,0,4
Del Norte,2/8/2021,1,0,1
Riverside,2/8/2021,755,98,853
Tuolumne,2/8/2021,10,0,10
Amador,2/8/2021,4,0,4
Solano,2/8/2021,99,8,107
Kings,2/8/2021,72,0,72
Orange,2/8/2021,1058,34,1092
Modoc,2/8/2021,1,0,1
Stanislaus,2/8/2021,221,14,235
Mendocino,2/8/2021,12,0,12
Trinity,2/8/2021,0,0,0
Lake,2/8/2021,3,0,3
Mariposa,2/8/2021,1,0,1
San Mateo,2/8/2021,96,13,109
San Joaquin,2/8/2021,165,5,170
Sutter,2/8/2021,0,0,0
Lassen,2/8/2021,3,0,3
San Benito,2/8/2021,11,0,11
Santa Barbara,2/8/2021,149,3,152
Fresno,2/8/2021,361,17,378
Yolo,2/8/2021,9,0,9
Calaveras,2/8/2021,4,0,4
Merced,2/8/2021,40,0,40
Tulare,2/8/2021,128,11,139
Nevada,2/8/2021,9,2,11
Santa Cruz,2/8/2021,40,0,40
Ventura,2/8/2021,280,12,292
Santa Clara,2/8/2021,339,13,352
Sacramento,2/8/2021,239,12,251
Monterey,2/8/2021,98,0,98
San Diego,2/9/2021,951,50,1001
Merced,2/9/2021,39,0,39
San Mateo,2/9/2021,101,17,118
Contra Costa,2/9/2021,124,17,141
Los Angeles,2/9/2021,3772,312,4084
Colusa,2/9/2021,3,0,3
Lassen,2/9/2021,3,0,3
Marin,2/9/2021,18,3,21
Del Norte,2/9/2021,1,0,1
Santa Cruz,2/9/2021,38,1,39
Nevada,2/9/2021,8,0,8
Placer,2/9/2021,82,9,91
Plumas,2/9/2021,1,0,1
San Bernardino,2/9/2021,738,57,795
Humboldt,2/9/2021,15,2,17
Glenn,2/9/2021,0,0,0
Santa Barbara,2/9/2021,145,4,149
San Francisco,2/9/2021,147,2,149
Sacramento,2/9/2021,250,16,266
Siskiyou,2/9/2021,4,0,4
Imperial,2/9/2021,36,1,37
Riverside,2/9/2021,726,75,801
Lake,2/9/2021,5,0,5
Trinity,2/9/2021,0,0,0
Solano,2/9/2021,98,8,106
Sonoma,2/9/2021,65,2,67
San Luis Obispo,2/9/2021,34,2,36
San Benito,2/9/2021,12,0,12
Butte,2/9/2021,22,0,22
Fresno,2/9/2021,353,16,369
El Dorado,2/9/2021,4,0,4
Modoc,2/9/2021,1,0,1
Orange,2/9/2021,1009,32,1041
Shasta,2/9/2021,20,0,20
Kings,2/9/2021,63,0,63
Madera,2/9/2021,45,10,55
Tulare,2/9/2021,121,8,129
Santa Clara,2/9/2021,342,17,359
Calaveras,2/9/2021,5,0,5
Tuolumne,2/9/2021,8,0,8
Kern,2/9/2021,268,6,274
Mono,2/9/2021,0,0,0
Mendocino,2/9/2021,11,0,11
Ventura,2/9/2021,274,17,291
Monterey,2/9/2021,98,0,98
Tehama,2/9/2021,12,0,12
Mariposa,2/9/2021,1,0,1
Amador,2/9/2021,6,0,6
Yolo,2/9/2021,11,0,11
Stanislaus,2/9/2021,210,13,223
Alameda,2/9/2021,260,40,300
Napa,2/9/2021,12,0,12
Inyo,2/9/2021,3,0,3
San Joaquin,2/9/2021,160,8,168
Sutter,2/9/2021,0,0,0
Yuba,2/9/2021,36,0,36
Butte,2/10/2021,18,0,18
Trinity,2/10/2021,0,0,0
San Joaquin,2/10/2021,153,12,165
Humboldt,2/10/2021,14,3,17
Glenn,2/10/2021,0,0,0
Tehama,2/10/2021,13,0,13
Sutter,2/10/2021,0,0,0
Calaveras,2/10/2021,5,0,5
Alameda,2/10/2021,242,41,283
Placer,2/10/2021,79,5,84
San Francisco,2/10/2021,132,2,134
Napa,2/10/2021,12,0,12
San Mateo,2/10/2021,97,13,110
San Luis Obispo,2/10/2021,34,1,35
Del Norte,2/10/2021,1,0,1
Mendocino,2/10/2021,13,0,13
San Bernardino,2/10/2021,706,61,767
San Diego,2/10/2021,916,41,957
Kern,2/10/2021,266,7,273
Yolo,2/10/2021,11,0,11
Mono,2/10/2021,1,0,1
Contra Costa,2/10/2021,124,14,138
Merced,2/10/2021,38,0,38
Los Angeles,2/10/2021,3614,256,3870
Shasta,2/10/2021,20,0,20
Colusa,2/10/2021,3,0,3
Imperial,2/10/2021,33,4,37
Inyo,2/10/2021,2,0,2
Yuba,2/10/2021,34,0,34
Siskiyou,2/10/2021,4,0,4
Madera,2/10/2021,44,7,51
Marin,2/10/2021,20,3,23
Santa Barbara,2/10/2021,154,8,162
Riverside,2/10/2021,687,71,758
Plumas,2/10/2021,1,0,1
Modoc,2/10/2021,1,0,1
Amador,2/10/2021,5,0,5
Lassen,2/10/2021,1,0,1
Fresno,2/10/2021,344,13,357
Lake,2/10/2021,7,0,7
El Dorado,2/10/2021,4,0,4
Tuolumne,2/10/2021,6,0,6
Tulare,2/10/2021,117,7,124
Mariposa,2/10/2021,1,0,1
Stanislaus,2/10/2021,203,14,217
Sacramento,2/10/2021,245,18,263
San Benito,2/10/2021,12,0,12
Orange,2/10/2021,965,35,1000
Santa Clara,2/10/2021,319,11,330
Solano,2/10/2021,96,11,107
Monterey,2/10/2021,99,1,100
Kings,2/10/2021,60,0,60
Sonoma,2/10/2021,53,3,56
Santa Cruz,2/10/2021,38,0,38
Ventura,2/10/2021,273,18,291
Nevada,2/10/2021,8,0,8
Marin,2/11/2021,19,4,23
Tulare,2/11/2021,110,13,123
Sacramento,2/11/2021,237,18,255
Tehama,2/11/2021,9,0,9
Lassen,2/11/2021,1,0,1
Del Norte,2/11/2021,1,0,1
Los Angeles,2/11/2021,3415,223,3638
Alameda,2/11/2021,230,40,270
Nevada,2/11/2021,8,0,8
Orange,2/11/2021,908,22,930
Sonoma,2/11/2021,48,2,50
Glenn,2/11/2021,0,0,0
Yolo,2/11/2021,13,0,13
Siskiyou,2/11/2021,4,0,4
Mono,2/11/2021,2,0,2
Modoc,2/11/2021,1,0,1
Fresno,2/11/2021,325,21,346
San Francisco,2/11/2021,122,2,124
Imperial,2/11/2021,32,3,35
Lake,2/11/2021,7,0,7
Colusa,2/11/2021,4,0,4
Tuolumne,2/11/2021,6,0,6
Plumas,2/11/2021,1,0,1
Stanislaus,2/11/2021,197,11,208
Contra Costa,2/11/2021,114,15,129
Humboldt,2/11/2021,11,3,14
Sutter,2/11/2021,0,0,0
Ventura,2/11/2021,262,10,272
San Joaquin,2/11/2021,170,4,174
San Mateo,2/11/2021,93,14,107
San Diego,2/11/2021,857,37,894
San Bernardino,2/11/2021,674,43,717
Madera,2/11/2021,42,7,49
Merced,2/11/2021,37,0,37
San Benito,2/11/2021,15,0,15
Butte,2/11/2021,25,0,25
Trinity,2/11/2021,0,0,0
Santa Clara,2/11/2021,328,23,351
Napa,2/11/2021,12,0,12
Santa Barbara,2/11/2021,139,11,150
Riverside,2/11/2021,660,64,724
El Dorado,2/11/2021,2,0,2
Monterey,2/11/2021,99,0,99
Yuba,2/11/2021,32,0,32
Solano,2/11/2021,96,15,111
Kings,2/11/2021,65,0,65
San Luis Obispo,2/11/2021,30,0,30
Calaveras,2/11/2021,4,0,4
Amador,2/11/2021,3,1,4
Shasta,2/11/2021,17,0,17
Mariposa,2/11/2021,0,0,0
Placer,2/11/2021,76,8,84
Mendocino,2/11/2021,13,0,13
Kern,2/11/2021,255,8,263
Inyo,2/11/2021,2,0,2
Santa Cruz,2/11/2021,39,0,39
Lassen,2/12/2021,1,0,1
Santa Barbara,2/12/2021,129,5,134
Mono,2/12/2021,2,0,2
San Bernardino,2/12/2021,626,43,669
Colusa,2/12/2021,5,0,5
San Mateo,2/12/2021,88,11,99
Sonoma,2/12/2021,50,1,51
Trinity,2/12/2021,0,0,0
San Diego,2/12/2021,850,40,890
Ventura,2/12/2021,242,9,251
Butte,2/12/2021,18,0,18
Madera,2/12/2021,41,4,45
Mariposa,2/12/2021,0,0,0
Nevada,2/12/2021,9,0,9
Tuolumne,2/12/2021,4,0,4
Modoc,2/12/2021,1,0,1
Santa Clara,2/12/2021,314,20,334
Monterey,2/12/2021,92,0,92
Napa,2/12/2021,11,0,11
San Benito,2/12/2021,16,0,16
Plumas,2/12/2021,1,0,1
Merced,2/12/2021,37,0,37
Humboldt,2/12/2021,11,3,14
Orange,2/12/2021,839,30,869
Del Norte,2/12/2021,2,0,2
Santa Cruz,2/12/2021,30,0,30
Shasta,2/12/2021,17,0,17
Solano,2/12/2021,93,13,106
Kings,2/12/2021,64,1,65
Siskiyou,2/12/2021,2,0,2
Glenn,2/12/2021,0,0,0
Amador,2/12/2021,4,0,4
Kern,2/12/2021,240,3,243
Yolo,2/12/2021,12,0,12
Yuba,2/12/2021,32,2,34
Sacramento,2/12/2021,222,19,241
Imperial,2/12/2021,32,1,33
Sutter,2/12/2021,0,0,0
Riverside,2/12/2021,626,58,684
Fresno,2/12/2021,319,30,349
Contra Costa,2/12/2021,99,12,111
Stanislaus,2/12/2021,196,14,210
Marin,2/12/2021,20,3,23
Mendocino,2/12/2021,8,0,8
El Dorado,2/12/2021,4,0,4
San Luis Obispo,2/12/2021,28,0,28
San Joaquin,2/12/2021,158,8,166
Tulare,2/12/2021,109,7,116
Los Angeles,2/12/2021,3270,196,3466
Alameda,2/12/2021,219,39,258
Calaveras,2/12/2021,4,0,4
San Francisco,2/12/2021,118,2,120
Tehama,2/12/2021,9,0,9
Lake,2/12/2021,6,0,6
Placer,2/12/2021,81,9,90
Inyo,2/12/2021,3,1,4
Glenn,2/13/2021,0,0,0
Los Angeles,2/13/2021,3092,201,3293
San Francisco,2/13/2021,124,5,129
Tuolumne,2/13/2021,3,0,3
Stanislaus,2/13/2021,185,16,201
San Benito,2/13/2021,15,0,15
Calaveras,2/13/2021,4,0,4
Santa Cruz,2/13/2021,28,1,29
San Joaquin,2/13/2021,168,11,179
Monterey,2/13/2021,83,0,83
Kern,2/13/2021,229,3,232
Del Norte,2/13/2021,2,0,2
Placer,2/13/2021,77,15,92
Riverside,2/13/2021,586,65,651
San Mateo,2/13/2021,86,12,98
Sacramento,2/13/2021,227,18,245
Nevada,2/13/2021,7,0,7
Tehama,2/13/2021,6,0,6
El Dorado,2/13/2021,4,0,4
Sutter,2/13/2021,0,0,0
Lake,2/13/2021,7,0,7
Colusa,2/13/2021,5,0,5
Siskiyou,2/13/2021,2,0,2
Butte,2/13/2021,15,0,15
San Luis Obispo,2/13/2021,28,2,30
Inyo,2/13/2021,2,1,3
Shasta,2/13/2021,16,0,16
Yolo,2/13/2021,11,0,11
Sonoma,2/13/2021,47,1,48
Contra Costa,2/13/2021,97,18,115
Mono,2/13/2021,1,0,1
Fresno,2/13/2021,317,24,341
Mariposa,2/13/2021,0,0,0
Humboldt,2/13/2021,12,7,19
San Diego,2/13/2021,824,38,862
Orange,2/13/2021,790,26,816
San Bernardino,2/13/2021,572,69,641
Santa Clara,2/13/2021,302,20,322
Madera,2/13/2021,41,6,47
Trinity,2/13/2021,0,0,0
Mendocino,2/13/2021,12,0,12
Plumas,2/13/2021,1,0,1
Santa Barbara,2/13/2021,122,7,129
Napa,2/13/2021,12,1,13
Alameda,2/13/2021,213,38,251
Solano,2/13/2021,91,11,102
Tulare,2/13/2021,104,6,110
Marin,2/13/2021,18,5,23
Lassen,2/13/2021,2,0,2
Imperial,2/13/2021,31,2,33
Merced,2/13/2021,40,0,40
Ventura,2/13/2021,232,11,243
Yuba,2/13/2021,35,0,35
Modoc,2/13/2021,2,0,2
Amador,2/13/2021,5,0,5
Kings,2/13/2021,61,0,61
Inyo,2/14/2021,0,0,0
Los Angeles,2/14/2021,2964,200,3164
San Francisco,2/14/2021,118,3,121
Riverside,2/14/2021,576,56,632
Placer,2/14/2021,78,10,88
Santa Cruz,2/14/2021,30,0,30
Plumas,2/14/2021,2,0,2
Del Norte,2/14/2021,2,0,2
Calaveras,2/14/2021,2,0,2
Mariposa,2/14/2021,0,0,0
Imperial,2/14/2021,29,1,30
Solano,2/14/2021,92,14,106
Humboldt,2/14/2021,13,2,15
San Diego,2/14/2021,806,36,842
Stanislaus,2/14/2021,178,17,195
Kern,2/14/2021,221,7,228
Orange,2/14/2021,777,32,809
Mono,2/14/2021,1,0,1
El Dorado,2/14/2021,6,0,6
Merced,2/14/2021,33,0,33
Mendocino,2/14/2021,13,0,13
Lassen,2/14/2021,2,0,2
Modoc,2/14/2021,2,0,2
San Mateo,2/14/2021,81,10,91
Shasta,2/14/2021,16,0,16
Colusa,2/14/2021,5,0,5
Monterey,2/14/2021,79,0,79
Santa Clara,2/14/2021,293,24,317
Santa Barbara,2/14/2021,119,4,123
Sutter,2/14/2021,0,0,0
Tulare,2/14/2021,97,5,102
Alameda,2/14/2021,201,49,250
San Benito,2/14/2021,13,0,13
Amador,2/14/2021,7,0,7
Tuolumne,2/14/2021,4,0,4
Fresno,2/14/2021,308,16,324
Marin,2/14/2021,17,3,20
Nevada,2/14/2021,6,0,6
Glenn,2/14/2021,0,0,0
Madera,2/14/2021,42,7,49
Kings,2/14/2021,60,0,60
Contra Costa,2/14/2021,99,17,116
San Joaquin,2/14/2021,159,11,170
Butte,2/14/2021,14,2,16
Lake,2/14/2021,4,0,4
San Bernardino,2/14/2021,576,42,618
Yolo,2/14/2021,10,0,10
Yuba,2/14/2021,30,0,30
Trinity,2/14/2021,0,0,0
San Luis Obispo,2/14/2021,30,0,30
Napa,2/14/2021,11,0,11
Siskiyou,2/14/2021,3,0,3
Sonoma,2/14/2021,48,1,49
Sacramento,2/14/2021,223,25,248
Tehama,2/14/2021,6,0,6
Ventura,2/14/2021,221,12,233
Stanislaus,2/15/2021,177,11,188
Santa Clara,2/15/2021,271,41,312
Santa Barbara,2/15/2021,106,3,109
San Benito,2/15/2021,10,0,10
San Joaquin,2/15/2021,146,8,154
San Mateo,2/15/2021,80,7,87
Lake,2/15/2021,3,0,3
Sonoma,2/15/2021,50,1,51
Modoc,2/15/2021,2,0,2
Mariposa,2/15/2021,0,0,0
Plumas,2/15/2021,2,0,2
Orange,2/15/2021,748,21,769
Solano,2/15/2021,85,13,98
Butte,2/15/2021,11,2,13
Sacramento,2/15/2021,227,27,254
Mendocino,2/15/2021,11,0,11
Tuolumne,2/15/2021,2,0,2
Santa Cruz,2/15/2021,28,0,28
Kern,2/15/2021,228,9,237
Alameda,2/15/2021,207,38,245
Calaveras,2/15/2021,1,0,1
Humboldt,2/15/2021,15,4,19
Yolo,2/15/2021,10,0,10
Madera,2/15/2021,46,9,55
Contra Costa,2/15/2021,104,28,132
Los Angeles,2/15/2021,2855,189,3044
San Francisco,2/15/2021,114,5,119
Amador,2/15/2021,7,0,7
Nevada,2/15/2021,4,0,4
Fresno,2/15/2021,309,19,328
Inyo,2/15/2021,0,0,0
Napa,2/15/2021,9,0,9
Glenn,2/15/2021,0,0,0
Kings,2/15/2021,60,0,60
Placer,2/15/2021,77,17,94
Marin,2/15/2021,17,4,21
Del Norte,2/15/2021,2,0,2
Lassen,2/15/2021,1,0,1
Riverside,2/15/2021,567,51,618
San Luis Obispo,2/15/2021,27,0,27
Tehama,2/15/2021,3,0,3
Mono,2/15/2021,1,0,1
Siskiyou,2/15/2021,3,0,3
Shasta,2/15/2021,14,0,14
Trinity,2/15/2021,0,0,0
Imperial,2/15/2021,28,1,29
Monterey,2/15/2021,72,0,72
El Dorado,2/15/2021,3,0,3
Merced,2/15/2021,34,0,34
Tulare,2/15/2021,95,7,102
Sutter,2/15/2021,0,0,0
Colusa,2/15/2021,5,0,5
Ventura,2/15/2021,216,10,226
Yuba,2/15/2021,29,0,29
San Diego,2/15/2021,782,37,819
San Bernardino,2/15/2021,575,54,629
Marin,2/16/2021,14,3,17
Nevada,2/16/2021,5,0,5
Butte,2/16/2021,12,1,13
Modoc,2/16/2021,2,1,3
Contra Costa,2/16/2021,98,25,123
Kern,2/16/2021,226,9,235
Riverside,2/16/2021,553,60,613
Santa Cruz,2/16/2021,23,1,24
Napa,2/16/2021,5,0,5
Tulare,2/16/2021,95,9,104
Colusa,2/16/2021,3,0,3
San Bernardino,2/16/2021,557,55,612
Mono,2/16/2021,1,0,1
Yolo,2/16/2021,11,0,11
Mendocino,2/16/2021,11,0,11
Kings,2/16/2021,56,0,56
Sacramento,2/16/2021,212,17,229
Glenn,2/16/2021,0,0,0
San Francisco,2/16/2021,118,7,125
Ventura,2/16/2021,202,9,211
Placer,2/16/2021,67,12,79
Humboldt,2/16/2021,13,5,18
Lake,2/16/2021,1,0,1
Merced,2/16/2021,33,0,33
Amador,2/16/2021,7,0,7
Los Angeles,2/16/2021,2757,223,2980
Sonoma,2/16/2021,45,1,46
Shasta,2/16/2021,12,0,12
Imperial,2/16/2021,27,1,28
Madera,2/16/2021,39,4,43
San Mateo,2/16/2021,82,7,89
El Dorado,2/16/2021,5,0,5
Calaveras,2/16/2021,1,0,1
Fresno,2/16/2021,303,21,324
Alameda,2/16/2021,200,37,237
Orange,2/16/2021,719,24,743
Sutter,2/16/2021,0,0,0
Inyo,2/16/2021,0,0,0
San Joaquin,2/16/2021,144,14,158
Stanislaus,2/16/2021,172,12,184
San Diego,2/16/2021,782,39,821
Solano,2/16/2021,82,13,95
San Benito,2/16/2021,10,0,10
Siskiyou,2/16/2021,1,0,1
Plumas,2/16/2021,1,0,1
Mariposa,2/16/2021,0,0,0
Santa Barbara,2/16/2021,104,3,107
Del Norte,2/16/2021,2,0,2
San Luis Obispo,2/16/2021,28,0,28
Yuba,2/16/2021,29,0,29
Santa Clara,2/16/2021,267,27,294
Trinity,2/16/2021,0,0,0
Tuolumne,2/16/2021,2,0,2
Tehama,2/16/2021,4,0,4
Lassen,2/16/2021,0,0,0
Monterey,2/16/2021,72,0,72
San Benito,2/17/2021,10,0,10
Solano,2/17/2021,85,12,97
Sutter,2/17/2021,0,0,0
Colusa,2/17/2021,3,0,3
Santa Cruz,2/17/2021,23,1,24
Shasta,2/17/2021,12,0,12
Monterey,2/17/2021,65,0,65
Modoc,2/17/2021,2,0,2
Plumas,2/17/2021,1,0,1
Trinity,2/17/2021,0,0,0
Siskiyou,2/17/2021,1,0,1
Marin,2/17/2021,15,3,18
Amador,2/17/2021,6,0,6
Mono,2/17/2021,1,0,1
San Bernardino,2/17/2021,556,44,600
Madera,2/17/2021,41,9,50
Humboldt,2/17/2021,12,3,15
Contra Costa,2/17/2021,98,20,118
Riverside,2/17/2021,535,68,603
Orange,2/17/2021,663,26,689
Tuolumne,2/17/2021,3,0,3
Tulare,2/17/2021,96,10,106
Mariposa,2/17/2021,0,0,0
Calaveras,2/17/2021,1,0,1
San Diego,2/17/2021,746,55,801
Tehama,2/17/2021,4,0,4
Lake,2/17/2021,2,0,2
Stanislaus,2/17/2021,173,15,188
Los Angeles,2/17/2021,2640,230,2870
Sacramento,2/17/2021,204,21,225
Sonoma,2/17/2021,43,0,43
Placer,2/17/2021,63,13,76
San Mateo,2/17/2021,85,9,94
Nevada,2/17/2021,4,0,4
San Francisco,2/17/2021,108,10,118
Napa,2/17/2021,3,0,3
Mendocino,2/17/2021,11,0,11
Butte,2/17/2021,16,0,16
Yolo,2/17/2021,11,0,11
Ventura,2/17/2021,195,8,203
Kern,2/17/2021,219,14,233
Del Norte,2/17/2021,1,0,1
Inyo,2/17/2021,1,0,1
Kings,2/17/2021,49,0,49
San Joaquin,2/17/2021,134,9,143
El Dorado,2/17/2021,5,1,6
Alameda,2/17/2021,194,33,227
Yuba,2/17/2021,29,1,30
Santa Barbara,2/17/2021,95,6,101
Fresno,2/17/2021,295,16,311
Merced,2/17/2021,32,0,32
Santa Clara,2/17/2021,261,20,281
San Luis Obispo,2/17/2021,24,3,27
Imperial,2/17/2021,28,2,30
Glenn,2/17/2021,0,0,0
Lassen,2/17/2021,0,0,0
Madera,2/18/2021,40,12,52
Del Norte,2/18/2021,1,2,3
San Benito,2/18/2021,9,0,9
Sacramento,2/18/2021,201,17,218
Mendocino,2/18/2021,9,0,9
Plumas,2/18/2021,1,0,1
Santa Barbara,2/18/2021,97,9,106
Kern,2/18/2021,185,9,194
San Francisco,2/18/2021,93,7,100
Fresno,2/18/2021,289,18,307
Riverside,2/18/2021,513,63,576
Stanislaus,2/18/2021,173,19,192
Orange,2/18/2021,636,25,661
Amador,2/18/2021,5,1,6
San Luis Obispo,2/18/2021,21,2,23
Santa Clara,2/18/2021,255,19,274
Lassen,2/18/2021,0,0,0
Mono,2/18/2021,0,0,0
Solano,2/18/2021,86,12,98
Shasta,2/18/2021,12,0,12
San Bernardino,2/18/2021,505,34,539
Los Angeles,2/18/2021,2498,247,2745
San Diego,2/18/2021,717,41,758
San Joaquin,2/18/2021,129,16,145
Contra Costa,2/18/2021,96,11,107
Nevada,2/18/2021,6,0,6
Tuolumne,2/18/2021,0,0,0
Lake,2/18/2021,2,0,2
Siskiyou,2/18/2021,1,0,1
Merced,2/18/2021,33,0,33
Modoc,2/18/2021,2,0,2
Humboldt,2/18/2021,10,2,12
Santa Cruz,2/18/2021,23,2,25
Placer,2/18/2021,59,15,74
Sonoma,2/18/2021,38,1,39
Kings,2/18/2021,42,0,42
Butte,2/18/2021,12,0,12
Mariposa,2/18/2021,0,0,0
Inyo,2/18/2021,2,0,2
Yuba,2/18/2021,26,0,26
San Mateo,2/18/2021,82,6,88
Tulare,2/18/2021,93,6,99
Calaveras,2/18/2021,2,0,2
Imperial,2/18/2021,29,1,30
Trinity,2/18/2021,0,0,0
El Dorado,2/18/2021,6,0,6
Colusa,2/18/2021,2,0,2
Glenn,2/18/2021,0,0,0
Ventura,2/18/2021,188,9,197
Alameda,2/18/2021,183,29,212
Monterey,2/18/2021,67,0,67
Marin,2/18/2021,18,4,22
Sutter,2/18/2021,0,0,0
Napa,2/18/2021,2,3,5
Yolo,2/18/2021,10,0,10
Tehama,2/18/2021,5,0,5
Tulare,2/19/2021,83,4,87
Napa,2/19/2021,5,1,6
Siskiyou,2/19/2021,1,0,1
Shasta,2/19/2021,14,0,14
Imperial,2/19/2021,27,1,28
Los Angeles,2/19/2021,2369,228,2597
Mariposa,2/19/2021,0,0,0
Kings,2/19/2021,46,0,46
San Diego,2/19/2021,670,35,705
Lassen,2/19/2021,1,0,1
Humboldt,2/19/2021,11,2,13
Trinity,2/19/2021,0,0,0
Inyo,2/19/2021,2,0,2
Merced,2/19/2021,32,0,32
Santa Barbara,2/19/2021,84,5,89
Colusa,2/19/2021,6,0,6
Solano,2/19/2021,84,10,94
Contra Costa,2/19/2021,84,13,97
Yuba,2/19/2021,26,0,26
Kern,2/19/2021,182,5,187
Sutter,2/19/2021,0,0,0
Orange,2/19/2021,591,31,622
Del Norte,2/19/2021,1,4,5
Yolo,2/19/2021,11,0,11
Riverside,2/19/2021,493,40,533
Butte,2/19/2021,12,0,12
Santa Cruz,2/19/2021,25,2,27
San Francisco,2/19/2021,99,5,104
Modoc,2/19/2021,0,0,0
San Bernardino,2/19/2021,469,38,507
Glenn,2/19/2021,0,0,0
San Mateo,2/19/2021,80,5,85
Tuolumne,2/19/2021,1,0,1
Nevada,2/19/2021,3,0,3
El Dorado,2/19/2021,7,0,7
San Joaquin,2/19/2021,127,24,151
Fresno,2/19/2021,265,27,292
Madera,2/19/2021,39,6,45
Sonoma,2/19/2021,41,1,42
San Benito,2/19/2021,8,0,8
Mono,2/19/2021,0,0,0
San Luis Obispo,2/19/2021,19,2,21
Alameda,2/19/2021,190,29,219
Amador,2/19/2021,7,1,8
Tehama,2/19/2021,7,0,7
Santa Clara,2/19/2021,243,17,260
Sacramento,2/19/2021,186,19,205
Ventura,2/19/2021,178,6,184
Plumas,2/19/2021,1,0,1
Monterey,2/19/2021,72,1,73
Lake,2/19/2021,1,0,1
Stanislaus,2/19/2021,162,16,178
Marin,2/19/2021,16,3,19
Mendocino,2/19/2021,8,0,8
Placer,2/19/2021,57,18,75
Calaveras,2/19/2021,2,0,2
Napa,2/20/2021,7,0,7
Inyo,2/20/2021,0,0,0
Lake,2/20/2021,1,0,1
Sacramento,2/20/2021,177,13,190
Mendocino,2/20/2021,6,1,7
Tuolumne,2/20/2021,2,0,2
Marin,2/20/2021,14,4,18
Trinity,2/20/2021,0,0,0
Plumas,2/20/2021,0,0,0
Santa Clara,2/20/2021,228,15,243
Stanislaus,2/20/2021,155,15,170
Riverside,2/20/2021,455,56,511
Mono,2/20/2021,0,0,0
San Bernardino,2/20/2021,433,37,470
Lassen,2/20/2021,1,0,1
Nevada,2/20/2021,2,0,2
Santa Barbara,2/20/2021,83,2,85
Los Angeles,2/20/2021,2213,212,2425
Calaveras,2/20/2021,2,0,2
Ventura,2/20/2021,171,11,182
Alameda,2/20/2021,176,26,202
Imperial,2/20/2021,28,1,29
Yuba,2/20/2021,21,1,22
Siskiyou,2/20/2021,1,0,1
Placer,2/20/2021,64,17,81
San Joaquin,2/20/2021,126,25,151
Mariposa,2/20/2021,0,0,0
Sonoma,2/20/2021,38,1,39
Contra Costa,2/20/2021,78,10,88
Orange,2/20/2021,577,32,609
San Benito,2/20/2021,9,0,9
Santa Cruz,2/20/2021,25,2,27
Tehama,2/20/2021,3,0,3
Kern,2/20/2021,167,7,174
Merced,2/20/2021,32,1,33
Solano,2/20/2021,70,12,82
Monterey,2/20/2021,59,0,59
San Francisco,2/20/2021,89,5,94
Modoc,2/20/2021,0,0,0
Amador,2/20/2021,6,2,8
Humboldt,2/20/2021,10,4,14
Glenn,2/20/2021,0,0,0
Kings,2/20/2021,45,0,45
Tulare,2/20/2021,75,8,83
Del Norte,2/20/2021,2,4,6
Madera,2/20/2021,35,8,43
El Dorado,2/20/2021,6,0,6
San Mateo,2/20/2021,64,6,70
Butte,2/20/2021,11,0,11
Colusa,2/20/2021,7,0,7
Shasta,2/20/2021,18,0,18
San Luis Obispo,2/20/2021,22,3,25
Fresno,2/20/2021,244,32,276
Sutter,2/20/2021,0,0,0
Yolo,2/20/2021,10,0,10
San Diego,2/20/2021,636,36,672
Tulare,2/21/2021,79,6,85
Sonoma,2/21/2021,37,1,38
San Bernardino,2/21/2021,437,56,493
San Joaquin,2/21/2021,125,23,148
Tehama,2/21/2021,2,0,2
Del Norte,2/21/2021,2,4,6
San Benito,2/21/2021,7,0,7
Ventura,2/21/2021,189,4,193
Lassen,2/21/2021,0,0,0
Orange,2/21/2021,556,33,589
Calaveras,2/21/2021,1,0,1
Butte,2/21/2021,13,0,13
Imperial,2/21/2021,27,1,28
Los Angeles,2/21/2021,2146,191,2337
Modoc,2/21/2021,0,0,0
Madera,2/21/2021,33,7,40
Nevada,2/21/2021,2,1,3
Yolo,2/21/2021,9,0,9
Santa Cruz,2/21/2021,22,2,24
San Francisco,2/21/2021,93,5,98
Alameda,2/21/2021,174,26,200
Santa Clara,2/21/2021,221,21,242
Sacramento,2/21/2021,185,25,210
Shasta,2/21/2021,19,0,19
Kern,2/21/2021,167,7,174
El Dorado,2/21/2021,10,0,10
Tuolumne,2/21/2021,2,0,2
Fresno,2/21/2021,231,13,244
Stanislaus,2/21/2021,143,14,157
Marin,2/21/2021,15,5,20
San Luis Obispo,2/21/2021,19,1,20
Riverside,2/21/2021,441,51,492
Merced,2/21/2021,32,1,33
Mono,2/21/2021,0,0,0
Napa,2/21/2021,7,0,7
Kings,2/21/2021,41,0,41
Solano,2/21/2021,63,16,79
Mariposa,2/21/2021,0,0,0
Siskiyou,2/21/2021,1,0,1
Plumas,2/21/2021,0,0,0
San Mateo,2/21/2021,66,8,74
Santa Barbara,2/21/2021,82,2,84
Glenn,2/21/2021,0,0,0
Amador,2/21/2021,6,2,8
Trinity,2/21/2021,0,0,0
Sutter,2/21/2021,0,0,0
Colusa,2/21/2021,8,0,8
Monterey,2/21/2021,46,1,47
San Diego,2/21/2021,622,36,658
Inyo,2/21/2021,1,0,1
Mendocino,2/21/2021,5,1,6
Humboldt,2/21/2021,9,7,16
Lake,2/21/2021,1,0,1
Placer,2/21/2021,64,16,80
Yuba,2/21/2021,24,0,24
Contra Costa,2/21/2021,84,9,93
San Diego,2/22/2021,601,31,632
Santa Clara,2/22/2021,226,26,252
Tulare,2/22/2021,75,7,82
Yuba,2/22/2021,22,0,22
Lake,2/22/2021,4,0,4
Modoc,2/22/2021,0,0,0
Ventura,2/22/2021,167,6,173
San Mateo,2/22/2021,65,8,73
Sonoma,2/22/2021,39,2,41
Mono,2/22/2021,0,0,0
Siskiyou,2/22/2021,2,0,2
Merced,2/22/2021,32,1,33
San Joaquin,2/22/2021,122,6,128
Inyo,2/22/2021,1,0,1
Trinity,2/22/2021,0,0,0
Tehama,2/22/2021,1,0,1
Orange,2/22/2021,539,28,567
Monterey,2/22/2021,40,1,41
Stanislaus,2/22/2021,138,15,153
San Benito,2/22/2021,7,0,7
San Francisco,2/22/2021,96,5,101
Kings,2/22/2021,40,0,40
Imperial,2/22/2021,29,0,29
Kern,2/22/2021,170,9,179
Contra Costa,2/22/2021,81,10,91
San Bernardino,2/22/2021,414,44,458
Fresno,2/22/2021,239,19,258
Santa Cruz,2/22/2021,18,3,21
Colusa,2/22/2021,8,0,8
Plumas,2/22/2021,0,0,0
Sacramento,2/22/2021,180,21,201
Alameda,2/22/2021,180,23,203
Mendocino,2/22/2021,4,0,4
Mariposa,2/22/2021,0,0,0
Glenn,2/22/2021,0,0,0
Humboldt,2/22/2021,9,5,14
Solano,2/22/2021,56,16,72
Los Angeles,2/22/2021,2064,200,2264
Shasta,2/22/2021,15,1,16
Placer,2/22/2021,64,6,70
Calaveras,2/22/2021,0,0,0
San Luis Obispo,2/22/2021,18,0,18
Napa,2/22/2021,9,2,11
Butte,2/22/2021,13,0,13
Marin,2/22/2021,13,5,18
Yolo,2/22/2021,10,0,10
Riverside,2/22/2021,407,49,456
Amador,2/22/2021,5,1,6
Nevada,2/22/2021,5,0,5
El Dorado,2/22/2021,9,0,9
Madera,2/22/2021,30,6,36
Del Norte,2/22/2021,2,1,3
Santa Barbara,2/22/2021,76,6,82
Sutter,2/22/2021,0,0,0
Lassen,2/22/2021,0,0,0
Tuolumne,2/22/2021,0,0,0
San Francisco,2/23/2021,95,6,101
Santa Barbara,2/23/2021,85,3,88
Del Norte,2/23/2021,1,0,1
Merced,2/23/2021,33,1,34
Tehama,2/23/2021,1,0,1
San Benito,2/23/2021,4,0,4
Marin,2/23/2021,12,6,18
Santa Cruz,2/23/2021,22,2,24
Madera,2/23/2021,35,3,38
Trinity,2/23/2021,0,0,0
Contra Costa,2/23/2021,89,17,106
San Diego,2/23/2021,597,34,631
Plumas,2/23/2021,0,0,0
Mendocino,2/23/2021,3,1,4
Fresno,2/23/2021,241,14,255
Amador,2/23/2021,4,0,4
Yolo,2/23/2021,11,0,11
Tuolumne,2/23/2021,1,0,1
Calaveras,2/23/2021,1,0,1
Yuba,2/23/2021,20,0,20
Imperial,2/23/2021,27,0,27
Colusa,2/23/2021,3,0,3
Shasta,2/23/2021,13,1,14
Butte,2/23/2021,16,0,16
Modoc,2/23/2021,0,0,0
Mariposa,2/23/2021,0,0,0
Siskiyou,2/23/2021,2,0,2
El Dorado,2/23/2021,6,0,6
San Joaquin,2/23/2021,118,15,133
Lake,2/23/2021,4,0,4
Nevada,2/23/2021,2,1,3
Mono,2/23/2021,0,0,0
Inyo,2/23/2021,1,0,1
Glenn,2/23/2021,0,0,0
Riverside,2/23/2021,406,49,455
Sonoma,2/23/2021,37,1,38
Solano,2/23/2021,52,13,65
Stanislaus,2/23/2021,141,14,155
Kern,2/23/2021,165,7,172
Tulare,2/23/2021,78,9,87
Humboldt,2/23/2021,9,2,11
Orange,2/23/2021,515,26,541
Monterey,2/23/2021,41,0,41
San Luis Obispo,2/23/2021,17,1,18
Ventura,2/23/2021,157,8,165
San Mateo,2/23/2021,61,5,66
San Bernardino,2/23/2021,396,36,432
Los Angeles,2/23/2021,1988,226,2214
Santa Clara,2/23/2021,215,24,239
Placer,2/23/2021,54,11,65
Lassen,2/23/2021,0,0,0
Sacramento,2/23/2021,183,18,201
Sutter,2/23/2021,0,0,0
Kings,2/23/2021,39,0,39
Alameda,2/23/2021,175,25,200
Napa,2/23/2021,9,0,9
Ventura,2/24/2021,151,9,160
Lassen,2/24/2021,1,0,1
Marin,2/24/2021,14,3,17
Tuolumne,2/24/2021,2,0,2
Alameda,2/24/2021,172,22,194
Yuba,2/24/2021,22,0,22
Madera,2/24/2021,29,5,34
Fresno,2/24/2021,227,15,242
San Francisco,2/24/2021,91,7,98
Shasta,2/24/2021,14,1,15
Del Norte,2/24/2021,1,0,1
Mariposa,2/24/2021,0,0,0
San Luis Obispo,2/24/2021,19,2,21
Merced,2/24/2021,35,1,36
Plumas,2/24/2021,0,0,0
San Bernardino,2/24/2021,371,37,408
Sacramento,2/24/2021,182,11,193
Kings,2/24/2021,43,0,43
Santa Barbara,2/24/2021,83,4,87
San Joaquin,2/24/2021,117,13,130
Placer,2/24/2021,53,13,66
Nevada,2/24/2021,1,2,3
Colusa,2/24/2021,3,0,3
Sutter,2/24/2021,0,0,0
Amador,2/24/2021,3,0,3
San Diego,2/24/2021,560,35,595
Tulare,2/24/2021,74,6,80
Calaveras,2/24/2021,1,0,1
Mono,2/24/2021,0,0,0
Tehama,2/24/2021,2,0,2
El Dorado,2/24/2021,4,1,5
Trinity,2/24/2021,0,0,0
Monterey,2/24/2021,39,0,39
Santa Clara,2/24/2021,203,31,234
Modoc,2/24/2021,0,0,0
Mendocino,2/24/2021,2,0,2
Orange,2/24/2021,515,27,542
Sonoma,2/24/2021,39,0,39
Santa Cruz,2/24/2021,19,2,21
Kern,2/24/2021,161,7,168
Solano,2/24/2021,52,14,66
Imperial,2/24/2021,26,0,26
Butte,2/24/2021,16,0,16
Inyo,2/24/2021,1,0,1
San Mateo,2/24/2021,53,5,58
Los Angeles,2/24/2021,1886,215,2101
Napa,2/24/2021,10,0,10
Glenn,2/24/2021,0,0,0
Contra Costa,2/24/2021,90,18,108
Riverside,2/24/2021,381,57,438
San Benito,2/24/2021,4,0,4
Siskiyou,2/24/2021,2,0,2
Stanislaus,2/24/2021,137,21,158
Yolo,2/24/2021,12,0,12
Lake,2/24/2021,3,0,3
Humboldt,2/24/2021,8,2,10
Mariposa,2/25/2021,0,0,0
El Dorado,2/25/2021,5,0,5
Ventura,2/25/2021,144,8,152
Orange,2/25/2021,453,22,475
Marin,2/25/2021,13,2,15
Sacramento,2/25/2021,177,16,193
Madera,2/25/2021,33,5,38
Trinity,2/25/2021,0,0,0
Santa Clara,2/25/2021,192,27,219
Mono,2/25/2021,0,0,0
Merced,2/25/2021,35,0,35
Fresno,2/25/2021,218,17,235
Sutter,2/25/2021,0,0,0
Tuolumne,2/25/2021,2,1,3
San Diego,2/25/2021,535,26,561
Yolo,2/25/2021,10,0,10
Colusa,2/25/2021,1,0,1
Plumas,2/25/2021,0,0,0
Stanislaus,2/25/2021,139,14,153
Humboldt,2/25/2021,8,2,10
San Benito,2/25/2021,6,0,6
Shasta,2/25/2021,18,1,19
Kings,2/25/2021,39,0,39
Inyo,2/25/2021,0,0,0
Yuba,2/25/2021,21,0,21
Contra Costa,2/25/2021,74,14,88
Placer,2/25/2021,56,17,73
Tulare,2/25/2021,72,6,78
Solano,2/25/2021,46,16,62
Sonoma,2/25/2021,35,0,35
Santa Barbara,2/25/2021,76,5,81
Alameda,2/25/2021,168,19,187
Imperial,2/25/2021,25,0,25
Monterey,2/25/2021,38,1,39
Los Angeles,2/25/2021,1733,229,1962
Siskiyou,2/25/2021,2,0,2
San Mateo,2/25/2021,54,2,56
Kern,2/25/2021,162,1,163
Lake,2/25/2021,4,1,5
Del Norte,2/25/2021,1,0,1
Mendocino,2/25/2021,5,0,5
Lassen,2/25/2021,1,0,1
Amador,2/25/2021,3,1,4
Glenn,2/25/2021,0,0,0
Santa Cruz,2/25/2021,17,1,18
Calaveras,2/25/2021,1,0,1
San Francisco,2/25/2021,94,1,95
San Bernardino,2/25/2021,352,26,378
Modoc,2/25/2021,0,0,0
San Joaquin,2/25/2021,117,14,131
Napa,2/25/2021,8,1,9
Butte,2/25/2021,13,0,13
Riverside,2/25/2021,361,63,424
San Luis Obispo,2/25/2021,18,1,19
Tehama,2/25/2021,3,0,3
Nevada,2/25/2021,2,2,4
Solano,2/26/2021,45,12,57
Napa,2/26/2021,7,3,10
Los Angeles,2/26/2021,1661,194,1855
Santa Barbara,2/26/2021,74,6,80
Placer,2/26/2021,52,10,62
Santa Clara,2/26/2021,194,25,219
Yuba,2/26/2021,18,0,18
Sutter,2/26/2021,0,0,0
Del Norte,2/26/2021,1,0,1
Yolo,2/26/2021,11,0,11
Madera,2/26/2021,29,7,36
Monterey,2/26/2021,40,1,41
El Dorado,2/26/2021,6,0,6
Modoc,2/26/2021,0,0,0
Shasta,2/26/2021,18,1,19
San Francisco,2/26/2021,83,5,88
Merced,2/26/2021,33,0,33
Tehama,2/26/2021,3,0,3
Sonoma,2/26/2021,35,1,36
San Luis Obispo,2/26/2021,18,1,19
Fresno,2/26/2021,207,20,227
Riverside,2/26/2021,338,57,395
Humboldt,2/26/2021,6,2,8
Kings,2/26/2021,34,0,34
Nevada,2/26/2021,2,2,4
Plumas,2/26/2021,0,0,0
Colusa,2/26/2021,0,0,0
Stanislaus,2/26/2021,128,14,142
Alameda,2/26/2021,157,24,181
San Benito,2/26/2021,6,0,6
San Diego,2/26/2021,523,39,562
San Joaquin,2/26/2021,109,7,116
Mariposa,2/26/2021,0,0,0
Tuolumne,2/26/2021,2,0,2
Marin,2/26/2021,15,2,17
Lake,2/26/2021,3,0,3
Contra Costa,2/26/2021,72,11,83
Trinity,2/26/2021,0,0,0
San Bernardino,2/26/2021,327,23,350
Calaveras,2/26/2021,1,0,1
Lassen,2/26/2021,1,0,1
Mendocino,2/26/2021,5,0,5
Amador,2/26/2021,3,0,3
Santa Cruz,2/26/2021,16,2,18
Butte,2/26/2021,15,0,15
Kern,2/26/2021,158,4,162
San Mateo,2/26/2021,54,3,57
Mono,2/26/2021,1,0,1
Orange,2/26/2021,444,15,459
Ventura,2/26/2021,144,9,153
Tulare,2/26/2021,69,8,77
Sacramento,2/26/2021,177,17,194
Inyo,2/26/2021,2,0,2
Glenn,2/26/2021,0,0,0
Imperial,2/26/2021,22,0,22
Siskiyou,2/26/2021,3,0,3
San Joaquin,2/27/2021,105,9,114
Tuolumne,2/27/2021,0,0,0
Humboldt,2/27/2021,6,3,9
Mendocino,2/27/2021,6,0,6
Riverside,2/27/2021,328,50,378
San Francisco,2/27/2021,78,8,86
San Benito,2/27/2021,4,0,4
San Mateo,2/27/2021,56,3,59
Sutter,2/27/2021,0,0,0
Fresno,2/27/2021,201,22,223
Del Norte,2/27/2021,1,0,1
Tulare,2/27/2021,62,3,65
Glenn,2/27/2021,0,0,0
Monterey,2/27/2021,38,3,41
Alameda,2/27/2021,163,26,189
Placer,2/27/2021,61,9,70
Los Angeles,2/27/2021,1578,183,1761
Yolo,2/27/2021,11,0,11
Merced,2/27/2021,33,0,33
Trinity,2/27/2021,0,0,0
Santa Clara,2/27/2021,187,33,220
Tehama,2/27/2021,3,0,3
Mariposa,2/27/2021,0,0,0
San Diego,2/27/2021,485,34,519
Mono,2/27/2021,1,0,1
Stanislaus,2/27/2021,120,15,135
Contra Costa,2/27/2021,78,16,94
Napa,2/27/2021,8,0,8
Colusa,2/27/2021,0,0,0
Kings,2/27/2021,37,0,37
Ventura,2/27/2021,141,5,146
San Luis Obispo,2/27/2021,16,1,17
Amador,2/27/2021,3,0,3
Butte,2/27/2021,23,0,23
Nevada,2/27/2021,2,2,4
Marin,2/27/2021,13,3,16
Kern,2/27/2021,159,3,162
Santa Barbara,2/27/2021,70,6,76
Lassen,2/27/2021,0,0,0
Inyo,2/27/2021,1,0,1
Modoc,2/27/2021,0,0,0
Sacramento,2/27/2021,165,22,187
El Dorado,2/27/2021,4,1,5
Plumas,2/27/2021,0,0,0
Sonoma,2/27/2021,30,1,31
Siskiyou,2/27/2021,3,0,3
San Bernardino,2/27/2021,299,23,322
Yuba,2/27/2021,22,0,22
Shasta,2/27/2021,18,1,19
Madera,2/27/2021,26,7,33
Imperial,2/27/2021,21,2,23
Santa Cruz,2/27/2021,15,1,16
Orange,2/27/2021,421,22,443
Calaveras,2/27/2021,1,0,1
Solano,2/27/2021,39,14,53
Lake,2/27/2021,1,0,1
Contra Costa,2/28/2021,73,17,90
Yuba,2/28/2021,18,1,19
San Bernardino,2/28/2021,285,23,308
Alameda,2/28/2021,152,26,178
San Joaquin,2/28/2021,94,11,105
Colusa,2/28/2021,0,0,0
Lake,2/28/2021,1,0,1
Yolo,2/28/2021,16,0,16
Placer,2/28/2021,61,11,72
Sacramento,2/28/2021,157,22,179
Imperial,2/28/2021,22,0,22
Sonoma,2/28/2021,29,1,30
Santa Barbara,2/28/2021,59,5,64
Napa,2/28/2021,5,0,5
Del Norte,2/28/2021,2,0,2
Tehama,2/28/2021,3,0,3
Butte,2/28/2021,24,0,24
Plumas,2/28/2021,0,0,0
Kern,2/28/2021,148,6,154
Trinity,2/28/2021,0,0,0
El Dorado,2/28/2021,4,0,4
Modoc,2/28/2021,0,0,0
Glenn,2/28/2021,0,0,0
Amador,2/28/2021,3,0,3
Mariposa,2/28/2021,0,0,0
Siskiyou,2/28/2021,2,0,2
Inyo,2/28/2021,0,0,0
Mono,2/28/2021,0,0,0
Humboldt,2/28/2021,7,3,10
Shasta,2/28/2021,16,0,16
Merced,2/28/2021,31,0,31
Orange,2/28/2021,419,26,445
Mendocino,2/28/2021,4,0,4
Santa Cruz,2/28/2021,15,1,16
Madera,2/28/2021,20,8,28
Los Angeles,2/28/2021,1502,157,1659
San Diego,2/28/2021,484,20,504
San Luis Obispo,2/28/2021,17,1,18
Nevada,2/28/2021,0,1,1
Stanislaus,2/28/2021,111,15,126
San Francisco,2/28/2021,79,6,85
Riverside,2/28/2021,307,57,364
Kings,2/28/2021,33,0,33
Ventura,2/28/2021,116,4,120
Sutter,2/28/2021,0,0,0
Calaveras,2/28/2021,0,0,0
Monterey,2/28/2021,38,1,39
Fresno,2/28/2021,191,14,205
Lassen,2/28/2021,0,0,0
San Benito,2/28/2021,3,0,3
San Mateo,2/28/2021,54,3,57
Tuolumne,2/28/2021,0,0,0
Tulare,2/28/2021,62,8,70
Solano,2/28/2021,42,14,56
Marin,2/28/2021,14,3,17
Santa Clara,2/28/2021,189,32,221
Riverside,3/1/2021,301,45,346
Kings,3/1/2021,34,1,35
San Francisco,3/1/2021,74,3,77
San Bernardino,3/1/2021,280,29,309
San Luis Obispo,3/1/2021,12,2,14
Humboldt,3/1/2021,3,5,8
Glenn,3/1/2021,0,0,0
Santa Cruz,3/1/2021,13,1,14
Del Norte,3/1/2021,2,0,2
Mendocino,3/1/2021,5,0,5
Santa Clara,3/1/2021,182,23,205
Napa,3/1/2021,5,0,5
Madera,3/1/2021,21,9,30
Amador,3/1/2021,2,0,2
Marin,3/1/2021,14,5,19
Solano,3/1/2021,44,8,52
Monterey,3/1/2021,40,1,41
Siskiyou,3/1/2021,3,0,3
Butte,3/1/2021,22,1,23
Nevada,3/1/2021,4,0,4
Sonoma,3/1/2021,30,2,32
Modoc,3/1/2021,0,0,0
El Dorado,3/1/2021,3,0,3
Inyo,3/1/2021,1,0,1
Trinity,3/1/2021,0,0,0
Mariposa,3/1/2021,0,0,0
Fresno,3/1/2021,181,17,198
San Benito,3/1/2021,2,0,2
Shasta,3/1/2021,16,0,16
Lake,3/1/2021,0,0,0
Calaveras,3/1/2021,0,0,0
Tulare,3/1/2021,62,9,71
Ventura,3/1/2021,102,7,109
Yuba,3/1/2021,19,0,19
Plumas,3/1/2021,0,0,0
Alameda,3/1/2021,136,24,160
Colusa,3/1/2021,1,0,1
Tehama,3/1/2021,2,0,2
Tuolumne,3/1/2021,0,0,0
Imperial,3/1/2021,23,0,23
Los Angeles,3/1/2021,1476,155,1631
Orange,3/1/2021,425,21,446
San Diego,3/1/2021,479,35,514
Contra Costa,3/1/2021,75,19,94
Mono,3/1/2021,0,0,0
San Mateo,3/1/2021,53,3,56
Lassen,3/1/2021,0,0,0
Placer,3/1/2021,55,8,63
San Joaquin,3/1/2021,98,9,107
Santa Barbara,3/1/2021,61,6,67
Yolo,3/1/2021,14,1,15
Sacramento,3/1/2021,150,18,168
Sutter,3/1/2021,0,0,0
Kern,3/1/2021,143,8,151
Merced,3/1/2021,33,0,33
Stanislaus,3/1/2021,111,15,126
Butte,3/2/2021,21,0,21
Madera,3/2/2021,14,3,17
Ventura,3/2/2021,101,14,115
Fresno,3/2/2021,180,28,208
San Benito,3/2/2021,2,0,2
Tulare,3/2/2021,62,12,74
Trinity,3/2/2021,0,0,0
San Joaquin,3/2/2021,97,7,104
Tuolumne,3/2/2021,0,0,0
San Diego,3/2/2021,443,29,472
San Luis Obispo,3/2/2021,11,3,14
Santa Clara,3/2/2021,170,20,190
Lake,3/2/2021,0,0,0
Placer,3/2/2021,46,10,56
Stanislaus,3/2/2021,112,18,130
Amador,3/2/2021,2,0,2
Modoc,3/2/2021,0,0,0
Sacramento,3/2/2021,154,16,170
Santa Cruz,3/2/2021,12,0,12
Yolo,3/2/2021,11,0,11
Contra Costa,3/2/2021,69,22,91
Plumas,3/2/2021,0,0,0
El Dorado,3/2/2021,3,0,3
Mono,3/2/2021,0,0,0
Glenn,3/2/2021,0,0,0
Marin,3/2/2021,13,4,17
Santa Barbara,3/2/2021,57,2,59
Shasta,3/2/2021,17,0,17
San Bernardino,3/2/2021,267,17,284
Sutter,3/2/2021,0,0,0
San Mateo,3/2/2021,49,5,54
Siskiyou,3/2/2021,3,0,3
Monterey,3/2/2021,38,1,39
Solano,3/2/2021,45,8,53
San Francisco,3/2/2021,76,2,78
Humboldt,3/2/2021,1,5,6
Mariposa,3/2/2021,0,0,0
Kings,3/2/2021,34,1,35
Inyo,3/2/2021,2,0,2
Colusa,3/2/2021,1,2,3
Kern,3/2/2021,127,14,141
Riverside,3/2/2021,303,44,347
Nevada,3/2/2021,4,1,5
Alameda,3/2/2021,140,25,165
Napa,3/2/2021,4,0,4
Merced,3/2/2021,29,0,29
Orange,3/2/2021,403,25,428
Sonoma,3/2/2021,22,2,24
Lassen,3/2/2021,0,0,0
Del Norte,3/2/2021,1,0,1
Tehama,3/2/2021,3,0,3
Yuba,3/2/2021,21,0,21
Calaveras,3/2/2021,0,0,0
Los Angeles,3/2/2021,1401,173,1574
Imperial,3/2/2021,22,0,22
Mendocino,3/2/2021,4,0,4
Sutter,3/3/2021,0,0,0
Madera,3/3/2021,13,6,19
San Francisco,3/3/2021,65,9,74
Lassen,3/3/2021,0,0,0
Alameda,3/3/2021,145,29,174
Nevada,3/3/2021,3,1,4
Tuolumne,3/3/2021,1,0,1
Tehama,3/3/2021,3,0,3
Humboldt,3/3/2021,1,2,3
Siskiyou,3/3/2021,3,0,3
Merced,3/3/2021,22,0,22
San Benito,3/3/2021,2,0,2
Kings,3/3/2021,35,1,36
Marin,3/3/2021,16,3,19
Del Norte,3/3/2021,1,0,1
San Diego,3/3/2021,429,24,453
Ventura,3/3/2021,102,4,106
Riverside,3/3/2021,303,43,346
Butte,3/3/2021,21,0,21
Mendocino,3/3/2021,2,0,2
El Dorado,3/3/2021,4,0,4
Monterey,3/3/2021,40,1,41
Amador,3/3/2021,2,0,2
Shasta,3/3/2021,15,0,15
Mariposa,3/3/2021,0,0,0
Inyo,3/3/2021,2,0,2
San Luis Obispo,3/3/2021,12,1,13
Sonoma,3/3/2021,18,5,23
Yolo,3/3/2021,7,0,7
Modoc,3/3/2021,0,0,0
Trinity,3/3/2021,0,0,0
Solano,3/3/2021,44,8,52
Yuba,3/3/2021,22,0,22
Fresno,3/3/2021,174,24,198
Lake,3/3/2021,0,0,0
Kern,3/3/2021,127,9,136
Napa,3/3/2021,4,0,4
Tulare,3/3/2021,54,10,64
Santa Clara,3/3/2021,176,28,204
Calaveras,3/3/2021,0,0,0
Sacramento,3/3/2021,152,9,161
Glenn,3/3/2021,0,0,0
Contra Costa,3/3/2021,64,24,88
Santa Barbara,3/3/2021,52,1,53
San Mateo,3/3/2021,50,6,56
Mono,3/3/2021,0,0,0
Placer,3/3/2021,50,4,54
Orange,3/3/2021,379,26,405
Imperial,3/3/2021,20,0,20
Stanislaus,3/3/2021,114,13,127
Los Angeles,3/3/2021,1341,182,1523
San Joaquin,3/3/2021,93,11,104
Colusa,3/3/2021,1,2,3
Plumas,3/3/2021,0,0,0
Santa Cruz,3/3/2021,11,1,12
San Bernardino,3/3/2021,254,31,285
Orange,3/4/2021,339,24,363
Nevada,3/4/2021,5,0,5
San Francisco,3/4/2021,53,12,65
Santa Cruz,3/4/2021,11,1,12
Shasta,3/4/2021,11,0,11
Stanislaus,3/4/2021,121,10,131
Lassen,3/4/2021,0,0,0
Kings,3/4/2021,34,0,34
Riverside,3/4/2021,279,43,322
Alameda,3/4/2021,140,27,167
Amador,3/4/2021,2,0,2
Marin,3/4/2021,15,4,19
San Mateo,3/4/2021,46,5,51
Sutter,3/4/2021,0,0,0
Yolo,3/4/2021,6,0,6
Plumas,3/4/2021,0,0,0
San Bernardino,3/4/2021,210,30,240
Monterey,3/4/2021,39,1,40
Lake,3/4/2021,0,0,0
San Joaquin,3/4/2021,89,16,105
Trinity,3/4/2021,0,0,0
Mono,3/4/2021,0,0,0
El Dorado,3/4/2021,4,0,4
Merced,3/4/2021,20,0,20
Los Angeles,3/4/2021,1264,191,1455
Sonoma,3/4/2021,19,0,19
Tulare,3/4/2021,54,9,63
Mendocino,3/4/2021,2,0,2
Tuolumne,3/4/2021,1,0,1
Siskiyou,3/4/2021,3,0,3
San Diego,3/4/2021,401,23,424
Del Norte,3/4/2021,1,0,1
Fresno,3/4/2021,156,23,179
Imperial,3/4/2021,21,1,22
Butte,3/4/2021,23,0,23
Mariposa,3/4/2021,0,0,0
Sacramento,3/4/2021,143,19,162
Placer,3/4/2021,51,9,60
Kern,3/4/2021,127,8,135
Contra Costa,3/4/2021,67,26,93
Humboldt,3/4/2021,1,4,5
San Benito,3/4/2021,2,0,2
Madera,3/4/2021,9,3,12
Glenn,3/4/2021,0,0,0
Yuba,3/4/2021,21,0,21
Inyo,3/4/2021,2,0,2
San Luis Obispo,3/4/2021,12,2,14
Santa Clara,3/4/2021,171,23,194
Colusa,3/4/2021,1,3,4
Napa,3/4/2021,5,1,6
Calaveras,3/4/2021,0,0,0
Modoc,3/4/2021,0,0,0
Tehama,3/4/2021,3,0,3
Santa Barbara,3/4/2021,53,3,56
Ventura,3/4/2021,103,8,111
Solano,3/4/2021,39,6,45
Lassen,3/5/2021,0,0,0
Tuolumne,3/5/2021,0,0,0
Tehama,3/5/2021,3,0,3
San Mateo,3/5/2021,44,8,52
Contra Costa,3/5/2021,60,22,82
Napa,3/5/2021,7,0,7
Yuba,3/5/2021,19,0,19
Del Norte,3/5/2021,1,0,1
Plumas,3/5/2021,0,0,0
El Dorado,3/5/2021,3,0,3
Santa Barbara,3/5/2021,50,1,51
Riverside,3/5/2021,263,47,310
Placer,3/5/2021,45,7,52
Sacramento,3/5/2021,144,16,160
Ventura,3/5/2021,110,6,116
Kings,3/5/2021,35,0,35
Calaveras,3/5/2021,0,0,0
Madera,3/5/2021,7,6,13
Inyo,3/5/2021,2,0,2
Tulare,3/5/2021,51,9,60
Humboldt,3/5/2021,2,5,7
Santa Cruz,3/5/2021,8,1,9
Modoc,3/5/2021,0,0,0
Mendocino,3/5/2021,2,0,2
Yolo,3/5/2021,7,0,7
San Francisco,3/5/2021,55,12,67
San Joaquin,3/5/2021,89,6,95
Orange,3/5/2021,321,15,336
San Bernardino,3/5/2021,248,38,286
Santa Clara,3/5/2021,166,33,199
Amador,3/5/2021,2,0,2
Trinity,3/5/2021,0,0,0
Shasta,3/5/2021,12,0,12
Mono,3/5/2021,0,0,0
Lake,3/5/2021,0,0,0
Siskiyou,3/5/2021,2,0,2
Nevada,3/5/2021,5,0,5
Solano,3/5/2021,36,8,44
Alameda,3/5/2021,131,28,159
Butte,3/5/2021,19,0,19
Monterey,3/5/2021,39,1,40
Kern,3/5/2021,126,10,136
Los Angeles,3/5/2021,1176,164,1340
Colusa,3/5/2021,1,3,4
Sutter,3/5/2021,0,0,0
San Luis Obispo,3/5/2021,13,1,14
San Benito,3/5/2021,1,0,1
Stanislaus,3/5/2021,115,11,126
Mariposa,3/5/2021,0,0,0
Marin,3/5/2021,17,4,21
Glenn,3/5/2021,0,0,0
Merced,3/5/2021,16,0,16
Fresno,3/5/2021,150,24,174
Imperial,3/5/2021,22,0,22
Sonoma,3/5/2021,20,0,20
San Diego,3/5/2021,359,23,382
Modoc,3/6/2021,0,0,0
San Benito,3/6/2021,1,0,1
Marin,3/6/2021,17,4,21
San Bernardino,3/6/2021,242,20,262
Butte,3/6/2021,18,1,19
Fresno,3/6/2021,142,29,171
Inyo,3/6/2021,2,0,2
Sonoma,3/6/2021,19,0,19
Yuba,3/6/2021,18,0,18
San Francisco,3/6/2021,51,5,56
Lassen,3/6/2021,0,0,0
Placer,3/6/2021,42,9,51
Nevada,3/6/2021,2,0,2
Plumas,3/6/2021,0,0,0
Tuolumne,3/6/2021,0,0,0
San Joaquin,3/6/2021,86,5,91
San Diego,3/6/2021,357,27,384
Stanislaus,3/6/2021,105,13,118
Sacramento,3/6/2021,130,19,149
Del Norte,3/6/2021,1,0,1
Mendocino,3/6/2021,1,0,1
Solano,3/6/2021,34,5,39
Shasta,3/6/2021,13,0,13
Santa Clara,3/6/2021,159,23,182
Siskiyou,3/6/2021,2,0,2
Monterey,3/6/2021,35,0,35
Lake,3/6/2021,0,0,0
Colusa,3/6/2021,1,2,3
Yolo,3/6/2021,7,0,7
Humboldt,3/6/2021,2,6,8
Madera,3/6/2021,9,11,20
Riverside,3/6/2021,257,54,311
Ventura,3/6/2021,106,11,117
Tehama,3/6/2021,3,0,3
Sutter,3/6/2021,0,0,0
Merced,3/6/2021,14,0,14
El Dorado,3/6/2021,2,0,2
Amador,3/6/2021,2,0,2
Los Angeles,3/6/2021,1132,156,1288
Contra Costa,3/6/2021,61,13,74
Glenn,3/6/2021,0,0,0
Calaveras,3/6/2021,1,0,1
Kern,3/6/2021,113,8,121
Santa Cruz,3/6/2021,10,0,10
Tulare,3/6/2021,47,9,56
Trinity,3/6/2021,0,0,0
Napa,3/6/2021,6,1,7
Santa Barbara,3/6/2021,48,2,50
Kings,3/6/2021,33,0,33
San Luis Obispo,3/6/2021,11,0,11
Orange,3/6/2021,296,15,311
Alameda,3/6/2021,116,29,145
San Mateo,3/6/2021,40,2,42
Mariposa,3/6/2021,0,0,0
Imperial,3/6/2021,18,0,18
Mono,3/6/2021,0,0,0
Sutter,3/7/2021,0,0,0
Sonoma,3/7/2021,20,1,21
Riverside,3/7/2021,251,63,314
San Mateo,3/7/2021,39,2,41
Kern,3/7/2021,112,6,118
Solano,3/7/2021,35,4,39
San Francisco,3/7/2021,47,9,56
San Diego,3/7/2021,345,21,366
Santa Barbara,3/7/2021,51,3,54
Santa Clara,3/7/2021,154,21,175
Ventura,3/7/2021,99,8,107
San Benito,3/7/2021,1,0,1
Kings,3/7/2021,28,0,28
Madera,3/7/2021,8,6,14
Amador,3/7/2021,2,0,2
Sacramento,3/7/2021,118,27,145
Contra Costa,3/7/2021,65,10,75
Merced,3/7/2021,16,0,16
Mendocino,3/7/2021,2,0,2
Shasta,3/7/2021,11,0,11
Trinity,3/7/2021,0,0,0
Orange,3/7/2021,288,19,307
Nevada,3/7/2021,3,0,3
Del Norte,3/7/2021,1,0,1
San Bernardino,3/7/2021,249,35,284
San Joaquin,3/7/2021,90,5,95
Stanislaus,3/7/2021,116,14,130
El Dorado,3/7/2021,3,0,3
Yolo,3/7/2021,6,0,6
Santa Cruz,3/7/2021,10,0,10
Plumas,3/7/2021,0,0,0
Mariposa,3/7/2021,0,0,0
Glenn,3/7/2021,0,0,0
Mono,3/7/2021,0,0,0
Siskiyou,3/7/2021,1,2,3
Alameda,3/7/2021,114,27,141
Lake,3/7/2021,0,0,0
Inyo,3/7/2021,2,0,2
Calaveras,3/7/2021,1,0,1
Tehama,3/7/2021,3,0,3
Tuolumne,3/7/2021,1,0,1
Tulare,3/7/2021,46,8,54
Napa,3/7/2021,5,0,5
Humboldt,3/7/2021,4,4,8
Butte,3/7/2021,18,1,19
Imperial,3/7/2021,15,0,15
Monterey,3/7/2021,38,0,38
Marin,3/7/2021,17,3,20
Yuba,3/7/2021,16,0,16
Placer,3/7/2021,44,8,52
Los Angeles,3/7/2021,1119,128,1247
Fresno,3/7/2021,136,26,162
San Luis Obispo,3/7/2021,15,1,16
Lassen,3/7/2021,0,0,0
Colusa,3/7/2021,1,0,1
Modoc,3/7/2021,0,0,0
Lake,3/8/2021,1,0,1
Merced,3/8/2021,17,0,17
Tehama,3/8/2021,4,0,4
Sutter,3/8/2021,0,0,0
Madera,3/8/2021,7,6,13
Trinity,3/8/2021,0,0,0
Stanislaus,3/8/2021,121,16,137
Shasta,3/8/2021,9,0,9
Plumas,3/8/2021,0,0,0
Imperial,3/8/2021,13,0,13
Inyo,3/8/2021,2,0,2
Yuba,3/8/2021,18,0,18
Kings,3/8/2021,30,1,31
Humboldt,3/8/2021,4,5,9
Solano,3/8/2021,33,4,37
San Bernardino,3/8/2021,253,38,291
El Dorado,3/8/2021,3,0,3
Butte,3/8/2021,20,0,20
Santa Cruz,3/8/2021,9,0,9
Mariposa,3/8/2021,0,0,0
San Mateo,3/8/2021,40,4,44
Modoc,3/8/2021,0,0,0
Los Angeles,3/8/2021,1079,139,1218
San Luis Obispo,3/8/2021,16,1,17
Monterey,3/8/2021,38,0,38
San Diego,3/8/2021,341,23,364
Santa Clara,3/8/2021,151,23,174
Nevada,3/8/2021,4,0,4
Ventura,3/8/2021,89,9,98
Alameda,3/8/2021,118,22,140
Orange,3/8/2021,283,19,302
San Francisco,3/8/2021,49,8,57
Tulare,3/8/2021,42,13,55
Yolo,3/8/2021,7,1,8
Contra Costa,3/8/2021,68,13,81
San Joaquin,3/8/2021,91,4,95
Napa,3/8/2021,5,0,5
Tuolumne,3/8/2021,2,0,2
San Benito,3/8/2021,0,0,0
Santa Barbara,3/8/2021,47,3,50
Colusa,3/8/2021,1,3,4
Marin,3/8/2021,17,5,22
Riverside,3/8/2021,264,50,314
Kern,3/8/2021,115,5,120
Sonoma,3/8/2021,19,3,22
Placer,3/8/2021,46,8,54
Calaveras,3/8/2021,1,0,1
Mono,3/8/2021,0,0,0
Amador,3/8/2021,2,0,2
Fresno,3/8/2021,142,17,159
Lassen,3/8/2021,0,0,0
Mendocino,3/8/2021,2,0,2
Glenn,3/8/2021,0,0,0
Del Norte,3/8/2021,1,0,1
Siskiyou,3/8/2021,4,0,4
Sacramento,3/8/2021,116,18,134
Orange,3/9/2021,277,31,308
Tehama,3/9/2021,3,0,3
El Dorado,3/9/2021,2,0,2
Sacramento,3/9/2021,117,17,134
San Mateo,3/9/2021,36,7,43
San Benito,3/9/2021,2,0,2
Sutter,3/9/2021,0,0,0
San Joaquin,3/9/2021,91,9,100
Yuba,3/9/2021,13,0,13
Alameda,3/9/2021,110,18,128
Imperial,3/9/2021,14,1,15
Placer,3/9/2021,39,6,45
Ventura,3/9/2021,90,17,107
San Luis Obispo,3/9/2021,14,0,14
San Francisco,3/9/2021,46,14,60
Sonoma,3/9/2021,19,0,19
Butte,3/9/2021,21,0,21
Inyo,3/9/2021,2,0,2
Colusa,3/9/2021,0,3,3
Calaveras,3/9/2021,1,0,1
Modoc,3/9/2021,0,0,0
San Bernardino,3/9/2021,237,29,266
Yolo,3/9/2021,6,0,6
Shasta,3/9/2021,8,0,8
Trinity,3/9/2021,0,0,0
Del Norte,3/9/2021,1,0,1
Kings,3/9/2021,29,0,29
Mariposa,3/9/2021,0,0,0
San Diego,3/9/2021,334,31,365
Mono,3/9/2021,0,0,0
Mendocino,3/9/2021,1,0,1
Riverside,3/9/2021,254,35,289
Merced,3/9/2021,22,0,22
Lassen,3/9/2021,0,0,0
Fresno,3/9/2021,142,29,171
Napa,3/9/2021,5,0,5
Kern,3/9/2021,104,8,112
Santa Clara,3/9/2021,136,27,163
Los Angeles,3/9/2021,1056,151,1207
Contra Costa,3/9/2021,62,16,78
Marin,3/9/2021,18,2,20
Madera,3/9/2021,6,3,9
Santa Cruz,3/9/2021,9,1,10
Siskiyou,3/9/2021,3,0,3
Plumas,3/9/2021,0,0,0
Glenn,3/9/2021,0,0,0
Stanislaus,3/9/2021,123,19,142
Humboldt,3/9/2021,4,3,7
Tulare,3/9/2021,43,11,54
Lake,3/9/2021,0,0,0
Santa Barbara,3/9/2021,46,2,48
Solano,3/9/2021,29,4,33
Amador,3/9/2021,2,0,2
Monterey,3/9/2021,41,0,41
Tuolumne,3/9/2021,1,0,1
Nevada,3/9/2021,6,0,6
Ventura,3/10/2021,87,12,99
Marin,3/10/2021,14,2,16
San Joaquin,3/10/2021,85,10,95
Glenn,3/10/2021,0,0,0
Plumas,3/10/2021,0,0,0
Solano,3/10/2021,26,8,34
Yolo,3/10/2021,5,0,5
Merced,3/10/2021,21,0,21
Colusa,3/10/2021,0,3,3
Humboldt,3/10/2021,3,5,8
El Dorado,3/10/2021,2,1,3
Mono,3/10/2021,0,0,0
Stanislaus,3/10/2021,126,15,141
Nevada,3/10/2021,6,0,6
Santa Cruz,3/10/2021,6,1,7
Orange,3/10/2021,252,24,276
Napa,3/10/2021,3,0,3
Santa Barbara,3/10/2021,48,1,49
Placer,3/10/2021,32,8,40
Modoc,3/10/2021,0,0,0
Trinity,3/10/2021,0,0,0
Calaveras,3/10/2021,0,0,0
Yuba,3/10/2021,12,1,13
Alameda,3/10/2021,111,18,129
Shasta,3/10/2021,9,0,9
San Diego,3/10/2021,319,30,349
Mendocino,3/10/2021,1,0,1
Del Norte,3/10/2021,1,0,1
Siskiyou,3/10/2021,3,0,3
Inyo,3/10/2021,3,0,3
Contra Costa,3/10/2021,54,12,66
Santa Clara,3/10/2021,143,26,169
Amador,3/10/2021,2,0,2
Lake,3/10/2021,2,0,2
Kern,3/10/2021,98,10,108
Tulare,3/10/2021,42,4,46
Imperial,3/10/2021,12,0,12
Monterey,3/10/2021,36,0,36
Riverside,3/10/2021,234,30,264
Sacramento,3/10/2021,122,23,145
San Bernardino,3/10/2021,219,28,247
Madera,3/10/2021,7,6,13
Mariposa,3/10/2021,0,0,0
Butte,3/10/2021,23,0,23
San Mateo,3/10/2021,34,8,42
San Luis Obispo,3/10/2021,11,0,11
Kings,3/10/2021,24,0,24
Sonoma,3/10/2021,20,0,20
Los Angeles,3/10/2021,1015,163,1178
Tuolumne,3/10/2021,1,0,1
Lassen,3/10/2021,0,0,0
Tehama,3/10/2021,5,0,5
Sutter,3/10/2021,0,0,0
San Benito,3/10/2021,2,0,2
San Francisco,3/10/2021,44,9,53
Fresno,3/10/2021,152,23,175
Calaveras,3/11/2021,0,0,0
Nevada,3/11/2021,6,0,6
Yolo,3/11/2021,1,4,5
San Joaquin,3/11/2021,75,8,83
San Benito,3/11/2021,1,0,1
Alameda,3/11/2021,107,30,137
San Francisco,3/11/2021,41,10,51
Lassen,3/11/2021,0,0,0
Amador,3/11/2021,2,0,2
Tehama,3/11/2021,6,0,6
Stanislaus,3/11/2021,128,16,144
Siskiyou,3/11/2021,3,0,3
Monterey,3/11/2021,35,0,35
Sutter,3/11/2021,0,0,0
Solano,3/11/2021,21,7,28
Del Norte,3/11/2021,0,0,0
Madera,3/11/2021,8,10,18
Imperial,3/11/2021,15,0,15
Glenn,3/11/2021,0,0,0
Napa,3/11/2021,5,0,5
San Luis Obispo,3/11/2021,9,1,10
El Dorado,3/11/2021,2,0,2
Santa Barbara,3/11/2021,43,0,43
Lake,3/11/2021,1,0,1
Mendocino,3/11/2021,2,0,2
Colusa,3/11/2021,1,1,2
Merced,3/11/2021,23,0,23
Los Angeles,3/11/2021,979,167,1146
Butte,3/11/2021,21,0,21
Inyo,3/11/2021,3,0,3
Tuolumne,3/11/2021,2,0,2
Fresno,3/11/2021,147,25,172
Sacramento,3/11/2021,118,19,137
Riverside,3/11/2021,217,25,242
Sonoma,3/11/2021,21,1,22
Mariposa,3/11/2021,0,0,0
Modoc,3/11/2021,0,0,0
Shasta,3/11/2021,9,0,9
Contra Costa,3/11/2021,50,11,61
Kings,3/11/2021,20,0,20
San Bernardino,3/11/2021,217,34,251
Plumas,3/11/2021,0,0,0
Mono,3/11/2021,0,0,0
Humboldt,3/11/2021,4,3,7
Orange,3/11/2021,245,21,266
Yuba,3/11/2021,12,0,12
San Diego,3/11/2021,293,23,316
Ventura,3/11/2021,88,6,94
Tulare,3/11/2021,36,7,43
San Mateo,3/11/2021,38,8,46
Placer,3/11/2021,30,12,42
Santa Cruz,3/11/2021,6,1,7
Kern,3/11/2021,98,8,106
Marin,3/11/2021,15,3,18
Trinity,3/11/2021,0,0,0
Santa Clara,3/11/2021,131,16,147
Yolo,3/12/2021,4,0,4
Modoc,3/12/2021,0,0,0
Orange,3/12/2021,237,30,267
Riverside,3/12/2021,204,23,227
Glenn,3/12/2021,0,0,0
San Francisco,3/12/2021,41,3,44
Kings,3/12/2021,17,0,17
Humboldt,3/12/2021,4,3,7
Napa,3/12/2021,3,0,3
Placer,3/12/2021,31,9,40
Santa Clara,3/12/2021,132,17,149
Tulare,3/12/2021,37,6,43
Amador,3/12/2021,1,0,1
Merced,3/12/2021,20,0,20
Fresno,3/12/2021,143,20,163
Alameda,3/12/2021,118,27,145
Mariposa,3/12/2021,0,0,0
Ventura,3/12/2021,85,4,89
Tehama,3/12/2021,6,0,6
Lake,3/12/2021,1,0,1
San Luis Obispo,3/12/2021,9,2,11
Sonoma,3/12/2021,22,0,22
San Diego,3/12/2021,290,30,320
Shasta,3/12/2021,9,0,9
Plumas,3/12/2021,0,0,0
Del Norte,3/12/2021,0,0,0
Trinity,3/12/2021,0,0,0
San Mateo,3/12/2021,35,6,41
Solano,3/12/2021,25,9,34
Los Angeles,3/12/2021,951,155,1106
Contra Costa,3/12/2021,49,11,60
Kern,3/12/2021,95,4,99
Mendocino,3/12/2021,3,0,3
Colusa,3/12/2021,1,2,3
Yuba,3/12/2021,10,1,11
San Bernardino,3/12/2021,200,21,221
Nevada,3/12/2021,5,0,5
Inyo,3/12/2021,2,0,2
Santa Barbara,3/12/2021,39,0,39
Sacramento,3/12/2021,116,17,133
Monterey,3/12/2021,39,0,39
Tuolumne,3/12/2021,2,0,2
Marin,3/12/2021,17,3,20
Stanislaus,3/12/2021,126,15,141
Calaveras,3/12/2021,0,0,0
Siskiyou,3/12/2021,2,0,2
Madera,3/12/2021,6,6,12
El Dorado,3/12/2021,3,1,4
San Benito,3/12/2021,1,0,1
Mono,3/12/2021,0,0,0
Santa Cruz,3/12/2021,5,1,6
Lassen,3/12/2021,0,0,0
Imperial,3/12/2021,14,0,14
San Joaquin,3/12/2021,73,13,86
Sutter,3/12/2021,0,0,0
Butte,3/12/2021,17,0,17
Amador,3/13/2021,1,0,1
San Luis Obispo,3/13/2021,9,2,11
Napa,3/13/2021,5,0,5
Stanislaus,3/13/2021,118,14,132
Kings,3/13/2021,15,0,15
Tehama,3/13/2021,5,0,5
Kern,3/13/2021,92,5,97
Lake,3/13/2021,2,0,2
Yolo,3/13/2021,4,0,4
Trinity,3/13/2021,0,0,0
Siskiyou,3/13/2021,1,0,1
Placer,3/13/2021,39,6,45
San Bernardino,3/13/2021,194,20,214
Modoc,3/13/2021,0,0,0
Sonoma,3/13/2021,23,1,24
Mendocino,3/13/2021,3,0,3
Mono,3/13/2021,0,0,0
Orange,3/13/2021,241,26,267
San Diego,3/13/2021,279,24,303
San Joaquin,3/13/2021,69,11,80
Humboldt,3/13/2021,4,6,10
Santa Cruz,3/13/2021,9,0,9
Nevada,3/13/2021,6,0,6
Colusa,3/13/2021,1,1,2
Ventura,3/13/2021,77,6,83
Glenn,3/13/2021,0,0,0
El Dorado,3/13/2021,1,0,1
Plumas,3/13/2021,0,0,0
Calaveras,3/13/2021,1,0,1
Madera,3/13/2021,9,14,23
Lassen,3/13/2021,0,0,0
Los Angeles,3/13/2021,893,156,1049
Santa Clara,3/13/2021,131,12,143
Butte,3/13/2021,13,1,14
Monterey,3/13/2021,37,0,37
Marin,3/13/2021,18,5,23
Del Norte,3/13/2021,0,0,0
Solano,3/13/2021,25,7,32
San Benito,3/13/2021,1,0,1
Shasta,3/13/2021,10,0,10
San Mateo,3/13/2021,35,7,42
Inyo,3/13/2021,3,0,3
Imperial,3/13/2021,13,0,13
Riverside,3/13/2021,182,23,205
Tulare,3/13/2021,34,4,38
Sacramento,3/13/2021,119,14,133
Fresno,3/13/2021,128,20,148
Mariposa,3/13/2021,0,0,0
Santa Barbara,3/13/2021,37,1,38
Merced,3/13/2021,20,0,20
Alameda,3/13/2021,117,34,151
Yuba,3/13/2021,9,1,10
Tuolumne,3/13/2021,3,0,3
Contra Costa,3/13/2021,48,16,64
Sutter,3/13/2021,0,0,0
San Francisco,3/13/2021,46,8,54
Tuolumne,3/14/2021,1,0,1
Siskiyou,3/14/2021,1,0,1
Solano,3/14/2021,29,7,36
Kings,3/14/2021,14,0,14
Fresno,3/14/2021,131,22,153
Placer,3/14/2021,37,6,43
San Bernardino,3/14/2021,191,29,220
Sonoma,3/14/2021,23,1,24
San Francisco,3/14/2021,45,9,54
Orange,3/14/2021,233,24,257
Tulare,3/14/2021,35,3,38
Yolo,3/14/2021,4,0,4
El Dorado,3/14/2021,2,0,2
Kern,3/14/2021,95,5,100
Contra Costa,3/14/2021,51,15,66
Lake,3/14/2021,2,0,2
Merced,3/14/2021,21,0,21
Napa,3/14/2021,3,0,3
Monterey,3/14/2021,39,0,39
Amador,3/14/2021,1,0,1
Madera,3/14/2021,12,7,19
Santa Barbara,3/14/2021,39,3,42
Alameda,3/14/2021,114,32,146
Los Angeles,3/14/2021,865,145,1010
Colusa,3/14/2021,1,1,2
Mariposa,3/14/2021,0,0,0
Butte,3/14/2021,12,1,13
Lassen,3/14/2021,0,0,0
Tehama,3/14/2021,5,0,5
Sutter,3/14/2021,0,0,0
Del Norte,3/14/2021,0,0,0
San Mateo,3/14/2021,34,8,42
Humboldt,3/14/2021,4,6,10
Shasta,3/14/2021,9,0,9
Santa Clara,3/14/2021,138,16,154
San Diego,3/14/2021,284,23,307
Plumas,3/14/2021,0,0,0
Marin,3/14/2021,16,5,21
Yuba,3/14/2021,10,1,11
Nevada,3/14/2021,5,0,5
Riverside,3/14/2021,195,21,216
Trinity,3/14/2021,0,0,0
Stanislaus,3/14/2021,122,15,137
Sacramento,3/14/2021,121,16,137
Mono,3/14/2021,0,0,0
Inyo,3/14/2021,3,0,3
San Joaquin,3/14/2021,61,11,72
Ventura,3/14/2021,76,6,82
Imperial,3/14/2021,14,0,14
Santa Cruz,3/14/2021,9,0,9
San Luis Obispo,3/14/2021,8,0,8
Mendocino,3/14/2021,2,0,2
Glenn,3/14/2021,0,0,0
Calaveras,3/14/2021,1,0,1
San Benito,3/14/2021,1,0,1
Modoc,3/14/2021,0,0,0
Sutter,3/15/2021,0,0,0
Nevada,3/15/2021,5,0,5
Placer,3/15/2021,40,6,46
Alameda,3/15/2021,108,27,135
Mendocino,3/15/2021,2,0,2
Fresno,3/15/2021,125,19,144
San Benito,3/15/2021,0,0,0
Shasta,3/15/2021,8,1,9
Monterey,3/15/2021,36,0,36
Mono,3/15/2021,0,0,0
Tuolumne,3/15/2021,1,0,1
Inyo,3/15/2021,2,0,2
Trinity,3/15/2021,0,0,0
Contra Costa,3/15/2021,44,17,61
Sonoma,3/15/2021,26,1,27
San Joaquin,3/15/2021,64,10,74
Napa,3/15/2021,2,0,2
Yuba,3/15/2021,9,0,9
San Diego,3/15/2021,286,20,306
Los Angeles,3/15/2021,857,137,994
Kern,3/15/2021,98,10,108
Colusa,3/15/2021,1,1,2
Stanislaus,3/15/2021,125,13,138
Yolo,3/15/2021,2,0,2
Plumas,3/15/2021,0,0,0
Solano,3/15/2021,29,7,36
San Luis Obispo,3/15/2021,7,0,7
Lassen,3/15/2021,0,0,0
San Bernardino,3/15/2021,185,17,202
El Dorado,3/15/2021,1,0,1
Glenn,3/15/2021,0,0,0
Tulare,3/15/2021,37,7,44
Santa Cruz,3/15/2021,7,1,8
San Mateo,3/15/2021,26,6,32
Amador,3/15/2021,1,0,1
Sacramento,3/15/2021,119,14,133
Tehama,3/15/2021,5,0,5
Del Norte,3/15/2021,0,0,0
Kings,3/15/2021,15,0,15
Merced,3/15/2021,19,0,19
Calaveras,3/15/2021,1,0,1
Santa Barbara,3/15/2021,40,1,41
Modoc,3/15/2021,0,0,0
Mariposa,3/15/2021,0,0,0
Imperial,3/15/2021,14,0,14
Lake,3/15/2021,2,0,2
Ventura,3/15/2021,73,9,82
Butte,3/15/2021,12,1,13
Siskiyou,3/15/2021,2,0,2
Madera,3/15/2021,9,4,13
Humboldt,3/15/2021,5,2,7
Marin,3/15/2021,15,3,18
Orange,3/15/2021,216,24,240
Santa Clara,3/15/2021,144,14,158
Riverside,3/15/2021,188,23,211
San Francisco,3/15/2021,45,3,48
