date,confirmed_patients,suspected_patients,total_covid_patients
2020-03-29,1,6,7
2020-03-29,0,0,0
2020-03-29,7,20,27
2020-03-29,6,13,19
2020-03-29,33,123,156
2020-03-29,2,12,14
2020-03-29,0,0,0
2020-03-29,46,27,73
2020-03-29,0,0,0
2020-03-29,1,5,6
2020-03-29,0,6,6
2020-03-29,0,0,0
2020-03-29,121,211,332
2020-03-29,489,1132,1621
2020-03-29,0,0,0
2020-03-29,0,0,0
2020-03-29,1,7,8
2020-03-29,7,12,19
2020-03-29,0,2,2
2020-03-29,20,48,68
2020-03-29,44,78,122
2020-03-29,141,72,213
2020-03-29,1,11,12
2020-03-29,0,0,0
2020-03-29,1,2,3
2020-03-29,18,14,32
2020-03-29,0,0,0
2020-03-29,36,91,127
2020-03-29,74,167,241
2020-03-29,34,35,69
2020-03-29,2,5,7
2020-03-29,0,1,1
2020-03-29,1,0,1
2020-03-29,36,27,63
2020-03-29,1,10,11
2020-03-29,2,16,18
2020-03-29,5,100,105
2020-03-29,8,116,124
2020-03-29,7,27,34
2020-03-29,0,0,0
2020-03-29,7,13,20
2020-03-29,1,1,2
2020-03-29,15,21,36
2020-03-29,0,26,26
2020-03-29,16,57,73
2020-03-29,23,0,0
2020-03-29,0,0,0
2020-03-29,0,1,1
2020-03-29,23,62,85
2020-03-29,2,3,5
2020-03-29,24,85,109
2020-03-29,0,0,0
2020-03-29,50,73,123
2020-03-29,0,0,0
2020-03-29,0,1,1
2020-03-30,0,4,4
2020-03-30,0,31,31
2020-03-30,146,446,592
2020-03-30,2,2,4
2020-03-30,67,179,246
2020-03-30,1,4,5
2020-03-30,98,251,349
2020-03-30,4,12,16
2020-03-30,5,11,16
2020-03-30,0,0,0
2020-03-30,19,19,38
2020-03-30,19,109,128
2020-03-30,10,9,19
2020-03-30,26,17,43
2020-03-30,0,0,0
2020-03-30,1,9,10
2020-03-30,0,0,0
2020-03-30,0,1,1
2020-03-30,5,21,26
2020-03-30,11,16,27
2020-03-30,153,93,246
2020-03-30,18,123,141
2020-03-30,0,1,1
2020-03-30,0,2,2
2020-03-30,59,89,148
2020-03-30,2,12,14
2020-03-30,58,92,150
2020-03-30,60,133,193
2020-03-30,17,51,68
2020-03-30,601,1277,1878
2020-03-30,3,8,11
2020-03-30,0,1,1
2020-03-30,3,17,20
2020-03-30,2,11,13
2020-03-30,25,82,107
2020-03-30,28,30,58
2020-03-30,19,25,44
2020-03-30,7,22,29
2020-03-30,0,1,1
2020-03-30,0,3,3
2020-03-30,1,8,9
2020-03-30,0,1,1
2020-03-30,1,5,6
2020-03-30,1,2,3
2020-03-30,15,16,31
2020-03-30,0,9,9
2020-03-30,10,88,98
2020-03-30,25,54,79
2020-03-30,0,2,2
2020-03-30,0,0,0
2020-03-30,1,1,2
2020-03-30,45,86,131
2020-03-30,0,0,0
2020-03-30,56,40,96
2020-03-30,0,2,2
2020-03-31,1,3,4
2020-03-31,15,15,30
2020-03-31,53,110,163
2020-03-31,8,18,26
2020-03-31,14,63,77
2020-03-31,19,29,48
2020-03-31,158,408,566
2020-03-31,20,31,51
2020-03-31,30,274,304
2020-03-31,0,0,0
2020-03-31,0,0,0
2020-03-31,36,40,76
2020-03-31,27,54,81
2020-03-31,0,1,1
2020-03-31,18,27,45
2020-03-31,10,9,19
2020-03-31,0,0,0
2020-03-31,0,1,1
2020-03-31,0,1,1
2020-03-31,12,100,112
2020-03-31,44,54,98
2020-03-31,0,0,0
2020-03-31,67,69,136
2020-03-31,713,1239,1952
2020-03-31,60,23,83
2020-03-31,6,14,20
2020-03-31,3,11,14
2020-03-31,4,20,24
2020-03-31,9,14,23
2020-03-31,155,98,253
2020-03-31,0,0,0
2020-03-31,7,15,22
2020-03-31,1,5,6
2020-03-31,0,0,0
2020-03-31,0,7,7
2020-03-31,1,5,6
2020-03-31,56,94,150
2020-03-31,82,231,313
2020-03-31,0,37,37
2020-03-31,21,90,111
2020-03-31,80,155,235
2020-03-31,0,4,4
2020-03-31,1,0,1
2020-03-31,0,83,0
2020-03-31,0,1,1
2020-03-31,1,10,11
2020-03-31,1,11,12
2020-03-31,3,2,5
2020-03-31,105,233,338
2020-03-31,11,15,26
2020-03-31,0,2,2
2020-03-31,1,3,4
2020-03-31,0,19,19
2020-03-31,2,21,23
2020-03-31,0,4,4
2020-04-01,0,1,1
2020-04-01,25,28,53
2020-04-01,4,15,19
2020-04-01,1,3,4
2020-04-01,0,7,7
2020-04-01,2,2,4
2020-04-01,0,5,5
2020-04-01,2,0,2
2020-04-01,0,1,1
2020-04-01,95,196,291
2020-04-01,25,39,64
2020-04-01,0,3,3
2020-04-01,2,6,8
2020-04-01,7,89,96
2020-04-01,0,0,0
2020-04-01,0,1,1
2020-04-01,0,0,0
2020-04-01,0,2,2
2020-04-01,1,4,5
2020-04-01,0,5,5
2020-04-01,1,9,10
2020-04-01,4,12,16
2020-04-01,739,1332,2071
2020-04-01,0,0,0
2020-04-01,168,340,508
2020-04-01,117,221,338
2020-04-01,31,42,73
2020-04-01,0,1,1
2020-04-01,85,182,267
2020-04-01,14,8,22
2020-04-01,57,35,92
2020-04-01,15,45,60
2020-04-01,67,66,133
2020-04-01,0,0,0
2020-04-01,0,0,0
2020-04-01,9,19,28
2020-04-01,3,15,18
2020-04-01,5,33,38
2020-04-01,8,10,18
2020-04-01,3,3,6
2020-04-01,23,23,46
2020-04-01,22,96,118
2020-04-01,5,18,23
2020-04-01,0,0,0
2020-04-01,52,76,128
2020-04-01,2,12,14
2020-04-01,13,16,29
2020-04-01,2,24,26
2020-04-01,160,85,245
2020-04-01,36,54,90
2020-04-01,14,18,32
2020-04-01,53,138,191
2020-04-01,0,0,0
2020-04-01,25,35,60
2020-04-01,0,2,2
2020-04-01,19,101,120
2020-04-02,32,15,47
2020-04-02,15,8,23
2020-04-02,17,74,91
2020-04-02,7,16,23
2020-04-02,136,181,317
2020-04-02,26,44,70
2020-04-02,0,1,1
2020-04-02,0,1,1
2020-04-02,0,0,0
2020-04-02,0,7,7
2020-04-02,1,4,5
2020-04-02,818,1270,2088
2020-04-02,1,8,9
2020-04-02,163,101,264
2020-04-02,62,40,102
2020-04-02,0,3,3
2020-04-02,0,0,0
2020-04-02,71,92,163
2020-04-02,18,2,20
2020-04-02,0,3,3
2020-04-02,1,7,8
2020-04-02,0,0,0
2020-04-02,75,60,135
2020-04-02,15,12,27
2020-04-02,0,1,1
2020-04-02,4,26,30
2020-04-02,0,0,0
2020-04-02,57,76,133
2020-04-02,5,5,10
2020-04-02,0,1,1
2020-04-02,32,38,70
2020-04-02,0,1,1
2020-04-02,3,2,5
2020-04-02,14,14,28
2020-04-02,27,111,138
2020-04-02,4,26,30
2020-04-02,4,16,20
2020-04-02,8,18,26
2020-04-02,4,4,8
2020-04-02,8,102,110
2020-04-02,0,3,3
2020-04-02,2,25,27
2020-04-02,144,343,487
2020-04-02,129,225,354
2020-04-02,2,0,2
2020-04-02,2,4,6
2020-04-02,126,185,311
2020-04-02,4,5,9
2020-04-02,2,6,8
2020-04-02,0,0,0
2020-04-02,27,77,104
2020-04-02,30,43,73
2020-04-02,0,1,1
2020-04-02,38,58,96
2020-04-02,0,1,1
2020-04-02,42,42,84
2020-04-03,6,15,21
2020-04-03,0,0,0
2020-04-03,0,3,3
2020-04-03,0,0,0
2020-04-03,0,5,5
2020-04-03,164,83,247
2020-04-03,31,39,70
2020-04-03,0,5,5
2020-04-03,1,7,8
2020-04-03,65,39,104
2020-04-03,28,45,73
2020-04-03,131,182,313
2020-04-03,22,116,138
2020-04-03,15,81,96
2020-04-03,0,2,2
2020-04-03,1,9,10
2020-04-03,118,204,322
2020-04-03,2,12,14
2020-04-03,0,0,0
2020-04-03,962,1239,2201
2020-04-03,3,19,22
2020-04-03,8,102,110
2020-04-03,35,73,108
2020-04-03,0,0,0
2020-04-03,16,21,37
2020-04-03,77,76,153
2020-04-03,4,8,12
2020-04-03,64,74,138
2020-04-03,21,23,44
2020-04-03,0,3,3
2020-04-03,9,7,16
2020-04-03,0,2,2
2020-04-03,4,5,9
2020-04-03,0,0,0
2020-04-03,105,182,287
2020-04-03,1,0,1
2020-04-03,41,38,79
2020-04-03,80,71,151
2020-04-03,6,24,30
2020-04-03,15,9,24
2020-04-03,16,18,34
2020-04-03,0,0,0
2020-04-03,0,0,0
2020-04-03,27,29,56
2020-04-03,2,9,11
2020-04-03,0,1,1
2020-04-03,4,5,9
2020-04-03,2,7,9
2020-04-03,0,2,2
2020-04-03,0,0,0
2020-04-03,171,308,479
2020-04-03,0,3,3
2020-04-03,2,4,6
2020-04-03,18,2,20
2020-04-03,6,16,22
2020-04-03,2,0,2
2020-04-04,0,2,2
2020-04-04,4,6,10
2020-04-04,1,8,9
2020-04-04,2,16,18
2020-04-04,4,5,9
2020-04-04,0,1,1
2020-04-04,126,186,312
2020-04-04,0,4,4
2020-04-04,0,1,1
2020-04-04,0,0,0
2020-04-04,60,95,155
2020-04-04,2,3,5
2020-04-04,2,6,8
2020-04-04,0,2,2
2020-04-04,16,25,41
2020-04-04,159,79,238
2020-04-04,5,16,21
2020-04-04,0,0,0
2020-04-04,30,47,77
2020-04-04,21,127,148
2020-04-04,7,16,23
2020-04-04,20,2,22
2020-04-04,16,19,35
2020-04-04,0,3,3
2020-04-04,0,1,1
2020-04-04,0,0,0
2020-04-04,43,30,73
2020-04-04,4,6,10
2020-04-04,0,0,0
2020-04-04,3,14,17
2020-04-04,0,2,2
2020-04-04,69,76,145
2020-04-04,66,19,85
2020-04-04,28,34,62
2020-04-04,0,0,0
2020-04-04,1,9,10
2020-04-04,0,0,0
2020-04-04,30,45,75
2020-04-04,1,0,1
2020-04-04,9,10,19
2020-04-04,8,106,114
2020-04-04,5,14,19
2020-04-04,177,218,395
2020-04-04,15,9,24
2020-04-04,8,20,28
2020-04-04,138,254,392
2020-04-04,143,213,356
2020-04-04,0,0,0
2020-04-04,0,4,4
2020-04-04,23,14,37
2020-04-04,1,4,5
2020-04-04,14,93,107
2020-04-04,2,10,12
2020-04-04,33,54,87
2020-04-04,80,65,145
2020-04-04,1007,1190,2197
2020-04-05,20,2,22
2020-04-05,0,0,0
2020-04-05,6,21,27
2020-04-05,69,15,84
2020-04-05,15,17,32
2020-04-05,0,0,0
2020-04-05,4,20,24
2020-04-05,0,3,3
2020-04-05,129,207,336
2020-04-05,72,87,159
2020-04-05,79,68,147
2020-04-05,0,0,0
2020-04-05,3,1,4
2020-04-05,0,2,2
2020-04-05,2,4,6
2020-04-05,2,11,13
2020-04-05,9,106,115
2020-04-05,3,6,9
2020-04-05,179,220,399
2020-04-05,29,35,64
2020-04-05,0,0,0
2020-04-05,144,221,365
2020-04-05,1094,1082,2176
2020-04-05,5,15,20
2020-04-05,0,1,1
2020-04-05,2,16,18
2020-04-05,5,12,17
2020-04-05,16,6,22
2020-04-05,0,0,0
2020-04-05,1,8,9
2020-04-05,9,9,18
2020-04-05,0,0,0
2020-04-05,0,2,2
2020-04-05,0,0,0
2020-04-05,16,15,31
2020-04-05,0,1,1
2020-04-05,146,240,386
2020-04-05,16,81,97
2020-04-05,8,11,19
2020-04-05,0,0,0
2020-04-05,15,10,25
2020-04-05,0,4,4
2020-04-05,46,24,70
2020-04-05,30,25,55
2020-04-05,23,13,36
2020-04-05,0,0,0
2020-04-05,21,128,149
2020-04-05,23,27,50
2020-04-05,0,1,1
2020-04-05,64,78,142
2020-04-05,166,69,235
2020-04-05,2,3,5
2020-04-05,3,0,3
2020-04-05,31,26,57
2020-04-05,1,0,1
2020-04-05,1,14,15
2020-04-06,9,114,123
2020-04-06,31,32,63
2020-04-06,79,70,149
2020-04-06,1,19,20
2020-04-06,4,0,4
2020-04-06,0,0,0
2020-04-06,0,0,0
2020-04-06,68,20,88
2020-04-06,18,81,99
2020-04-06,0,0,0
2020-04-06,3,3,6
2020-04-06,34,26,60
2020-04-06,15,21,36
2020-04-06,129,193,322
2020-04-06,2,3,5
2020-04-06,12,24,36
2020-04-06,0,3,3
2020-04-06,0,0,0
2020-04-06,4,2,6
2020-04-06,28,28,56
2020-04-06,1166,1070,2236
2020-04-06,22,106,128
2020-04-06,0,0,0
2020-04-06,3,3,6
2020-04-06,0,0,0
2020-04-06,5,9,14
2020-04-06,6,3,9
2020-04-06,6,18,24
2020-04-06,9,14,23
2020-04-06,16,15,31
2020-04-06,0,0,0
2020-04-06,0,8,8
2020-04-06,0,7,7
2020-04-06,77,78,155
2020-04-06,1,15,16
2020-04-06,80,71,151
2020-04-06,0,0,0
2020-04-06,0,2,2
2020-04-06,0,0,0
2020-04-06,20,2,22
2020-04-06,30,28,58
2020-04-06,148,185,333
2020-04-06,3,12,15
2020-04-06,181,49,230
2020-04-06,20,12,32
2020-04-06,0,2,2
2020-04-06,0,0,0
2020-04-06,0,0,0
2020-04-06,16,1,17
2020-04-06,24,36,60
2020-04-06,187,224,411
2020-04-06,0,3,3
2020-04-06,8,8,16
2020-04-06,0,0,0
2020-04-06,145,171,316
2020-04-06,1,5,6
2020-04-07,2,5,7
2020-04-07,74,91,165
2020-04-07,187,47,234
2020-04-07,20,2,22
2020-04-07,9,14,23
2020-04-07,22,68,90
2020-04-07,0,1,1
2020-04-07,0,3,3
2020-04-07,9,121,130
2020-04-07,0,0,0
2020-04-07,0,0,0
2020-04-07,0,1,1
2020-04-07,0,0,0
2020-04-07,3,3,6
2020-04-07,0,5,5
2020-04-07,28,91,119
2020-04-07,8,23,31
2020-04-07,129,207,336
2020-04-07,0,0,0
2020-04-07,63,13,76
2020-04-07,6,28,34
2020-04-07,6,5,11
2020-04-07,1,4,5
2020-04-07,41,8,49
2020-04-07,16,2,18
2020-04-07,203,124,327
2020-04-07,143,144,287
2020-04-07,0,3,3
2020-04-07,0,0,0
2020-04-07,0,1,1
2020-04-07,19,18,37
2020-04-07,76,84,160
2020-04-07,5,8,13
2020-04-07,18,25,43
2020-04-07,0,1,1
2020-04-07,0,2,2
2020-04-07,0,0,0
2020-04-07,20,82,102
2020-04-07,146,178,324
2020-04-07,0,3,3
2020-04-07,2,3,5
2020-04-07,3,3,6
2020-04-07,0,1,1
2020-04-07,4,4,8
2020-04-07,1,14,15
2020-04-07,2,7,9
2020-04-07,88,116,204
2020-04-07,3,4,7
2020-04-07,31,38,69
2020-04-07,0,1,1
2020-04-07,31,33,64
2020-04-07,14,24,38
2020-04-07,0,0,0
2020-04-07,1251,1350,2601
2020-04-07,2,25,27
2020-04-07,28,40,68
2020-04-08,2,0,2
2020-04-08,225,103,328
2020-04-08,4,9,13
2020-04-08,0,2,2
2020-04-08,1,1,2
2020-04-08,1331,1077,2408
2020-04-08,156,34,190
2020-04-08,16,7,23
2020-04-08,2,7,9
2020-04-08,0,0,0
2020-04-08,6,22,28
2020-04-08,5,3,8
2020-04-08,32,19,51
2020-04-08,0,0,0
2020-04-08,0,0,0
2020-04-08,76,81,157
2020-04-08,0,0,0
2020-04-08,2,7,9
2020-04-08,0,6,6
2020-04-08,18,24,42
2020-04-08,30,35,65
2020-04-08,35,50,85
2020-04-08,0,2,2
2020-04-08,42,18,60
2020-04-08,66,20,86
2020-04-08,2,13,15
2020-04-08,0,0,0
2020-04-08,2,8,10
2020-04-08,22,63,85
2020-04-08,18,73,91
2020-04-08,84,69,153
2020-04-08,18,15,33
2020-04-08,4,5,9
2020-04-08,9,128,137
2020-04-08,0,0,0
2020-04-08,2,24,26
2020-04-08,0,0,0
2020-04-08,0,7,7
2020-04-08,153,181,334
2020-04-08,0,1,1
2020-04-08,132,301,433
2020-04-08,1,15,16
2020-04-08,16,3,19
2020-04-08,149,145,294
2020-04-08,0,0,0
2020-04-08,2,3,5
2020-04-08,31,57,88
2020-04-08,19,8,27
2020-04-08,0,2,2
2020-04-08,0,1,1
2020-04-08,0,0,0
2020-04-08,15,19,34
2020-04-08,7,16,23
2020-04-08,90,116,206
2020-04-08,0,3,3
2020-04-08,0,0,0
2020-04-09,17,26,43
2020-04-09,2,4,6
2020-04-09,2,6,8
2020-04-09,14,9,23
2020-04-09,1368,758,2126
2020-04-09,0,0,0
2020-04-09,0,0,0
2020-04-09,0,0,0
2020-04-09,27,35,62
2020-04-09,2,4,6
2020-04-09,37,64,101
2020-04-09,0,0,0
2020-04-09,5,21,26
2020-04-09,0,0,0
2020-04-09,2,10,12
2020-04-09,0,7,7
2020-04-09,0,1,1
2020-04-09,1,14,15
2020-04-09,18,15,33
2020-04-09,5,7,12
2020-04-09,0,0,0
2020-04-09,25,41,66
2020-04-09,58,14,72
2020-04-09,146,117,263
2020-04-09,227,124,351
2020-04-09,4,14,18
2020-04-09,201,159,360
2020-04-09,29,18,47
2020-04-09,0,3,3
2020-04-09,2,1,3
2020-04-09,0,0,0
2020-04-09,0,0,0
2020-04-09,28,30,58
2020-04-09,14,10,24
2020-04-09,1,7,8
2020-04-09,18,69,87
2020-04-09,158,65,223
2020-04-09,136,269,405
2020-04-09,3,18,21
2020-04-09,0,2,2
2020-04-09,5,7,12
2020-04-09,0,0,0
2020-04-09,10,11,21
2020-04-09,6,6,12
2020-04-09,74,60,134
2020-04-09,0,2,2
2020-04-09,17,3,20
2020-04-09,18,12,30
2020-04-09,0,0,0
2020-04-09,0,1,1
2020-04-09,40,18,58
2020-04-09,88,64,152
2020-04-09,9,135,144
2020-04-09,80,76,156
2020-04-09,0,0,0
2020-04-09,0,2,2
2020-04-10,18,9,27
2020-04-10,0,0,0
2020-04-10,0,0,0
2020-04-10,0,0,0
2020-04-10,0,0,0
2020-04-10,14,12,26
2020-04-10,26,17,43
2020-04-10,1299,754,2053
2020-04-10,0,3,3
2020-04-10,4,18,22
2020-04-10,2,3,5
2020-04-10,0,1,1
2020-04-10,0,1,1
2020-04-10,139,129,268
2020-04-10,2,10,12
2020-04-10,4,11,15
2020-04-10,151,44,195
2020-04-10,3,2,5
2020-04-10,27,41,68
2020-04-10,42,30,72
2020-04-10,18,21,39
2020-04-10,0,0,0
2020-04-10,0,0,0
2020-04-10,17,1,18
2020-04-10,6,26,32
2020-04-10,3,3,6
2020-04-10,56,12,68
2020-04-10,33,38,71
2020-04-10,2,8,10
2020-04-10,0,7,7
2020-04-10,11,10,21
2020-04-10,93,71,164
2020-04-10,0,3,3
2020-04-10,206,141,347
2020-04-10,0,0,0
2020-04-10,8,0,8
2020-04-10,0,1,1
2020-04-10,2,1,3
2020-04-10,9,135,144
2020-04-10,156,295,451
2020-04-10,19,76,95
2020-04-10,0,2,2
2020-04-10,5,7,12
2020-04-10,0,0,0
2020-04-10,0,0,0
2020-04-10,0,2,2
2020-04-10,1,15,16
2020-04-10,27,17,44
2020-04-10,0,0,0
2020-04-10,0,5,5
2020-04-10,16,11,27
2020-04-10,85,46,131
2020-04-10,0,0,0
2020-04-10,70,45,115
2020-04-10,42,13,55
2020-04-10,230,124,354
2020-04-11,0,2,2
2020-04-11,0,3,3
2020-04-11,0,0,0
2020-04-11,20,19,39
2020-04-11,0,0,0
2020-04-11,0,0,0
2020-04-11,3,19,22
2020-04-11,0,0,0
2020-04-11,0,0,0
2020-04-11,5,3,8
2020-04-11,87,91,178
2020-04-11,153,213,366
2020-04-11,0,1,1
2020-04-11,0,0,0
2020-04-11,67,46,113
2020-04-11,0,0,0
2020-04-11,3,3,6
2020-04-11,0,0,0
2020-04-11,23,19,42
2020-04-11,10,0,10
2020-04-11,12,3,15
2020-04-11,146,61,207
2020-04-11,54,15,69
2020-04-11,14,11,25
2020-04-11,0,2,2
2020-04-11,3,4,7
2020-04-11,0,0,0
2020-04-11,2,4,6
2020-04-11,2,27,29
2020-04-11,0,0,0
2020-04-11,2,2,4
2020-04-11,28,63,91
2020-04-11,2,2,4
2020-04-11,2,5,7
2020-04-11,13,16,29
2020-04-11,1362,905,2267
2020-04-11,10,140,150
2020-04-11,2,10,12
2020-04-11,232,127,359
2020-04-11,0,0,0
2020-04-11,32,52,84
2020-04-11,0,5,5
2020-04-11,18,17,35
2020-04-11,0,4,4
2020-04-11,0,2,2
2020-04-11,40,16,56
2020-04-11,82,51,133
2020-04-11,239,118,357
2020-04-11,0,0,0
2020-04-11,0,1,1
2020-04-11,23,14,37
2020-04-11,17,2,19
2020-04-11,144,109,253
2020-04-11,39,38,77
2020-04-11,22,58,80
2020-04-11,4,14,18
2020-04-12,138,108,246
2020-04-12,2,24,26
2020-04-12,245,142,387
2020-04-12,0,0,0
2020-04-12,0,3,3
2020-04-12,2,0,2
2020-04-12,4,15,19
2020-04-12,3,11,14
2020-04-12,19,15,34
2020-04-12,1,0,1
2020-04-12,0,2,2
2020-04-12,4,4,8
2020-04-12,0,0,0
2020-04-12,0,0,0
2020-04-12,0,0,0
2020-04-12,8,0,8
2020-04-12,0,4,4
2020-04-12,0,0,0
2020-04-12,0,0,0
2020-04-12,10,140,150
2020-04-12,0,0,0
2020-04-12,19,1,20
2020-04-12,0,0,0
2020-04-12,91,101,192
2020-04-12,31,28,59
2020-04-12,0,5,5
2020-04-12,244,108,352
2020-04-12,69,46,115
2020-04-12,23,46,69
2020-04-12,0,0,0
2020-04-12,25,21,46
2020-04-12,0,0,0
2020-04-12,3,1,4
2020-04-12,15,4,19
2020-04-12,0,3,3
2020-04-12,1433,715,2148
2020-04-12,21,65,86
2020-04-12,19,19,38
2020-04-12,157,172,329
2020-04-12,145,51,196
2020-04-12,92,44,136
2020-04-12,2,8,10
2020-04-12,4,3,7
2020-04-12,42,7,49
2020-04-12,46,32,78
2020-04-12,19,13,32
2020-04-12,46,31,77
2020-04-12,0,0,0
2020-04-12,0,0,0
2020-04-12,0,2,2
2020-04-12,2,4,6
2020-04-12,18,13,31
2020-04-12,13,19,32
2020-04-12,0,0,0
2020-04-12,0,0,0
2020-04-12,0,3,3
2020-04-13,247,122,369
2020-04-13,243,107,350
2020-04-13,151,66,217
2020-04-13,22,57,79
2020-04-13,0,0,0
2020-04-13,19,1,20
2020-04-13,3,14,17
2020-04-13,14,3,17
2020-04-13,10,150,160
2020-04-13,42,7,49
2020-04-13,0,1,1
2020-04-13,44,44,88
2020-04-13,0,1,1
2020-04-13,22,19,41
2020-04-13,39,32,71
2020-04-13,0,0,0
2020-04-13,85,81,166
2020-04-13,18,9,27
2020-04-13,73,36,109
2020-04-13,0,2,2
2020-04-13,13,13,26
2020-04-13,149,81,230
2020-04-13,2,5,7
2020-04-13,0,4,4
2020-04-13,1,1,2
2020-04-13,0,0,0
2020-04-13,1501,793,2294
2020-04-13,0,0,0
2020-04-13,21,56,77
2020-04-13,0,4,4
2020-04-13,0,2,2
2020-04-13,2,8,10
2020-04-13,89,48,137
2020-04-13,0,3,3
2020-04-13,19,8,27
2020-04-13,57,19,76
2020-04-13,1,8,9
2020-04-13,2,2,4
2020-04-13,2,20,22
2020-04-13,167,155,322
2020-04-13,1,2,3
2020-04-13,0,0,0
2020-04-13,7,1,8
2020-04-13,0,1,1
2020-04-13,26,16,42
2020-04-13,0,0,0
2020-04-13,0,0,0
2020-04-13,4,0,4
2020-04-13,3,0,3
2020-04-13,0,1,1
2020-04-13,4,8,12
2020-04-13,0,4,4
2020-04-13,21,22,43
2020-04-13,0,1,1
2020-04-13,0,1,1
2020-04-13,0,0,0
2020-04-14,70,46,116
2020-04-14,24,45,69
2020-04-14,1,4,5
2020-04-14,10,156,166
2020-04-14,19,14,33
2020-04-14,1,1,2
2020-04-14,0,1,1
2020-04-14,37,51,88
2020-04-14,0,0,0
2020-04-14,0,4,4
2020-04-14,0,6,6
2020-04-14,3,0,3
2020-04-14,4,4,8
2020-04-14,0,3,3
2020-04-14,22,10,32
2020-04-14,0,0,0
2020-04-14,2,23,25
2020-04-14,35,23,58
2020-04-14,0,0,0
2020-04-14,3,4,7
2020-04-14,144,47,191
2020-04-14,0,0,0
2020-04-14,0,5,5
2020-04-14,0,1,1
2020-04-14,3,15,18
2020-04-14,8,0,8
2020-04-14,3,9,12
2020-04-14,17,15,32
2020-04-14,0,0,0
2020-04-14,24,35,59
2020-04-14,1,1,2
2020-04-14,0,0,0
2020-04-14,166,149,315
2020-04-14,2,7,9
2020-04-14,0,4,4
2020-04-14,18,25,43
2020-04-14,0,0,0
2020-04-14,15,5,20
2020-04-14,1,6,7
2020-04-14,0,1,1
2020-04-14,55,12,67
2020-04-14,0,3,3
2020-04-14,18,13,31
2020-04-14,0,0,0
2020-04-14,235,117,352
2020-04-14,147,111,258
2020-04-14,1587,613,2200
2020-04-14,42,8,50
2020-04-14,12,25,37
2020-04-14,243,109,352
2020-04-14,92,106,198
2020-04-14,0,0,0
2020-04-14,20,3,23
2020-04-14,0,1,1
2020-04-14,87,53,140
2020-04-14,0,0,0
2020-04-15,0,0,0
2020-04-15,1624,632,2256
2020-04-15,8,0,8
2020-04-15,236,112,348
2020-04-15,53,18,71
2020-04-15,0,0,0
2020-04-15,38,41,79
2020-04-15,0,4,4
2020-04-15,0,0,0
2020-04-15,21,21,42
2020-04-15,0,0,0
2020-04-15,149,109,258
2020-04-15,25,33,58
2020-04-15,0,0,0
2020-04-15,207,155,362
2020-04-15,4,10,14
2020-04-15,2,0,2
2020-04-15,13,11,24
2020-04-15,9,14,23
2020-04-15,19,17,36
2020-04-15,0,5,5
2020-04-15,1,1,2
2020-04-15,0,0,0
2020-04-15,3,3,6
2020-04-15,2,5,7
2020-04-15,0,0,0
2020-04-15,0,0,0
2020-04-15,0,0,0
2020-04-15,66,60,126
2020-04-15,40,12,52
2020-04-15,4,2,6
2020-04-15,15,163,178
2020-04-15,87,84,171
2020-04-15,20,11,31
2020-04-15,81,99,180
2020-04-15,3,13,16
2020-04-15,1,5,6
2020-04-15,0,0,0
2020-04-15,2,6,8
2020-04-15,0,2,2
2020-04-15,1,0,1
2020-04-15,1,6,7
2020-04-15,0,6,6
2020-04-15,21,13,34
2020-04-15,0,0,0
2020-04-15,25,57,82
2020-04-15,18,3,21
2020-04-15,144,42,186
2020-04-15,0,0,0
2020-04-15,3,4,7
2020-04-15,0,0,0
2020-04-15,0,0,0
2020-04-15,2,1,3
2020-04-15,0,0,0
2020-04-15,156,103,259
2020-04-15,37,7,44
2020-04-16,64,54,118
2020-04-16,0,2,2
2020-04-16,0,1,1
2020-04-16,54,18,72
2020-04-16,20,22,42
2020-04-16,4,3,7
2020-04-16,3,10,13
2020-04-16,0,3,3
2020-04-16,0,0,0
2020-04-16,0,0,0
2020-04-16,1,5,6
2020-04-16,3,3,6
2020-04-16,21,7,28
2020-04-16,1,0,1
2020-04-16,0,1,1
2020-04-16,0,1,1
2020-04-16,9,15,24
2020-04-16,24,52,76
2020-04-16,1,10,11
2020-04-16,0,0,0
2020-04-16,134,48,182
2020-04-16,5,7,12
2020-04-16,0,0,0
2020-04-16,0,0,0
2020-04-16,0,0,0
2020-04-16,1,1,2
2020-04-16,0,0,0
2020-04-16,152,117,269
2020-04-16,1,0,1
2020-04-16,216,150,366
2020-04-16,0,3,3
2020-04-16,22,5,27
2020-04-16,1,0,1
2020-04-16,84,35,119
2020-04-16,18,19,37
2020-04-16,0,2,2
2020-04-16,33,33,66
2020-04-16,0,7,7
2020-04-16,12,18,30
2020-04-16,1679,620,2299
2020-04-16,37,59,96
2020-04-16,0,0,0
2020-04-16,0,1,1
2020-04-16,164,124,288
2020-04-16,0,5,5
2020-04-16,0,0,0
2020-04-16,8,0,8
2020-04-16,3,11,14
2020-04-16,2,1,3
2020-04-16,37,4,41
2020-04-16,41,19,60
2020-04-16,0,2,2
2020-04-16,73,82,155
2020-04-16,0,5,5
2020-04-16,231,111,342
2020-04-16,21,16,37
2020-04-17,4,2,6
2020-04-17,165,123,288
2020-04-17,7,0,7
2020-04-17,1,9,10
2020-04-17,0,5,5
2020-04-17,215,144,359
2020-04-17,85,91,176
2020-04-17,0,1,1
2020-04-17,2,6,8
2020-04-17,0,4,4
2020-04-17,15,17,32
2020-04-17,36,16,52
2020-04-17,4,0,4
2020-04-17,0,0,0
2020-04-17,0,3,3
2020-04-17,140,60,200
2020-04-17,0,1,1
2020-04-17,0,6,6
2020-04-17,0,0,0
2020-04-17,0,0,0
2020-04-17,0,5,5
2020-04-17,63,46,109
2020-04-17,2,4,6
2020-04-17,232,111,343
2020-04-17,0,1,1
2020-04-17,0,4,4
2020-04-17,0,0,0
2020-04-17,1,0,1
2020-04-17,1,0,1
2020-04-17,0,1,1
2020-04-17,31,29,60
2020-04-17,0,0,0
2020-04-17,0,3,3
2020-04-17,19,15,34
2020-04-17,36,6,42
2020-04-17,3,11,14
2020-04-17,79,36,115
2020-04-17,23,23,46
2020-04-17,1720,634,2354
2020-04-17,22,25,47
2020-04-17,51,16,67
2020-04-17,0,0,0
2020-04-17,160,124,284
2020-04-17,0,0,0
2020-04-17,0,0,0
2020-04-17,23,5,28
2020-04-17,12,17,29
2020-04-17,2,3,5
2020-04-17,10,11,21
2020-04-17,0,6,6
2020-04-17,0,2,2
2020-04-17,34,46,80
2020-04-17,0,4,4
2020-04-17,0,5,5
2020-04-17,23,33,56
2020-04-17,0,1,1
2020-04-18,35,44,79
2020-04-18,0,3,3
2020-04-18,0,4,4
2020-04-18,9,11,20
2020-04-18,8,0,8
2020-04-18,0,0,0
2020-04-18,23,27,50
2020-04-18,3,1,4
2020-04-18,4,0,4
2020-04-18,0,0,0
2020-04-18,0,0,0
2020-04-18,0,0,0
2020-04-18,0,0,0
2020-04-18,11,17,28
2020-04-18,32,35,67
2020-04-18,0,0,0
2020-04-18,0,8,8
2020-04-18,0,0,0
2020-04-18,0,7,7
2020-04-18,21,12,33
2020-04-18,0,2,2
2020-04-18,0,0,0
2020-04-18,25,28,53
2020-04-18,223,118,341
2020-04-18,0,0,0
2020-04-18,1,1,2
2020-04-18,33,14,47
2020-04-18,31,9,40
2020-04-18,0,0,0
2020-04-18,0,1,1
2020-04-18,0,1,1
2020-04-18,1,1,2
2020-04-18,157,120,277
2020-04-18,4,5,9
2020-04-18,14,23,37
2020-04-18,0,1,1
2020-04-18,82,73,155
2020-04-18,2,4,6
2020-04-18,0,0,0
2020-04-18,0,0,0
2020-04-18,0,3,3
2020-04-18,1,4,5
2020-04-18,0,0,0
2020-04-18,27,0,27
2020-04-18,2,2,4
2020-04-18,0,1,1
2020-04-18,49,12,61
2020-04-18,161,108,269
2020-04-18,3,12,15
2020-04-18,0,0,0
2020-04-18,137,52,189
2020-04-18,1709,578,2287
2020-04-18,26,21,47
2020-04-18,65,46,111
2020-04-18,223,97,320
2020-04-18,74,29,103
2020-04-19,0,0,0
2020-04-19,23,16,39
2020-04-19,0,3,3
2020-04-19,0,0,0
2020-04-19,0,0,0
2020-04-19,0,0,0
2020-04-19,1,0,1
2020-04-19,29,7,36
2020-04-19,143,32,175
2020-04-19,34,40,74
2020-04-19,2,7,9
2020-04-19,73,34,107
2020-04-19,26,26,52
2020-04-19,53,6,59
2020-04-19,11,10,21
2020-04-19,0,11,11
2020-04-19,0,7,7
2020-04-19,236,113,349
2020-04-19,13,16,29
2020-04-19,2,8,10
2020-04-19,1739,549,2288
2020-04-19,0,0,0
2020-04-19,0,3,3
2020-04-19,1,0,1
2020-04-19,0,1,1
2020-04-19,226,94,320
2020-04-19,1,0,1
2020-04-19,162,130,292
2020-04-19,32,35,67
2020-04-19,0,0,0
2020-04-19,0,2,2
2020-04-19,65,39,104
2020-04-19,11,12,23
2020-04-19,25,6,31
2020-04-19,0,0,0
2020-04-19,158,97,255
2020-04-19,3,7,10
2020-04-19,84,63,147
2020-04-19,8,0,8
2020-04-19,1,4,5
2020-04-19,0,0,0
2020-04-19,0,1,1
2020-04-19,0,0,0
2020-04-19,0,0,0
2020-04-19,0,0,0
2020-04-19,0,2,2
2020-04-19,0,0,0
2020-04-19,0,2,2
2020-04-19,27,0,27
2020-04-19,0,0,0
2020-04-19,25,8,33
2020-04-19,1,3,4
2020-04-19,6,0,6
2020-04-19,0,0,0
2020-04-19,2,3,5
2020-04-19,34,20,54
2020-04-20,1,0,1
2020-04-20,25,9,34
2020-04-20,0,0,0
2020-04-20,34,11,45
2020-04-20,24,7,31
2020-04-20,6,4,10
2020-04-20,0,1,1
2020-04-20,0,1,1
2020-04-20,0,6,6
2020-04-20,0,0,0
2020-04-20,1,0,1
2020-04-20,240,145,385
2020-04-20,69,32,101
2020-04-20,0,1,1
2020-04-20,10,11,21
2020-04-20,0,2,2
2020-04-20,85,52,137
2020-04-20,1,5,6
2020-04-20,0,0,0
2020-04-20,5,1,6
2020-04-20,0,6,6
2020-04-20,0,2,2
2020-04-20,27,0,27
2020-04-20,79,27,106
2020-04-20,0,0,0
2020-04-20,8,0,8
2020-04-20,0,1,1
2020-04-20,3,1,4
2020-04-20,152,200,352
2020-04-20,29,18,47
2020-04-20,0,0,0
2020-04-20,0,0,0
2020-04-20,30,23,53
2020-04-20,0,1,1
2020-04-20,238,76,314
2020-04-20,0,0,0
2020-04-20,37,28,65
2020-04-20,1,2,3
2020-04-20,56,16,72
2020-04-20,30,9,39
2020-04-20,8,7,15
2020-04-20,172,102,274
2020-04-20,2,12,14
2020-04-20,2,3,5
2020-04-20,35,30,65
2020-04-20,0,4,4
2020-04-20,0,1,1
2020-04-20,0,0,0
2020-04-20,1,2,3
2020-04-20,1,0,1
2020-04-20,1791,602,2393
2020-04-20,149,42,191
2020-04-20,13,18,31
2020-04-20,0,0,0
2020-04-20,0,0,0
2020-04-20,0,0,0
2020-04-21,153,204,357
2020-04-21,3,2,5
2020-04-21,31,12,43
2020-04-21,0,1,1
2020-04-21,1,1,2
2020-04-21,0,0,0
2020-04-21,0,3,3
2020-04-21,27,0,27
2020-04-21,76,45,121
2020-04-21,0,0,0
2020-04-21,4,18,22
2020-04-21,0,0,0
2020-04-21,28,28,56
2020-04-21,1,0,1
2020-04-21,0,0,0
2020-04-21,26,8,34
2020-04-21,0,0,0
2020-04-21,1,0,1
2020-04-21,0,5,5
2020-04-21,0,0,0
2020-04-21,23,12,35
2020-04-21,11,20,31
2020-04-21,0,1,1
2020-04-21,1,4,5
2020-04-21,0,0,0
2020-04-21,2,17,19
2020-04-21,5,2,7
2020-04-21,1,0,1
2020-04-21,0,1,1
2020-04-21,1,0,1
2020-04-21,144,34,178
2020-04-21,0,1,1
2020-04-21,0,2,2
2020-04-21,0,5,5
2020-04-21,0,3,3
2020-04-21,1,5,6
2020-04-21,179,129,308
2020-04-21,35,35,70
2020-04-21,33,44,77
2020-04-21,0,0,0
2020-04-21,0,1,1
2020-04-21,0,0,0
2020-04-21,5,4,9
2020-04-21,0,1,1
2020-04-21,85,59,144
2020-04-21,0,0,0
2020-04-21,6,17,23
2020-04-21,27,24,51
2020-04-21,221,84,305
2020-04-21,1854,617,2471
2020-04-21,8,0,8
2020-04-21,250,120,370
2020-04-21,0,1,1
2020-04-21,53,14,67
2020-04-21,54,39,93
2020-04-21,7,4,11
2020-04-22,0,0,0
2020-04-22,0,0,0
2020-04-22,0,0,0
2020-04-22,1,0,1
2020-04-22,84,61,145
2020-04-22,0,0,0
2020-04-22,32,25,57
2020-04-22,26,8,34
2020-04-22,10,18,28
2020-04-22,36,43,79
2020-04-22,0,0,0
2020-04-22,1,7,8
2020-04-22,137,39,176
2020-04-22,9,0,9
2020-04-22,0,0,0
2020-04-22,0,1,1
2020-04-22,3,3,6
2020-04-22,1,0,1
2020-04-22,29,28,57
2020-04-22,0,3,3
2020-04-22,0,1,1
2020-04-22,0,0,0
2020-04-22,0,2,2
2020-04-22,27,0,27
2020-04-22,50,17,67
2020-04-22,0,0,0
2020-04-22,172,111,283
2020-04-22,1,0,1
2020-04-22,3,16,19
2020-04-22,0,0,0
2020-04-22,0,0,0
2020-04-22,0,5,5
2020-04-22,0,0,0
2020-04-22,0,1,1
2020-04-22,1858,590,2448
2020-04-22,149,201,350
2020-04-22,47,23,70
2020-04-22,32,52,84
2020-04-22,13,20,33
2020-04-22,229,127,356
2020-04-22,5,10,15
2020-04-22,0,3,3
2020-04-22,1,2,3
2020-04-22,5,20,25
2020-04-22,241,77,318
2020-04-22,25,9,34
2020-04-22,4,0,4
2020-04-22,0,8,8
2020-04-22,27,30,57
2020-04-22,0,1,1
2020-04-22,6,3,9
2020-04-22,0,0,0
2020-04-22,75,17,92
2020-04-22,3,4,7
2020-04-22,1,0,1
2020-04-22,0,0,0
2020-04-23,39,39,78
2020-04-23,9,0,9
2020-04-23,0,1,1
2020-04-23,48,40,88
2020-04-23,0,1,1
2020-04-23,0,0,0
2020-04-23,53,19,72
2020-04-23,1,0,1
2020-04-23,0,6,6
2020-04-23,0,0,0
2020-04-23,6,6,12
2020-04-23,0,0,0
2020-04-23,0,7,7
2020-04-23,1,3,4
2020-04-23,0,0,0
2020-04-23,1,4,5
2020-04-23,1,0,1
2020-04-23,0,1,1
2020-04-23,0,2,2
2020-04-23,1,1,2
2020-04-23,0,8,8
2020-04-23,24,16,40
2020-04-23,0,3,3
2020-04-23,0,0,0
2020-04-23,253,65,318
2020-04-23,30,11,41
2020-04-23,3,14,17
2020-04-23,0,0,0
2020-04-23,170,143,313
2020-04-23,0,0,0
2020-04-23,0,1,1
2020-04-23,3,17,20
2020-04-23,31,51,82
2020-04-23,0,1,1
2020-04-23,31,34,65
2020-04-23,0,0,0
2020-04-23,0,1,1
2020-04-23,137,28,165
2020-04-23,30,1,31
2020-04-23,3,3,6
2020-04-23,146,94,240
2020-04-23,0,0,0
2020-04-23,1863,595,2458
2020-04-23,23,4,27
2020-04-23,11,15,26
2020-04-23,0,2,2
2020-04-23,1,0,1
2020-04-23,0,0,0
2020-04-23,75,29,104
2020-04-23,4,0,4
2020-04-23,0,0,0
2020-04-23,4,21,25
2020-04-23,222,118,340
2020-04-23,81,90,171
2020-04-23,14,17,31
2020-04-23,25,24,49
2020-04-24,1,8,9
2020-04-24,1,4,5
2020-04-24,175,138,313
2020-04-24,0,4,4
2020-04-24,0,2,2
2020-04-24,30,17,47
2020-04-24,129,34,163
2020-04-24,49,16,65
2020-04-24,152,101,253
2020-04-24,0,0,0
2020-04-24,0,5,5
2020-04-24,33,0,33
2020-04-24,4,18,22
2020-04-24,4,1,5
2020-04-24,79,63,142
2020-04-24,1,0,1
2020-04-24,0,0,0
2020-04-24,0,0,0
2020-04-24,0,1,1
2020-04-24,1860,546,2406
2020-04-24,12,15,27
2020-04-24,1,0,1
2020-04-24,0,0,0
2020-04-24,223,120,343
2020-04-24,0,1,1
2020-04-24,0,7,7
2020-04-24,1,3,4
2020-04-24,0,0,0
2020-04-24,41,37,78
2020-04-24,21,11,32
2020-04-24,4,0,4
2020-04-24,5,8,13
2020-04-24,0,0,0
2020-04-24,0,0,0
2020-04-24,1,4,5
2020-04-24,9,0,9
2020-04-24,1,0,1
2020-04-24,0,0,0
2020-04-24,24,10,34
2020-04-24,0,1,1
2020-04-24,0,0,0
2020-04-24,0,0,0
2020-04-24,0,2,2
2020-04-24,257,78,335
2020-04-24,0,1,1
2020-04-24,0,0,0
2020-04-24,3,20,23
2020-04-24,53,37,90
2020-04-24,29,54,83
2020-04-24,29,20,49
2020-04-24,0,4,4
2020-04-24,0,4,4
2020-04-24,10,16,26
2020-04-24,75,19,94
2020-04-24,2,11,13
2020-04-24,24,63,87
2020-04-25,0,3,3
2020-04-25,4,30,34
2020-04-25,218,138,356
2020-04-25,1,0,1
2020-04-25,0,0,0
2020-04-25,0,0,0
2020-04-25,125,47,172
2020-04-25,0,1,1
2020-04-25,0,0,0
2020-04-25,26,0,26
2020-04-25,47,27,74
2020-04-25,27,71,98
2020-04-25,6,0,6
2020-04-25,3,9,12
2020-04-25,4,4,8
2020-04-25,0,0,0
2020-04-25,268,96,364
2020-04-25,1,7,8
2020-04-25,0,2,2
2020-04-25,1,4,5
2020-04-25,5,9,14
2020-04-25,1,3,4
2020-04-25,177,133,310
2020-04-25,23,12,35
2020-04-25,0,0,0
2020-04-25,0,0,0
2020-04-25,2,13,15
2020-04-25,1,1,2
2020-04-25,25,53,78
2020-04-25,0,0,0
2020-04-25,0,3,3
2020-04-25,29,18,47
2020-04-25,10,16,26
2020-04-25,41,45,86
2020-04-25,1,1,2
2020-04-25,0,3,3
2020-04-25,0,1,1
2020-04-25,53,46,99
2020-04-25,5,0,5
2020-04-25,0,0,0
2020-04-25,0,1,1
2020-04-25,73,18,91
2020-04-25,147,101,248
2020-04-25,0,0,0
2020-04-25,0,0,0
2020-04-25,0,4,4
2020-04-25,83,53,136
2020-04-25,0,3,3
2020-04-25,0,1,1
2020-04-25,27,20,47
2020-04-25,21,23,44
2020-04-25,0,2,2
2020-04-25,0,2,2
2020-04-25,24,8,32
2020-04-25,0,0,0
2020-04-25,1845,572,2417
2020-04-26,180,109,289
2020-04-26,0,0,0
2020-04-26,24,13,37
2020-04-26,0,2,2
2020-04-26,0,1,1
2020-04-26,27,42,69
2020-04-26,1,9,10
2020-04-26,4,1,5
2020-04-26,0,0,0
2020-04-26,0,0,0
2020-04-26,5,5,10
2020-04-26,79,21,100
2020-04-26,1,2,3
2020-04-26,0,0,0
2020-04-26,0,0,0
2020-04-26,0,0,0
2020-04-26,37,44,81
2020-04-26,53,10,63
2020-04-26,1,3,4
2020-04-26,0,4,4
2020-04-26,0,0,0
2020-04-26,146,83,229
2020-04-26,0,2,2
2020-04-26,0,0,0
2020-04-26,1,1,2
2020-04-26,1,0,1
2020-04-26,24,19,43
2020-04-26,8,14,22
2020-04-26,0,0,0
2020-04-26,0,0,0
2020-04-26,29,15,44
2020-04-26,28,19,47
2020-04-26,26,0,26
2020-04-26,0,0,0
2020-04-26,84,43,127
2020-04-26,0,0,0
2020-04-26,48,40,88
2020-04-26,3,7,10
2020-04-26,0,0,0
2020-04-26,273,90,363
2020-04-26,1,8,9
2020-04-26,0,0,0
2020-04-26,1887,575,2462
2020-04-26,1,1,2
2020-04-26,4,21,25
2020-04-26,1,0,1
2020-04-26,0,0,0
2020-04-26,0,1,1
2020-04-26,0,0,0
2020-04-26,0,0,0
2020-04-26,27,73,100
2020-04-26,0,0,0
2020-04-26,9,0,9
2020-04-26,118,64,182
2020-04-26,26,12,38
2020-04-26,215,152,367
2020-04-27,0,0,0
2020-04-27,9,2,11
2020-04-27,0,3,3
2020-04-27,27,7,34
2020-04-27,24,23,47
2020-04-27,0,1,1
2020-04-27,0,0,0
2020-04-27,220,118,338
2020-04-27,3,6,9
2020-04-27,0,1,1
2020-04-27,277,59,336
2020-04-27,1,7,8
2020-04-27,39,52,91
2020-04-27,8,16,24
2020-04-27,52,28,80
2020-04-27,0,0,0
2020-04-27,1,1,2
2020-04-27,0,0,0
2020-04-27,0,0,0
2020-04-27,30,36,66
2020-04-27,28,75,103
2020-04-27,1,0,1
2020-04-27,2,6,8
2020-04-27,154,83,237
2020-04-27,1,1,2
2020-04-27,31,19,50
2020-04-27,189,113,302
2020-04-27,0,0,0
2020-04-27,0,0,0
2020-04-27,26,13,39
2020-04-27,81,47,128
2020-04-27,82,19,101
2020-04-27,0,5,5
2020-04-27,0,3,3
2020-04-27,0,1,1
2020-04-27,2,11,13
2020-04-27,2,1,3
2020-04-27,0,1,1
2020-04-27,115,49,164
2020-04-27,0,0,0
2020-04-27,0,0,0
2020-04-27,0,0,0
2020-04-27,0,1,1
2020-04-27,0,0,0
2020-04-27,4,2,6
2020-04-27,0,0,0
2020-04-27,46,42,88
2020-04-27,1940,609,2549
2020-04-27,1,3,4
2020-04-27,24,44,68
2020-04-27,0,1,1
2020-04-27,29,0,29
2020-04-27,0,1,1
2020-04-27,5,17,22
2020-04-27,0,0,0
2020-04-27,1,1,2
2020-04-28,39,44,83
2020-04-28,31,30,61
2020-04-28,0,0,0
2020-04-28,0,6,6
2020-04-28,3,11,14
2020-04-28,0,0,0
2020-04-28,12,16,28
2020-04-28,0,1,1
2020-04-28,0,2,2
2020-04-28,5,21,26
2020-04-28,116,34,150
2020-04-28,0,0,0
2020-04-28,0,0,0
2020-04-28,27,16,43
2020-04-28,0,0,0
2020-04-28,0,5,5
2020-04-28,1,7,8
2020-04-28,2,1,3
2020-04-28,215,112,327
2020-04-28,29,4,33
2020-04-28,2,0,2
2020-04-28,24,16,40
2020-04-28,31,71,102
2020-04-28,0,0,0
2020-04-28,1,0,1
2020-04-28,203,84,287
2020-04-28,0,0,0
2020-04-28,156,123,279
2020-04-28,1,0,1
2020-04-28,76,64,140
2020-04-28,1962,581,2543
2020-04-28,2,7,9
2020-04-28,0,0,0
2020-04-28,81,23,104
2020-04-28,43,33,76
2020-04-28,0,0,0
2020-04-28,32,2,34
2020-04-28,3,3,6
2020-04-28,1,7,8
2020-04-28,0,1,1
2020-04-28,1,2,3
2020-04-28,27,43,70
2020-04-28,0,0,0
2020-04-28,0,1,1
2020-04-28,0,2,2
2020-04-28,276,105,381
2020-04-28,0,2,2
2020-04-28,0,0,0
2020-04-28,0,1,1
2020-04-28,2,6,8
2020-04-28,32,13,45
2020-04-28,0,0,0
2020-04-28,9,2,11
2020-04-28,0,0,0
2020-04-28,0,1,1
2020-04-28,50,13,63
2020-04-29,0,0,0
2020-04-29,0,0,0
2020-04-29,30,0,30
2020-04-29,0,0,0
2020-04-29,2,7,9
2020-04-29,3,2,5
2020-04-29,0,3,3
2020-04-29,156,124,280
2020-04-29,10,18,28
2020-04-29,0,4,4
2020-04-29,0,1,1
2020-04-29,0,6,6
2020-04-29,1,5,6
2020-04-29,35,26,61
2020-04-29,42,36,78
2020-04-29,0,0,0
2020-04-29,0,0,0
2020-04-29,9,2,11
2020-04-29,29,5,34
2020-04-29,31,26,57
2020-04-29,0,0,0
2020-04-29,1959,591,2550
2020-04-29,212,124,336
2020-04-29,211,91,302
2020-04-29,21,20,41
2020-04-29,0,0,0
2020-04-29,0,2,2
2020-04-29,0,0,0
2020-04-29,28,14,42
2020-04-29,1,2,3
2020-04-29,0,0,0
2020-04-29,4,3,7
2020-04-29,76,63,139
2020-04-29,0,1,1
2020-04-29,2,0,2
2020-04-29,0,0,0
2020-04-29,0,0,0
2020-04-29,5,14,19
2020-04-29,5,28,33
2020-04-29,0,0,0
2020-04-29,110,34,144
2020-04-29,38,48,86
2020-04-29,0,0,0
2020-04-29,0,0,0
2020-04-29,0,0,0
2020-04-29,0,0,0
2020-04-29,24,50,74
2020-04-29,1,0,1
2020-04-29,2,0,2
2020-04-29,80,24,104
2020-04-29,282,73,355
2020-04-29,36,13,49
2020-04-29,51,19,70
2020-04-29,0,2,2
2020-04-29,0,3,3
2020-04-29,1,0,1
2020-04-30,6,6,12
2020-04-30,0,0,0
2020-04-30,24,43,67
2020-04-30,0,4,4
2020-04-30,0,2,2
2020-04-30,1894,470,2364
2020-04-30,74,52,126
2020-04-30,1,0,1
2020-04-30,0,0,0
2020-04-30,0,0,0
2020-04-30,0,0,0
2020-04-30,0,0,0
2020-04-30,0,0,0
2020-04-30,2,0,2
2020-04-30,0,0,0
2020-04-30,0,1,1
2020-04-30,29,3,32
2020-04-30,0,6,6
2020-04-30,0,0,0
2020-04-30,4,28,32
2020-04-30,0,0,0
2020-04-30,3,2,5
2020-04-30,0,2,2
2020-04-30,1,0,1
2020-04-30,3,3,6
2020-04-30,0,0,0
2020-04-30,0,0,0
2020-04-30,85,11,96
2020-04-30,104,37,141
2020-04-30,0,7,7
2020-04-30,28,2,30
2020-04-30,5,7,12
2020-04-30,3,0,3
2020-04-30,0,0,0
2020-04-30,17,24,41
2020-04-30,1,0,1
2020-04-30,35,27,62
2020-04-30,214,68,282
2020-04-30,158,100,258
2020-04-30,0,0,0
2020-04-30,0,0,0
2020-04-30,10,0,10
2020-04-30,37,35,72
2020-04-30,41,37,78
2020-04-30,33,18,51
2020-04-30,214,138,352
2020-04-30,0,0,0
2020-04-30,26,9,35
2020-04-30,0,3,3
2020-04-30,11,12,23
2020-04-30,0,0,0
2020-04-30,29,25,54
2020-04-30,0,3,3
2020-04-30,283,81,364
2020-04-30,0,2,2
2020-04-30,53,10,63
2020-05-01,0,5,5
2020-05-01,1884,511,2395
2020-05-01,4,15,19
2020-05-01,0,0,0
2020-05-01,0,1,1
2020-05-01,0,0,0
2020-05-01,0,0,0
2020-05-01,0,0,0
2020-05-01,35,19,54
2020-05-01,0,0,0
2020-05-01,0,1,1
2020-05-01,0,0,0
2020-05-01,21,37,58
2020-05-01,5,15,20
2020-05-01,1,0,1
2020-05-01,1,0,1
2020-05-01,36,3,39
2020-05-01,290,60,350
2020-05-01,0,0,0
2020-05-01,0,2,2
2020-05-01,1,0,1
2020-05-01,0,0,0
2020-05-01,0,0,0
2020-05-01,0,5,5
2020-05-01,75,60,135
2020-05-01,35,29,64
2020-05-01,0,1,1
2020-05-01,28,2,30
2020-05-01,0,2,2
2020-05-01,0,0,0
2020-05-01,35,13,48
2020-05-01,0,2,2
2020-05-01,210,152,362
2020-05-01,157,106,263
2020-05-01,0,0,0
2020-05-01,3,4,7
2020-05-01,11,0,11
2020-05-01,0,0,0
2020-05-01,4,1,5
2020-05-01,218,101,319
2020-05-01,3,1,4
2020-05-01,97,43,140
2020-05-01,48,12,60
2020-05-01,0,2,2
2020-05-01,28,10,38
2020-05-01,29,12,41
2020-05-01,0,0,0
2020-05-01,0,0,0
2020-05-01,0,0,0
2020-05-01,0,0,0
2020-05-01,10,11,21
2020-05-01,17,16,33
2020-05-01,7,1,8
2020-05-01,86,14,100
2020-05-01,44,28,72
2020-05-01,0,2,2
2020-05-02,81,27,108
2020-05-02,0,0,0
2020-05-02,3,0,3
2020-05-02,0,2,2
2020-05-02,36,7,43
2020-05-02,48,13,61
2020-05-02,1,0,1
2020-05-02,45,36,81
2020-05-02,0,1,1
2020-05-02,0,0,0
2020-05-02,0,0,0
2020-05-02,14,15,29
2020-05-02,0,5,5
2020-05-02,5,23,28
2020-05-02,23,35,58
2020-05-02,289,68,357
2020-05-02,0,0,0
2020-05-02,0,0,0
2020-05-02,28,2,30
2020-05-02,0,0,0
2020-05-02,0,0,0
2020-05-02,0,0,0
2020-05-02,3,14,17
2020-05-02,1,0,1
2020-05-02,8,3,11
2020-05-02,0,0,0
2020-05-02,3,10,13
2020-05-02,0,0,0
2020-05-02,73,59,132
2020-05-02,0,0,0
2020-05-02,0,1,1
2020-05-02,4,4,8
2020-05-02,1819,561,2380
2020-05-02,25,11,36
2020-05-02,0,0,0
2020-05-02,0,0,0
2020-05-02,26,26,52
2020-05-02,36,30,66
2020-05-02,0,11,11
2020-05-02,144,116,260
2020-05-02,211,126,337
2020-05-02,20,45,65
2020-05-02,0,0,0
2020-05-02,0,0,0
2020-05-02,0,0,0
2020-05-02,0,0,0
2020-05-02,0,0,0
2020-05-02,0,0,0
2020-05-02,215,107,322
2020-05-02,17,16,33
2020-05-02,95,36,131
2020-05-02,36,3,39
2020-05-02,0,2,2
2020-05-02,9,1,10
2020-05-02,0,0,0
2020-05-02,0,0,0
2020-05-03,0,0,0
2020-05-03,9,1,10
2020-05-03,73,62,135
2020-05-03,0,0,0
2020-05-03,0,0,0
2020-05-03,7,12,19
2020-05-03,6,3,9
2020-05-03,154,100,254
2020-05-03,4,5,9
2020-05-03,28,6,34
2020-05-03,0,1,1
2020-05-03,0,1,1
2020-05-03,0,0,0
2020-05-03,276,76,352
2020-05-03,3,0,3
2020-05-03,0,6,6
2020-05-03,0,0,0
2020-05-03,0,0,0
2020-05-03,17,18,35
2020-05-03,0,0,0
2020-05-03,47,14,61
2020-05-03,0,2,2
2020-05-03,33,15,48
2020-05-03,0,0,0
2020-05-03,0,2,2
2020-05-03,1,2,3
2020-05-03,26,31,57
2020-05-03,0,0,0
2020-05-03,217,132,349
2020-05-03,218,90,308
2020-05-03,20,44,64
2020-05-03,2,14,16
2020-05-03,93,39,132
2020-05-03,1779,520,2299
2020-05-03,0,1,1
2020-05-03,0,0,0
2020-05-03,45,43,88
2020-05-03,7,1,8
2020-05-03,83,18,101
2020-05-03,0,0,0
2020-05-03,0,1,1
2020-05-03,30,12,42
2020-05-03,39,5,44
2020-05-03,0,0,0
2020-05-03,0,0,0
2020-05-03,0,2,2
2020-05-03,0,0,0
2020-05-03,29,34,63
2020-05-03,14,11,25
2020-05-03,1,0,1
2020-05-03,0,3,3
2020-05-03,0,0,0
2020-05-03,0,0,0
2020-05-03,23,5,28
2020-05-03,0,0,0
2020-05-03,0,0,0
2020-05-04,156,103,259
2020-05-04,0,0,0
2020-05-04,0,0,0
2020-05-04,0,0,0
2020-05-04,0,0,0
2020-05-04,3,13,16
2020-05-04,0,1,1
2020-05-04,1,2,3
2020-05-04,0,0,0
2020-05-04,216,107,323
2020-05-04,0,0,0
2020-05-04,9,1,10
2020-05-04,0,0,0
2020-05-04,1,0,1
2020-05-04,0,0,0
2020-05-04,0,0,0
2020-05-04,0,1,1
2020-05-04,1,7,8
2020-05-04,84,10,94
2020-05-04,0,0,0
2020-05-04,15,22,37
2020-05-04,300,54,354
2020-05-04,34,11,45
2020-05-04,6,6,12
2020-05-04,26,17,43
2020-05-04,45,14,59
2020-05-04,0,2,2
2020-05-04,47,9,56
2020-05-04,0,4,4
2020-05-04,0,0,0
2020-05-04,3,8,11
2020-05-04,0,0,0
2020-05-04,90,33,123
2020-05-04,21,1,22
2020-05-04,5,0,5
2020-05-04,0,1,1
2020-05-04,27,23,50
2020-05-04,0,1,1
2020-05-04,11,6,17
2020-05-04,47,39,86
2020-05-04,1828,543,2371
2020-05-04,3,0,3
2020-05-04,36,12,48
2020-05-04,19,32,51
2020-05-04,0,0,0
2020-05-04,0,0,0
2020-05-04,0,0,0
2020-05-04,73,62,135
2020-05-04,0,0,0
2020-05-04,0,3,3
2020-05-04,29,10,39
2020-05-04,0,1,1
2020-05-04,0,0,0
2020-05-04,19,14,33
2020-05-04,0,0,0
2020-05-04,214,80,294
2020-05-05,0,0,0
2020-05-05,0,0,0
2020-05-05,4,1,5
2020-05-05,1,13,14
2020-05-05,23,1,24
2020-05-05,0,2,2
2020-05-05,3,2,5
2020-05-05,0,2,2
2020-05-05,0,0,0
2020-05-05,29,11,40
2020-05-05,208,125,333
2020-05-05,79,34,113
2020-05-05,0,0,0
2020-05-05,0,0,0
2020-05-05,0,1,1
2020-05-05,0,0,0
2020-05-05,31,4,35
2020-05-05,13,16,29
2020-05-05,0,0,0
2020-05-05,0,4,4
2020-05-05,25,25,50
2020-05-05,0,0,0
2020-05-05,0,2,2
2020-05-05,79,24,103
2020-05-05,0,0,0
2020-05-05,18,29,47
2020-05-05,0,0,0
2020-05-05,21,48,69
2020-05-05,0,0,0
2020-05-05,0,0,0
2020-05-05,0,0,0
2020-05-05,44,14,58
2020-05-05,11,13,24
2020-05-05,57,1,58
2020-05-05,2,1,3
2020-05-05,294,69,363
2020-05-05,76,71,147
2020-05-05,0,0,0
2020-05-05,0,13,13
2020-05-05,0,1,1
2020-05-05,0,0,0
2020-05-05,0,0,0
2020-05-05,1826,544,2370
2020-05-05,0,0,0
2020-05-05,210,69,279
2020-05-05,32,10,42
2020-05-05,0,0,0
2020-05-05,5,5,10
2020-05-05,0,0,0
2020-05-05,49,50,99
2020-05-05,12,0,12
2020-05-05,3,13,16
2020-05-05,24,24,48
2020-05-05,0,0,0
2020-05-05,155,105,260
2020-05-05,0,0,0
2020-05-06,0,1,1
2020-05-06,0,0,0
2020-05-06,0,0,0
2020-05-06,4,2,6
2020-05-06,0,0,0
2020-05-06,1,1,2
2020-05-06,2,2,4
2020-05-06,0,0,0
2020-05-06,0,0,0
2020-05-06,308,71,379
2020-05-06,0,0,0
2020-05-06,0,0,0
2020-05-06,34,7,41
2020-05-06,216,63,279
2020-05-06,0,4,4
2020-05-06,73,38,111
2020-05-06,0,0,0
2020-05-06,43,18,61
2020-05-06,76,12,88
2020-05-06,0,0,0
2020-05-06,0,0,0
2020-05-06,0,3,3
2020-05-06,0,1,1
2020-05-06,0,0,0
2020-05-06,4,13,17
2020-05-06,0,0,0
2020-05-06,0,0,0
2020-05-06,16,51,67
2020-05-06,0,2,2
2020-05-06,9,21,30
2020-05-06,167,69,236
2020-05-06,0,0,0
2020-05-06,3,14,17
2020-05-06,0,0,0
2020-05-06,27,40,67
2020-05-06,62,1,63
2020-05-06,1,0,1
2020-05-06,1790,502,2292
2020-05-06,27,11,38
2020-05-06,0,0,0
2020-05-06,0,0,0
2020-05-06,30,6,36
2020-05-06,6,3,9
2020-05-06,0,0,0
2020-05-06,0,0,0
2020-05-06,12,18,30
2020-05-06,78,58,136
2020-05-06,13,0,13
2020-05-06,0,1,1
2020-05-06,28,23,51
2020-05-06,25,3,28
2020-05-06,17,29,46
2020-05-06,2,1,3
2020-05-06,1,6,7
2020-05-06,197,99,296
2020-05-06,47,47,94
2020-05-07,19,32,51
2020-05-07,0,0,0
2020-05-07,3,10,13
2020-05-07,0,0,0
2020-05-07,11,0,11
2020-05-07,0,1,1
2020-05-07,1,0,1
2020-05-07,0,1,1
2020-05-07,2,4,6
2020-05-07,0,0,0
2020-05-07,58,1,59
2020-05-07,0,2,2
2020-05-07,0,0,0
2020-05-07,1771,552,2323
2020-05-07,1,0,1
2020-05-07,13,25,38
2020-05-07,222,77,299
2020-05-07,1,1,2
2020-05-07,3,1,4
2020-05-07,75,61,136
2020-05-07,1,1,2
2020-05-07,20,45,65
2020-05-07,8,23,31
2020-05-07,5,3,8
2020-05-07,0,0,0
2020-05-07,33,25,58
2020-05-07,0,0,0
2020-05-07,0,0,0
2020-05-07,0,0,0
2020-05-07,72,21,93
2020-05-07,10,15,25
2020-05-07,25,14,39
2020-05-07,33,3,36
2020-05-07,312,75,387
2020-05-07,49,39,88
2020-05-07,0,0,0
2020-05-07,27,12,39
2020-05-07,0,0,0
2020-05-07,0,0,0
2020-05-07,37,14,51
2020-05-07,0,0,0
2020-05-07,4,1,5
2020-05-07,194,76,270
2020-05-07,0,0,0
2020-05-07,153,73,226
2020-05-07,1,5,6
2020-05-07,0,0,0
2020-05-07,0,0,0
2020-05-07,14,0,14
2020-05-07,0,0,0
2020-05-07,0,0,0
2020-05-07,0,3,3
2020-05-07,0,0,0
2020-05-07,70,37,107
2020-05-07,0,0,0
2020-05-07,2,11,13
2020-05-08,3,4,7
2020-05-08,10,23,33
2020-05-08,80,56,136
2020-05-08,17,34,51
2020-05-08,33,23,56
2020-05-08,15,32,47
2020-05-08,0,0,0
2020-05-08,189,88,277
2020-05-08,14,1,15
2020-05-08,0,0,0
2020-05-08,1,0,1
2020-05-08,1,0,1
2020-05-08,71,32,103
2020-05-08,0,0,0
2020-05-08,33,21,54
2020-05-08,32,4,36
2020-05-08,66,4,70
2020-05-08,0,0,0
2020-05-08,0,0,0
2020-05-08,0,0,0
2020-05-08,0,0,0
2020-05-08,21,61,82
2020-05-08,334,73,407
2020-05-08,4,0,4
2020-05-08,0,0,0
2020-05-08,0,0,0
2020-05-08,32,7,39
2020-05-08,1,0,1
2020-05-08,21,15,36
2020-05-08,1766,510,2276
2020-05-08,0,0,0
2020-05-08,0,4,4
2020-05-08,0,1,1
2020-05-08,1,3,4
2020-05-08,1,1,2
2020-05-08,26,0,26
2020-05-08,0,0,0
2020-05-08,0,3,3
2020-05-08,0,0,0
2020-05-08,0,1,1
2020-05-08,0,1,1
2020-05-08,0,0,0
2020-05-08,0,0,0
2020-05-08,0,1,1
2020-05-08,1,5,6
2020-05-08,7,2,9
2020-05-08,0,0,0
2020-05-08,0,0,0
2020-05-08,7,1,8
2020-05-08,1,1,2
2020-05-08,142,78,220
2020-05-08,2,15,17
2020-05-08,69,26,95
2020-05-08,50,31,81
2020-05-08,222,77,299
2020-05-08,9,17,26
2020-05-09,3,3,6
2020-05-09,0,2,2
2020-05-09,3,0,3
2020-05-09,66,4,70
2020-05-09,18,11,29
2020-05-09,0,0,0
2020-05-09,4,9,13
2020-05-09,1,0,1
2020-05-09,190,120,310
2020-05-09,0,0,0
2020-05-09,32,26,58
2020-05-09,0,0,0
2020-05-09,0,0,0
2020-05-09,0,1,1
2020-05-09,0,4,4
2020-05-09,68,29,97
2020-05-09,0,0,0
2020-05-09,36,15,51
2020-05-09,9,1,10
2020-05-09,0,0,0
2020-05-09,0,1,1
2020-05-09,1690,531,2221
2020-05-09,0,0,0
2020-05-09,8,29,37
2020-05-09,81,58,139
2020-05-09,33,24,57
2020-05-09,0,0,0
2020-05-09,0,0,0
2020-05-09,1,5,6
2020-05-09,0,0,0
2020-05-09,1,2,3
2020-05-09,11,24,35
2020-05-09,0,1,1
2020-05-09,66,36,102
2020-05-09,0,0,0
2020-05-09,28,2,30
2020-05-09,55,43,98
2020-05-09,145,86,231
2020-05-09,20,48,68
2020-05-09,0,0,0
2020-05-09,0,0,0
2020-05-09,0,0,0
2020-05-09,18,35,53
2020-05-09,16,28,44
2020-05-09,0,0,0
2020-05-09,28,4,32
2020-05-09,0,0,0
2020-05-09,0,0,0
2020-05-09,12,6,18
2020-05-09,3,12,15
2020-05-09,1,1,2
2020-05-09,5,6,11
2020-05-09,338,58,396
2020-05-09,0,0,0
2020-05-09,0,0,0
2020-05-09,228,72,300
2020-05-10,0,0,0
2020-05-10,0,0,0
2020-05-10,1731,539,2270
2020-05-10,2,4,6
2020-05-10,12,5,17
2020-05-10,0,0,0
2020-05-10,8,19,27
2020-05-10,0,1,1
2020-05-10,0,0,0
2020-05-10,63,1,64
2020-05-10,0,0,0
2020-05-10,28,24,52
2020-05-10,0,0,0
2020-05-10,0,0,0
2020-05-10,334,56,390
2020-05-10,2,0,2
2020-05-10,0,0,0
2020-05-10,144,83,227
2020-05-10,0,0,0
2020-05-10,0,0,0
2020-05-10,18,37,55
2020-05-10,1,2,3
2020-05-10,0,0,0
2020-05-10,4,13,17
2020-05-10,0,1,1
2020-05-10,0,2,2
2020-05-10,3,0,3
2020-05-10,199,117,316
2020-05-10,0,1,1
2020-05-10,66,25,91
2020-05-10,0,0,0
2020-05-10,27,2,29
2020-05-10,0,0,0
2020-05-10,18,43,61
2020-05-10,0,0,0
2020-05-10,17,10,27
2020-05-10,9,0,9
2020-05-10,0,0,0
2020-05-10,1,1,2
2020-05-10,14,22,36
2020-05-10,6,0,6
2020-05-10,0,0,0
2020-05-10,15,28,43
2020-05-10,0,0,0
2020-05-10,66,45,111
2020-05-10,3,2,5
2020-05-10,0,1,1
2020-05-10,0,0,0
2020-05-10,26,4,30
2020-05-10,53,45,98
2020-05-10,230,78,308
2020-05-10,0,0,0
2020-05-10,29,23,52
2020-05-10,5,7,12
2020-05-10,37,14,51
2020-05-10,77,46,123
2020-05-11,3,2,5
2020-05-11,21,14,35
2020-05-11,0,1,1
2020-05-11,9,0,9
2020-05-11,13,4,17
2020-05-11,0,0,0
2020-05-11,0,0,0
2020-05-11,0,0,0
2020-05-11,0,0,0
2020-05-11,0,1,1
2020-05-11,78,53,131
2020-05-11,0,1,1
2020-05-11,3,12,15
2020-05-11,35,0,35
2020-05-11,0,0,0
2020-05-11,0,3,3
2020-05-11,1,0,1
2020-05-11,8,16,24
2020-05-11,0,0,0
2020-05-11,0,0,0
2020-05-11,232,88,320
2020-05-11,16,38,54
2020-05-11,0,0,0
2020-05-11,1,0,1
2020-05-11,0,1,1
2020-05-11,1,0,1
2020-05-11,0,0,0
2020-05-11,1,0,1
2020-05-11,5,9,14
2020-05-11,1763,547,2310
2020-05-11,2,1,3
2020-05-11,13,15,28
2020-05-11,0,0,0
2020-05-11,0,0,0
2020-05-11,2,6,8
2020-05-11,39,4,43
2020-05-11,0,1,1
2020-05-11,22,10,32
2020-05-11,63,28,91
2020-05-11,152,66,218
2020-05-11,15,15,30
2020-05-11,0,0,0
2020-05-11,339,61,400
2020-05-11,56,37,93
2020-05-11,16,35,51
2020-05-11,0,0,0
2020-05-11,31,18,49
2020-05-11,0,0,0
2020-05-11,59,41,100
2020-05-11,0,1,1
2020-05-11,31,23,54
2020-05-11,186,104,290
2020-05-11,0,0,0
2020-05-11,7,2,9
2020-05-11,60,2,62
2020-05-11,1,0,1
2020-05-12,0,0,0
2020-05-12,0,0,0
2020-05-12,34,0,34
2020-05-12,334,51,385
2020-05-12,206,100,306
2020-05-12,0,0,0
2020-05-12,9,18,27
2020-05-12,0,0,0
2020-05-12,4,4,8
2020-05-12,0,0,0
2020-05-12,0,1,1
2020-05-12,263,85,348
2020-05-12,148,49,197
2020-05-12,0,1,1
2020-05-12,0,0,0
2020-05-12,1,0,1
2020-05-12,38,14,52
2020-05-12,0,0,0
2020-05-12,3,5,8
2020-05-12,0,0,0
2020-05-12,1,0,1
2020-05-12,6,5,11
2020-05-12,0,0,0
2020-05-12,0,0,0
2020-05-12,26,25,51
2020-05-12,0,2,2
2020-05-12,1742,506,2248
2020-05-12,0,0,0
2020-05-12,0,0,0
2020-05-12,1,0,1
2020-05-12,30,33,63
2020-05-12,0,0,0
2020-05-12,14,20,34
2020-05-12,0,0,0
2020-05-12,0,0,0
2020-05-12,2,3,5
2020-05-12,17,49,66
2020-05-12,0,0,0
2020-05-12,6,1,7
2020-05-12,60,3,63
2020-05-12,24,5,29
2020-05-12,15,14,29
2020-05-12,0,1,1
2020-05-12,79,51,130
2020-05-12,16,4,20
2020-05-12,0,0,0
2020-05-12,63,27,90
2020-05-12,3,18,21
2020-05-12,19,15,34
2020-05-12,62,48,110
2020-05-12,14,34,48
2020-05-12,0,0,0
2020-05-12,0,1,1
2020-05-12,6,22,28
2020-05-12,0,0,0
2020-05-12,55,29,84
2020-05-13,1733,618,2351
2020-05-13,0,0,0
2020-05-13,0,0,0
2020-05-13,81,59,140
2020-05-13,20,40,60
2020-05-13,3,27,30
2020-05-13,57,32,89
2020-05-13,15,35,50
2020-05-13,1,0,1
2020-05-13,0,1,1
2020-05-13,20,11,31
2020-05-13,4,4,8
2020-05-13,16,18,34
2020-05-13,58,33,91
2020-05-13,7,2,9
2020-05-13,0,0,0
2020-05-13,0,0,0
2020-05-13,0,0,0
2020-05-13,3,7,10
2020-05-13,0,0,0
2020-05-13,69,60,129
2020-05-13,8,3,11
2020-05-13,16,4,20
2020-05-13,0,0,0
2020-05-13,40,0,40
2020-05-13,0,0,0
2020-05-13,61,4,65
2020-05-13,0,2,2
2020-05-13,0,0,0
2020-05-13,1,0,1
2020-05-13,0,0,0
2020-05-13,11,16,27
2020-05-13,3,16,19
2020-05-13,0,0,0
2020-05-13,1,0,1
2020-05-13,0,0,0
2020-05-13,329,51,380
2020-05-13,0,0,0
2020-05-13,0,0,0
2020-05-13,0,1,1
2020-05-13,2,3,5
2020-05-13,34,35,69
2020-05-13,5,20,25
2020-05-13,188,77,265
2020-05-13,0,0,0
2020-05-13,257,85,342
2020-05-13,0,1,1
2020-05-13,0,0,0
2020-05-13,0,0,0
2020-05-13,0,0,0
2020-05-13,0,0,0
2020-05-13,26,3,29
2020-05-13,25,29,54
2020-05-13,34,6,40
2020-05-13,133,90,223
2020-05-13,0,1,1
2020-05-14,259,68,327
2020-05-14,5,23,28
2020-05-14,184,91,275
2020-05-14,0,0,0
2020-05-14,1648,559,2207
2020-05-14,329,70,399
2020-05-14,0,0,0
2020-05-14,0,0,0
2020-05-14,32,12,44
2020-05-14,0,0,0
2020-05-14,132,97,229
2020-05-14,2,1,3
2020-05-14,0,0,0
2020-05-14,0,0,0
2020-05-14,1,0,1
2020-05-14,0,0,0
2020-05-14,28,30,58
2020-05-14,64,52,116
2020-05-14,56,38,94
2020-05-14,0,0,0
2020-05-14,2,3,5
2020-05-14,19,19,38
2020-05-14,3,9,12
2020-05-14,12,40,52
2020-05-14,0,0,0
2020-05-14,37,0,37
2020-05-14,0,0,0
2020-05-14,0,0,0
2020-05-14,0,0,0
2020-05-14,0,0,0
2020-05-14,51,40,91
2020-05-14,0,1,1
2020-05-14,39,5,44
2020-05-14,6,1,7
2020-05-14,8,1,9
2020-05-14,5,7,12
2020-05-14,0,0,0
2020-05-14,15,25,40
2020-05-14,0,0,0
2020-05-14,0,0,0
2020-05-14,0,0,0
2020-05-14,82,56,138
2020-05-14,2,21,23
2020-05-14,0,0,0
2020-05-14,1,0,1
2020-05-14,26,4,30
2020-05-14,62,9,71
2020-05-14,1,0,1
2020-05-14,0,1,1
2020-05-14,0,3,3
2020-05-14,16,2,18
2020-05-14,10,26,36
2020-05-14,20,47,67
2020-05-14,0,1,1
2020-05-14,0,0,0
2020-05-14,0,0,0
2020-05-15,5,34,39
2020-05-15,2,2,4
2020-05-15,0,0,0
2020-05-15,0,1,1
2020-05-15,0,0,0
2020-05-15,0,0,0
2020-05-15,184,72,256
2020-05-15,0,0,0
2020-05-15,1648,553,2201
2020-05-15,1,4,5
2020-05-15,48,27,75
2020-05-15,6,1,7
2020-05-15,1,0,1
2020-05-15,38,1,39
2020-05-15,3,26,29
2020-05-15,19,37,56
2020-05-15,0,0,0
2020-05-15,6,2,8
2020-05-15,56,33,89
2020-05-15,0,0,0
2020-05-15,1,0,1
2020-05-15,0,0,0
2020-05-15,76,72,148
2020-05-15,14,26,40
2020-05-15,20,2,22
2020-05-15,0,0,0
2020-05-15,0,1,1
2020-05-15,19,19,38
2020-05-15,2,8,10
2020-05-15,40,12,52
2020-05-15,0,0,0
2020-05-15,326,66,392
2020-05-15,0,0,0
2020-05-15,0,0,0
2020-05-15,125,69,194
2020-05-15,0,0,0
2020-05-15,0,0,0
2020-05-15,3,6,9
2020-05-15,250,60,310
2020-05-15,0,0,0
2020-05-15,59,32,91
2020-05-15,0,0,0
2020-05-15,0,0,0
2020-05-15,0,0,0
2020-05-15,1,0,1
2020-05-15,11,34,45
2020-05-15,0,0,0
2020-05-15,27,20,47
2020-05-15,0,0,0
2020-05-15,30,24,54
2020-05-15,1,0,1
2020-05-15,11,44,55
2020-05-15,67,4,71
2020-05-15,26,6,32
2020-05-15,0,0,0
2020-05-15,0,0,0
2020-05-16,14,26,40
2020-05-16,0,0,0
2020-05-16,19,20,39
2020-05-16,2,1,3
2020-05-16,3,25,28
2020-05-16,36,15,51
2020-05-16,0,0,0
2020-05-16,81,64,145
2020-05-16,1,10,11
2020-05-16,1,3,4
2020-05-16,183,83,266
2020-05-16,0,0,0
2020-05-16,20,2,22
2020-05-16,0,0,0
2020-05-16,0,0,0
2020-05-16,1570,516,2086
2020-05-16,27,23,50
2020-05-16,8,1,9
2020-05-16,51,39,90
2020-05-16,11,19,30
2020-05-16,12,34,46
2020-05-16,0,1,1
2020-05-16,27,7,34
2020-05-16,0,0,0
2020-05-16,31,23,54
2020-05-16,1,5,6
2020-05-16,0,0,0
2020-05-16,0,0,0
2020-05-16,1,0,1
2020-05-16,0,0,0
2020-05-16,0,0,0
2020-05-16,60,1,61
2020-05-16,0,0,0
2020-05-16,3,4,7
2020-05-16,0,0,0
2020-05-16,1,3,4
2020-05-16,1,0,1
2020-05-16,40,1,41
2020-05-16,0,0,0
2020-05-16,6,1,7
2020-05-16,0,0,0
2020-05-16,0,1,1
2020-05-16,319,51,370
2020-05-16,0,0,0
2020-05-16,0,0,0
2020-05-16,251,74,325
2020-05-16,0,0,0
2020-05-16,0,0,0
2020-05-16,16,34,50
2020-05-16,0,0,0
2020-05-16,58,39,97
2020-05-16,122,79,201
2020-05-16,44,30,74
2020-05-16,0,0,0
2020-05-16,0,0,0
2020-05-16,5,31,36
2020-05-17,0,1,1
2020-05-17,1,0,1
2020-05-17,6,3,9
2020-05-17,0,0,0
2020-05-17,20,21,41
2020-05-17,0,0,0
2020-05-17,0,0,0
2020-05-17,0,0,0
2020-05-17,40,1,41
2020-05-17,31,13,44
2020-05-17,0,0,0
2020-05-17,40,31,71
2020-05-17,68,3,71
2020-05-17,0,0,0
2020-05-17,0,1,1
2020-05-17,0,0,0
2020-05-17,74,72,146
2020-05-17,267,88,355
2020-05-17,0,0,0
2020-05-17,1,0,1
2020-05-17,44,38,82
2020-05-17,21,4,25
2020-05-17,0,0,0
2020-05-17,1,0,1
2020-05-17,0,0,0
2020-05-17,0,0,0
2020-05-17,17,30,47
2020-05-17,0,0,0
2020-05-17,0,0,0
2020-05-17,2,25,27
2020-05-17,1,4,5
2020-05-17,16,39,55
2020-05-17,0,0,0
2020-05-17,60,46,106
2020-05-17,1,2,3
2020-05-17,5,26,31
2020-05-17,25,6,31
2020-05-17,8,2,10
2020-05-17,0,0,0
2020-05-17,15,41,56
2020-05-17,321,59,380
2020-05-17,1549,558,2107
2020-05-17,4,1,5
2020-05-17,36,12,48
2020-05-17,1,11,12
2020-05-17,32,23,55
2020-05-17,1,0,1
2020-05-17,0,0,0
2020-05-17,129,81,210
2020-05-17,0,0,0
2020-05-17,1,3,4
2020-05-17,0,0,0
2020-05-17,10,18,28
2020-05-17,1,0,1
2020-05-17,2,0,2
2020-05-17,186,91,277
2020-05-18,4,8,12
2020-05-18,8,1,9
2020-05-18,0,0,0
2020-05-18,13,58,71
2020-05-18,0,0,0
2020-05-18,4,1,5
2020-05-18,0,0,0
2020-05-18,0,2,2
2020-05-18,1,0,1
2020-05-18,9,23,32
2020-05-18,0,0,0
2020-05-18,41,19,60
2020-05-18,1,0,1
2020-05-18,73,1,74
2020-05-18,1,3,4
2020-05-18,18,20,38
2020-05-18,36,12,48
2020-05-18,2,0,2
2020-05-18,0,1,1
2020-05-18,16,27,43
2020-05-18,0,1,1
2020-05-18,1,2,3
2020-05-18,33,16,49
2020-05-18,0,0,0
2020-05-18,19,51,70
2020-05-18,0,1,1
2020-05-18,25,2,27
2020-05-18,140,81,221
2020-05-18,195,86,281
2020-05-18,0,0,0
2020-05-18,0,1,1
2020-05-18,35,1,36
2020-05-18,46,33,79
2020-05-18,87,51,138
2020-05-18,3,20,23
2020-05-18,61,44,105
2020-05-18,0,0,0
2020-05-18,0,0,0
2020-05-18,0,0,0
2020-05-18,0,1,1
2020-05-18,263,78,341
2020-05-18,0,0,0
2020-05-18,21,4,25
2020-05-18,329,49,378
2020-05-18,1531,520,2051
2020-05-18,46,33,79
2020-05-18,1,0,1
2020-05-18,6,0,6
2020-05-18,1,0,1
2020-05-18,0,0,0
2020-05-18,0,2,2
2020-05-18,0,0,0
2020-05-18,2,1,3
2020-05-18,1,34,35
2020-05-18,0,0,0
2020-05-18,0,2,2
2020-05-19,18,29,47
2020-05-19,4,3,7
2020-05-19,0,1,1
2020-05-19,48,26,74
2020-05-19,37,5,42
2020-05-19,42,11,53
2020-05-19,33,27,60
2020-05-19,7,26,33
2020-05-19,0,0,0
2020-05-19,189,103,292
2020-05-19,4,24,28
2020-05-19,0,1,1
2020-05-19,0,2,2
2020-05-19,0,0,0
2020-05-19,74,4,78
2020-05-19,0,3,3
2020-05-19,0,0,0
2020-05-19,1,0,1
2020-05-19,1517,619,2136
2020-05-19,269,97,366
2020-05-19,4,20,24
2020-05-19,0,1,1
2020-05-19,64,43,107
2020-05-19,14,74,88
2020-05-19,1,0,1
2020-05-19,0,0,0
2020-05-19,0,0,0
2020-05-19,0,1,1
2020-05-19,0,0,0
2020-05-19,3,45,48
2020-05-19,0,0,0
2020-05-19,17,31,48
2020-05-19,1,0,1
2020-05-19,1,0,1
2020-05-19,0,0,0
2020-05-19,134,76,210
2020-05-19,83,108,191
2020-05-19,41,30,71
2020-05-19,0,0,0
2020-05-19,0,0,0
2020-05-19,23,5,28
2020-05-19,0,0,0
2020-05-19,1,0,1
2020-05-19,319,68,387
2020-05-19,7,1,8
2020-05-19,0,0,0
2020-05-19,0,0,0
2020-05-19,11,0,11
2020-05-19,23,1,24
2020-05-19,43,57,100
2020-05-19,0,0,0
2020-05-19,1,0,1
2020-05-19,11,90,101
2020-05-19,2,1,3
2020-05-19,0,0,0
2020-05-19,0,1,1
2020-05-20,40,56,96
2020-05-20,18,37,55
2020-05-20,1,0,1
2020-05-20,8,1,9
2020-05-20,47,32,79
2020-05-20,56,41,97
2020-05-20,0,2,2
2020-05-20,18,30,48
2020-05-20,0,0,0
2020-05-20,81,134,215
2020-05-20,0,0,0
2020-05-20,0,0,0
2020-05-20,0,0,0
2020-05-20,22,4,26
2020-05-20,0,0,0
2020-05-20,23,4,27
2020-05-20,0,0,0
2020-05-20,0,0,0
2020-05-20,42,3,45
2020-05-20,1,0,1
2020-05-20,0,0,0
2020-05-20,48,8,56
2020-05-20,4,25,29
2020-05-20,0,1,1
2020-05-20,0,0,0
2020-05-20,335,69,404
2020-05-20,2,34,36
2020-05-20,11,92,103
2020-05-20,4,8,12
2020-05-20,4,1,5
2020-05-20,1506,561,2067
2020-05-20,0,0,0
2020-05-20,0,0,0
2020-05-20,0,0,0
2020-05-20,1,0,1
2020-05-20,183,107,290
2020-05-20,9,73,82
2020-05-20,0,2,2
2020-05-20,4,52,56
2020-05-20,127,89,216
2020-05-20,80,3,83
2020-05-20,0,0,0
2020-05-20,2,6,8
2020-05-20,0,0,0
2020-05-20,1,0,1
2020-05-20,10,0,10
2020-05-20,0,0,0
2020-05-20,9,29,38
2020-05-20,0,2,2
2020-05-20,0,0,0
2020-05-20,0,1,1
2020-05-20,36,26,62
2020-05-20,37,37,74
2020-05-20,0,4,4
2020-05-20,3,0,3
2020-05-20,275,113,388
2020-05-21,30,19,49
2020-05-21,37,33,70
2020-05-21,4,12,16
2020-05-21,4,31,35
2020-05-21,262,102,364
2020-05-21,0,2,2
2020-05-21,0,0,0
2020-05-21,131,93,224
2020-05-21,7,59,66
2020-05-21,21,4,25
2020-05-21,0,0,0
2020-05-21,0,0,0
2020-05-21,194,91,285
2020-05-21,77,162,239
2020-05-21,0,0,0
2020-05-21,1,0,1
2020-05-21,75,3,78
2020-05-21,0,0,0
2020-05-21,1491,614,2105
2020-05-21,0,3,3
2020-05-21,39,1,40
2020-05-21,22,30,52
2020-05-21,0,0,0
2020-05-21,0,1,1
2020-05-21,0,0,0
2020-05-21,0,0,0
2020-05-21,1,0,1
2020-05-21,0,0,0
2020-05-21,61,57,118
2020-05-21,0,0,0
2020-05-21,8,1,9
2020-05-21,0,0,0
2020-05-21,0,0,0
2020-05-21,6,0,6
2020-05-21,8,1,9
2020-05-21,0,1,1
2020-05-21,24,6,30
2020-05-21,4,29,33
2020-05-21,8,23,31
2020-05-21,44,10,54
2020-05-21,1,0,1
2020-05-21,0,0,0
2020-05-21,0,0,0
2020-05-21,0,0,0
2020-05-21,4,1,5
2020-05-21,0,0,0
2020-05-21,2,5,7
2020-05-21,8,75,83
2020-05-21,7,100,107
2020-05-21,0,0,0
2020-05-21,0,1,1
2020-05-21,325,53,378
2020-05-21,39,60,99
2020-05-21,18,35,53
2020-05-21,1,0,1
2020-05-21,43,37,80
2020-05-22,4,1,5
2020-05-22,2,1,3
2020-05-22,5,16,21
2020-05-22,20,4,24
2020-05-22,0,0,0
2020-05-22,29,35,64
2020-05-22,18,16,34
2020-05-22,3,3,6
2020-05-22,269,89,358
2020-05-22,195,115,310
2020-05-22,0,1,1
2020-05-22,0,1,1
2020-05-22,11,30,41
2020-05-22,23,11,34
2020-05-22,6,1,7
2020-05-22,331,50,381
2020-05-22,1,0,1
2020-05-22,9,26,35
2020-05-22,0,0,0
2020-05-22,7,1,8
2020-05-22,36,19,55
2020-05-22,0,2,2
2020-05-22,45,8,53
2020-05-22,0,0,0
2020-05-22,0,0,0
2020-05-22,0,0,0
2020-05-22,0,0,0
2020-05-22,40,12,52
2020-05-22,4,13,17
2020-05-22,0,0,0
2020-05-22,1,0,1
2020-05-22,0,4,4
2020-05-22,43,29,72
2020-05-22,38,1,39
2020-05-22,0,0,0
2020-05-22,1,7,8
2020-05-22,23,5,28
2020-05-22,0,0,0
2020-05-22,125,101,226
2020-05-22,1490,565,2055
2020-05-22,0,0,0
2020-05-22,9,1,10
2020-05-22,0,0,0
2020-05-22,75,2,77
2020-05-22,1,0,1
2020-05-22,0,2,2
2020-05-22,0,1,1
2020-05-22,0,0,0
2020-05-22,0,0,0
2020-05-22,0,0,0
2020-05-22,1,0,1
2020-05-22,0,1,1
2020-05-22,10,13,23
2020-05-22,79,81,160
2020-05-22,6,20,26
2020-05-22,64,30,94
2020-05-23,2,0,2
2020-05-23,0,0,0
2020-05-23,0,0,0
2020-05-23,0,0,0
2020-05-23,45,28,73
2020-05-23,0,1,1
2020-05-23,0,1,1
2020-05-23,0,0,0
2020-05-23,25,3,28
2020-05-23,23,15,38
2020-05-23,66,37,103
2020-05-23,40,1,41
2020-05-23,12,12,24
2020-05-23,3,2,5
2020-05-23,5,17,22
2020-05-23,0,0,0
2020-05-23,0,0,0
2020-05-23,193,95,288
2020-05-23,10,21,31
2020-05-23,6,19,25
2020-05-23,1,1,2
2020-05-23,0,0,0
2020-05-23,0,0,0
2020-05-23,304,82,386
2020-05-23,14,34,48
2020-05-23,7,4,11
2020-05-23,0,0,0
2020-05-23,0,1,1
2020-05-23,1,5,6
2020-05-23,21,3,24
2020-05-23,0,2,2
2020-05-23,18,14,32
2020-05-23,134,100,234
2020-05-23,4,13,17
2020-05-23,80,78,158
2020-05-23,39,11,50
2020-05-23,37,17,54
2020-05-23,48,10,58
2020-05-23,1,0,1
2020-05-23,4,1,5
2020-05-23,2,4,6
2020-05-23,1440,566,2006
2020-05-23,7,1,8
2020-05-23,75,2,77
2020-05-23,29,25,54
2020-05-23,0,0,0
2020-05-23,0,0,0
2020-05-23,0,0,0
2020-05-23,0,0,0
2020-05-23,278,94,372
2020-05-23,1,0,1
2020-05-23,0,0,0
2020-05-23,5,0,5
2020-05-23,0,0,0
2020-05-23,0,0,0
2020-05-23,0,0,0
2020-05-24,5,21,26
2020-05-24,0,0,0
2020-05-24,18,19,37
2020-05-24,35,19,54
2020-05-24,47,41,88
2020-05-24,0,0,0
2020-05-24,25,3,28
2020-05-24,7,1,8
2020-05-24,0,2,2
2020-05-24,9,17,26
2020-05-24,4,3,7
2020-05-24,0,0,0
2020-05-24,1,0,1
2020-05-24,0,0,0
2020-05-24,15,27,42
2020-05-24,22,15,37
2020-05-24,2,4,6
2020-05-24,0,1,1
2020-05-24,0,1,1
2020-05-24,6,16,22
2020-05-24,42,2,44
2020-05-24,88,61,149
2020-05-24,0,0,0
2020-05-24,7,5,12
2020-05-24,139,103,242
2020-05-24,32,36,68
2020-05-24,0,0,0
2020-05-24,1,0,1
2020-05-24,0,0,0
2020-05-24,2,1,3
2020-05-24,66,40,106
2020-05-24,1443,547,1990
2020-05-24,0,0,0
2020-05-24,1,4,5
2020-05-24,77,4,81
2020-05-24,21,6,27
2020-05-24,0,0,0
2020-05-24,1,0,1
2020-05-24,0,0,0
2020-05-24,5,0,5
2020-05-24,11,25,36
2020-05-24,188,80,268
2020-05-24,0,0,0
2020-05-24,0,0,0
2020-05-24,4,1,5
2020-05-24,0,0,0
2020-05-24,53,4,57
2020-05-24,39,13,52
2020-05-24,0,1,1
2020-05-24,310,60,370
2020-05-24,286,102,388
2020-05-24,3,2,5
2020-05-24,0,4,4
2020-05-24,0,0,0
2020-05-24,0,0,0
2020-05-24,0,0,0
2020-05-25,0,0,0
2020-05-25,0,0,0
2020-05-25,91,65,156
2020-05-25,10,0,10
2020-05-25,0,0,0
2020-05-25,33,30,63
2020-05-25,1477,564,2041
2020-05-25,0,1,1
2020-05-25,13,35,48
2020-05-25,40,2,42
2020-05-25,0,0,0
2020-05-25,0,1,1
2020-05-25,26,3,29
2020-05-25,317,68,385
2020-05-25,69,6,75
2020-05-25,0,1,1
2020-05-25,44,13,57
2020-05-25,2,0,2
2020-05-25,1,0,1
2020-05-25,1,3,4
2020-05-25,5,20,25
2020-05-25,1,0,1
2020-05-25,0,0,0
2020-05-25,4,3,7
2020-05-25,0,0,0
2020-05-25,19,8,27
2020-05-25,21,20,41
2020-05-25,9,17,26
2020-05-25,51,8,59
2020-05-25,0,0,0
2020-05-25,1,1,2
2020-05-25,5,22,27
2020-05-25,0,0,0
2020-05-25,0,0,0
2020-05-25,0,1,1
2020-05-25,0,0,0
2020-05-25,6,4,10
2020-05-25,3,4,7
2020-05-25,0,1,1
2020-05-25,1,0,1
2020-05-25,0,0,0
2020-05-25,0,0,0
2020-05-25,6,4,10
2020-05-25,300,94,394
2020-05-25,2,0,2
2020-05-25,66,38,104
2020-05-25,193,88,281
2020-05-25,7,0,7
2020-05-25,12,24,36
2020-05-25,32,20,52
2020-05-25,18,11,29
2020-05-25,0,0,0
2020-05-25,138,116,254
2020-05-25,0,2,2
2020-05-25,40,41,81
2020-05-25,1,0,1
2020-05-26,3,1,4
2020-05-26,0,1,1
2020-05-26,0,0,0
2020-05-26,0,2,2
2020-05-26,6,3,9
2020-05-26,1,0,1
2020-05-26,0,0,0
2020-05-26,0,0,0
2020-05-26,0,0,0
2020-05-26,154,125,279
2020-05-26,1477,610,2087
2020-05-26,2,2,4
2020-05-26,0,0,0
2020-05-26,1,0,1
2020-05-26,69,29,98
2020-05-26,18,14,32
2020-05-26,0,1,1
2020-05-26,5,0,5
2020-05-26,0,3,3
2020-05-26,1,3,4
2020-05-26,14,29,43
2020-05-26,69,8,77
2020-05-26,5,20,25
2020-05-26,0,0,0
2020-05-26,6,21,27
2020-05-26,207,102,309
2020-05-26,45,9,54
2020-05-26,0,0,0
2020-05-26,1,0,1
2020-05-26,301,117,418
2020-05-26,5,5,10
2020-05-26,2,3,5
2020-05-26,13,36,49
2020-05-26,0,1,1
2020-05-26,0,0,0
2020-05-26,1,0,1
2020-05-26,0,1,1
2020-05-26,93,76,169
2020-05-26,34,28,62
2020-05-26,37,4,41
2020-05-26,19,16,35
2020-05-26,0,0,0
2020-05-26,11,1,12
2020-05-26,0,1,1
2020-05-26,1,4,5
2020-05-26,325,58,383
2020-05-26,18,5,23
2020-05-26,0,2,2
2020-05-26,40,47,87
2020-05-26,9,9,18
2020-05-26,0,1,1
2020-05-26,24,3,27
2020-05-26,33,20,53
2020-05-26,59,7,66
2020-05-26,4,1,5
2020-05-26,1,1,2
2020-05-27,1,0,1
2020-05-27,71,44,115
2020-05-27,95,69,164
2020-05-27,6,2,8
2020-05-27,14,23,37
2020-05-27,0,2,2
2020-05-27,6,14,20
2020-05-27,0,1,1
2020-05-27,0,0,0
2020-05-27,0,0,0
2020-05-27,0,0,0
2020-05-27,3,0,3
2020-05-27,0,0,0
2020-05-27,3,1,4
2020-05-27,11,0,11
2020-05-27,0,0,0
2020-05-27,1,2,3
2020-05-27,28,24,52
2020-05-27,1,0,1
2020-05-27,0,0,0
2020-05-27,307,111,418
2020-05-27,0,0,0
2020-05-27,0,0,0
2020-05-27,6,1,7
2020-05-27,2,4,6
2020-05-27,22,5,27
2020-05-27,0,0,0
2020-05-27,0,0,0
2020-05-27,17,8,25
2020-05-27,159,101,260
2020-05-27,0,0,0
2020-05-27,9,22,31
2020-05-27,23,1,24
2020-05-27,1,1,2
2020-05-27,2,2,4
2020-05-27,1462,628,2090
2020-05-27,5,4,9
2020-05-27,33,8,41
2020-05-27,11,30,41
2020-05-27,8,21,29
2020-05-27,63,5,68
2020-05-27,329,79,408
2020-05-27,36,5,41
2020-05-27,28,24,52
2020-05-27,0,2,2
2020-05-27,1,3,4
2020-05-27,0,0,0
2020-05-27,1,1,2
2020-05-27,199,114,313
2020-05-27,40,42,82
2020-05-27,0,0,0
2020-05-27,0,3,3
2020-05-27,20,14,34
2020-05-27,0,0,0
2020-05-27,67,17,84
2020-05-27,0,0,0
2020-05-28,1,1,2
2020-05-28,0,0,0
2020-05-28,2,0,2
2020-05-28,1,0,1
2020-05-28,3,7,10
2020-05-28,13,38,51
2020-05-28,0,1,1
2020-05-28,5,1,6
2020-05-28,49,42,91
2020-05-28,0,1,1
2020-05-28,1415,639,2054
2020-05-28,39,10,49
2020-05-28,0,0,0
2020-05-28,0,0,0
2020-05-28,0,2,2
2020-05-28,0,0,0
2020-05-28,0,0,0
2020-05-28,0,3,3
2020-05-28,0,0,0
2020-05-28,0,0,0
2020-05-28,0,0,0
2020-05-28,96,57,153
2020-05-28,15,25,40
2020-05-28,3,0,3
2020-05-28,1,2,3
2020-05-28,0,0,0
2020-05-28,8,30,38
2020-05-28,68,39,107
2020-05-28,14,27,41
2020-05-28,5,4,9
2020-05-28,0,1,1
2020-05-28,3,0,3
2020-05-28,61,7,68
2020-05-28,1,0,1
2020-05-28,0,0,0
2020-05-28,11,0,11
2020-05-28,37,2,39
2020-05-28,156,87,243
2020-05-28,25,0,25
2020-05-28,0,0,0
2020-05-28,19,16,35
2020-05-28,313,70,383
2020-05-28,0,0,0
2020-05-28,1,5,6
2020-05-28,5,18,23
2020-05-28,202,99,301
2020-05-28,0,0,0
2020-05-28,26,14,40
2020-05-28,0,0,0
2020-05-28,58,8,66
2020-05-28,291,106,397
2020-05-28,19,7,26
2020-05-28,1,0,1
2020-05-28,28,19,47
2020-05-28,6,2,8
2020-05-28,15,8,23
2020-05-29,0,0,0
2020-05-29,13,11,24
2020-05-29,0,0,0
2020-05-29,27,1,28
2020-05-29,0,0,0
2020-05-29,0,0,0
2020-05-29,0,0,0
2020-05-29,31,16,47
2020-05-29,37,8,45
2020-05-29,0,0,0
2020-05-29,15,35,50
2020-05-29,7,37,44
2020-05-29,3,5,8
2020-05-29,191,79,270
2020-05-29,0,1,1
2020-05-29,6,7,13
2020-05-29,60,4,64
2020-05-29,54,16,70
2020-05-29,1,5,6
2020-05-29,1402,570,1972
2020-05-29,0,0,0
2020-05-29,14,23,37
2020-05-29,37,3,40
2020-05-29,102,77,179
2020-05-29,300,58,358
2020-05-29,0,0,0
2020-05-29,63,44,107
2020-05-29,1,0,1
2020-05-29,0,0,0
2020-05-29,134,95,229
2020-05-29,26,22,48
2020-05-29,0,0,0
2020-05-29,0,2,2
2020-05-29,1,1,2
2020-05-29,0,0,0
2020-05-29,0,2,2
2020-05-29,5,8,13
2020-05-29,0,0,0
2020-05-29,17,24,41
2020-05-29,6,0,6
2020-05-29,0,0,0
2020-05-29,0,1,1
2020-05-29,0,0,0
2020-05-29,1,0,1
2020-05-29,4,6,10
2020-05-29,10,1,11
2020-05-29,0,1,1
2020-05-29,262,62,324
2020-05-29,3,9,12
2020-05-29,0,0,0
2020-05-29,8,15,23
2020-05-29,0,0,0
2020-05-29,20,11,31
2020-05-29,16,11,27
2020-05-29,2,0,2
2020-05-29,49,16,65
2020-05-30,0,0,0
2020-05-30,0,1,1
2020-05-30,311,86,397
2020-05-30,0,4,4
2020-05-30,55,21,76
2020-05-30,5,12,17
2020-05-30,1,2,3
2020-05-30,105,41,146
2020-05-30,0,0,0
2020-05-30,0,0,0
2020-05-30,70,48,118
2020-05-30,44,13,57
2020-05-30,1,0,1
2020-05-30,0,0,0
2020-05-30,130,95,225
2020-05-30,5,56,61
2020-05-30,1357,577,1934
2020-05-30,14,23,37
2020-05-30,0,1,1
2020-05-30,291,131,422
2020-05-30,7,7,14
2020-05-30,37,2,39
2020-05-30,0,1,1
2020-05-30,14,8,22
2020-05-30,0,0,0
2020-05-30,0,0,0
2020-05-30,0,2,2
2020-05-30,1,6,7
2020-05-30,14,32,46
2020-05-30,3,5,8
2020-05-30,185,84,269
2020-05-30,0,0,0
2020-05-30,29,17,46
2020-05-30,0,0,0
2020-05-30,0,0,0
2020-05-30,0,0,0
2020-05-30,6,16,22
2020-05-30,11,0,11
2020-05-30,47,17,64
2020-05-30,2,0,2
2020-05-30,0,0,0
2020-05-30,0,0,0
2020-05-30,0,0,0
2020-05-30,6,0,6
2020-05-30,18,11,29
2020-05-30,18,8,26
2020-05-30,73,8,81
2020-05-30,0,0,0
2020-05-30,0,0,0
2020-05-30,19,23,42
2020-05-30,3,9,12
2020-05-30,3,2,5
2020-05-30,1,0,1
2020-05-30,26,20,46
2020-05-30,27,1,28
2020-05-30,1,1,2
2020-05-31,283,124,407
2020-05-31,18,27,45
2020-05-31,50,19,69
2020-05-31,9,9,18
2020-05-31,16,18,34
2020-05-31,11,32,43
2020-05-31,1,0,1
2020-05-31,0,0,0
2020-05-31,19,10,29
2020-05-31,3,1,4
2020-05-31,5,44,49
2020-05-31,0,0,0
2020-05-31,0,0,0
2020-05-31,306,92,398
2020-05-31,59,16,75
2020-05-31,6,5,11
2020-05-31,1,6,7
2020-05-31,0,1,1
2020-05-31,0,0,0
2020-05-31,4,6,10
2020-05-31,5,0,5
2020-05-31,25,21,46
2020-05-31,0,0,0
2020-05-31,1389,519,1908
2020-05-31,3,10,13
2020-05-31,25,13,38
2020-05-31,0,0,0
2020-05-31,68,52,120
2020-05-31,0,0,0
2020-05-31,0,1,1
2020-05-31,0,0,0
2020-05-31,136,73,209
2020-05-31,1,0,1
2020-05-31,0,1,1
2020-05-31,0,0,0
2020-05-31,0,0,0
2020-05-31,0,1,1
2020-05-31,99,33,132
2020-05-31,1,0,1
2020-05-31,0,2,2
2020-05-31,9,0,9
2020-05-31,1,0,1
2020-05-31,1,0,1
2020-05-31,28,2,30
2020-05-31,16,17,33
2020-05-31,195,99,294
2020-05-31,0,0,0
2020-05-31,2,6,8
2020-05-31,2,2,4
2020-05-31,22,4,26
2020-05-31,35,1,36
2020-05-31,73,7,80
2020-05-31,0,1,1
2020-05-31,0,0,0
2020-05-31,46,10,56
2020-05-31,0,0,0
2020-06-01,0,1,1
2020-06-01,1,0,1
2020-06-01,0,0,0
2020-06-01,25,4,29
2020-06-01,0,0,0
2020-06-01,0,0,0
2020-06-01,2,1,3
2020-06-01,1,5,6
2020-06-01,5,3,8
2020-06-01,26,2,28
2020-06-01,0,0,0
2020-06-01,26,14,40
2020-06-01,40,6,46
2020-06-01,0,0,0
2020-06-01,3,3,6
2020-06-01,0,1,1
2020-06-01,1,0,1
2020-06-01,0,0,0
2020-06-01,0,0,0
2020-06-01,20,17,37
2020-06-01,68,3,71
2020-06-01,3,1,4
2020-06-01,4,6,10
2020-06-01,13,17,30
2020-06-01,0,0,0
2020-06-01,9,0,9
2020-06-01,1422,596,2018
2020-06-01,5,62,67
2020-06-01,1,1,2
2020-06-01,314,83,397
2020-06-01,97,51,148
2020-06-01,0,1,1
2020-06-01,24,21,45
2020-06-01,9,8,17
2020-06-01,68,54,122
2020-06-01,14,18,32
2020-06-01,0,1,1
2020-06-01,0,0,0
2020-06-01,0,1,1
2020-06-01,1,0,1
2020-06-01,203,104,307
2020-06-01,22,11,33
2020-06-01,63,14,77
2020-06-01,0,2,2
2020-06-01,292,113,405
2020-06-01,45,29,74
2020-06-01,4,0,4
2020-06-01,0,0,0
2020-06-01,0,0,0
2020-06-01,0,0,0
2020-06-01,2,3,5
2020-06-01,0,0,0
2020-06-01,34,1,35
2020-06-01,148,69,217
2020-06-01,0,3,3
2020-06-01,23,25,48
2020-06-02,42,17,59
2020-06-02,4,2,6
2020-06-02,26,23,49
2020-06-02,0,2,2
2020-06-02,1,0,1
2020-06-02,66,1,67
2020-06-02,9,18,27
2020-06-02,16,16,32
2020-06-02,1457,570,2027
2020-06-02,3,6,9
2020-06-02,67,15,82
2020-06-02,211,94,305
2020-06-02,0,0,0
2020-06-02,32,2,34
2020-06-02,0,0,0
2020-06-02,2,3,5
2020-06-02,0,0,0
2020-06-02,1,10,11
2020-06-02,3,69,72
2020-06-02,0,0,0
2020-06-02,1,0,1
2020-06-02,0,0,0
2020-06-02,0,1,1
2020-06-02,0,0,0
2020-06-02,31,1,32
2020-06-02,92,68,160
2020-06-02,0,0,0
2020-06-02,0,0,0
2020-06-02,2,2,4
2020-06-02,17,25,42
2020-06-02,6,4,10
2020-06-02,297,72,369
2020-06-02,4,2,6
2020-06-02,15,41,56
2020-06-02,1,7,8
2020-06-02,0,0,0
2020-06-02,1,1,2
2020-06-02,0,1,1
2020-06-02,1,0,1
2020-06-02,0,3,3
2020-06-02,0,0,0
2020-06-02,0,0,0
2020-06-02,0,0,0
2020-06-02,156,70,226
2020-06-02,43,28,71
2020-06-02,0,0,0
2020-06-02,0,1,1
2020-06-02,64,37,101
2020-06-02,25,3,28
2020-06-02,0,2,2
2020-06-02,25,21,46
2020-06-02,1,0,1
2020-06-02,306,92,398
2020-06-02,25,27,52
2020-06-02,25,11,36
2020-06-02,12,0,12
2020-06-03,4,0,4
2020-06-03,37,34,71
2020-06-03,11,23,34
2020-06-03,0,2,2
2020-06-03,0,0,0
2020-06-03,69,4,73
2020-06-03,21,4,25
2020-06-03,1,10,11
2020-06-03,12,0,12
2020-06-03,0,0,0
2020-06-03,0,0,0
2020-06-03,0,0,0
2020-06-03,19,33,52
2020-06-03,43,23,66
2020-06-03,15,52,67
2020-06-03,27,14,41
2020-06-03,2,1,3
2020-06-03,296,80,376
2020-06-03,221,101,322
2020-06-03,0,0,0
2020-06-03,2,0,2
2020-06-03,0,0,0
2020-06-03,0,0,0
2020-06-03,2,1,3
2020-06-03,0,0,0
2020-06-03,0,0,0
2020-06-03,1,0,1
2020-06-03,1,6,7
2020-06-03,0,1,1
2020-06-03,0,0,0
2020-06-03,0,1,1
2020-06-03,24,19,43
2020-06-03,28,32,60
2020-06-03,89,80,169
2020-06-03,0,0,0
2020-06-03,30,27,57
2020-06-03,0,0,0
2020-06-03,10,13,23
2020-06-03,1,0,1
2020-06-03,66,9,75
2020-06-03,32,0,32
2020-06-03,37,2,39
2020-06-03,0,2,2
2020-06-03,157,75,232
2020-06-03,1,5,6
2020-06-03,0,0,0
2020-06-03,1488,502,1990
2020-06-03,0,0,0
2020-06-03,3,76,79
2020-06-03,295,75,370
2020-06-03,1,0,1
2020-06-03,59,38,97
2020-06-03,3,1,4
2020-06-03,1,0,1
2020-06-03,0,0,0
2020-06-03,0,0,0
2020-06-04,13,1,14
2020-06-04,1,0,1
2020-06-04,0,0,0
2020-06-04,33,0,33
2020-06-04,0,0,0
2020-06-04,1462,586,2048
2020-06-04,3,4,7
2020-06-04,18,70,88
2020-06-04,0,0,0
2020-06-04,3,0,3
2020-06-04,0,0,0
2020-06-04,2,8,10
2020-06-04,74,3,77
2020-06-04,1,5,6
2020-06-04,0,0,0
2020-06-04,0,0,0
2020-06-04,1,0,1
2020-06-04,2,2,4
2020-06-04,0,0,0
2020-06-04,0,0,0
2020-06-04,0,0,0
2020-06-04,2,3,5
2020-06-04,4,0,4
2020-06-04,2,0,2
2020-06-04,0,1,1
2020-06-04,297,82,379
2020-06-04,0,0,0
2020-06-04,2,0,2
2020-06-04,82,92,174
2020-06-04,35,18,53
2020-06-04,0,3,3
2020-06-04,28,33,61
2020-06-04,226,91,317
2020-06-04,37,38,75
2020-06-04,168,70,238
2020-06-04,27,23,50
2020-06-04,0,0,0
2020-06-04,0,2,2
2020-06-04,0,1,1
2020-06-04,4,54,58
2020-06-04,1,1,2
2020-06-04,0,0,0
2020-06-04,11,35,46
2020-06-04,66,35,101
2020-06-04,28,10,38
2020-06-04,10,21,31
2020-06-04,0,0,0
2020-06-04,41,21,62
2020-06-04,39,2,41
2020-06-04,0,1,1
2020-06-04,0,0,0
2020-06-04,29,16,45
2020-06-04,62,14,76
2020-06-04,0,0,0
2020-06-04,300,110,410
2020-06-04,28,27,55
2020-06-05,0,0,0
2020-06-05,0,0,0
2020-06-05,0,0,0
2020-06-05,180,63,243
2020-06-05,2,9,11
2020-06-05,35,37,72
2020-06-05,1,0,1
2020-06-05,3,2,5
2020-06-05,1,0,1
2020-06-05,31,0,31
2020-06-05,0,2,2
2020-06-05,0,0,0
2020-06-05,0,0,0
2020-06-05,1,0,1
2020-06-05,79,3,82
2020-06-05,42,22,64
2020-06-05,0,0,0
2020-06-05,0,0,0
2020-06-05,0,0,0
2020-06-05,43,32,75
2020-06-05,25,14,39
2020-06-05,228,98,326
2020-06-05,2,3,5
2020-06-05,11,21,32
2020-06-05,3,3,6
2020-06-05,299,69,368
2020-06-05,0,0,0
2020-06-05,0,0,0
2020-06-05,67,30,97
2020-06-05,0,1,1
2020-06-05,0,0,0
2020-06-05,14,1,15
2020-06-05,17,46,63
2020-06-05,82,68,150
2020-06-05,29,21,50
2020-06-05,4,1,5
2020-06-05,39,2,41
2020-06-05,315,80,395
2020-06-05,0,0,0
2020-06-05,1,2,3
2020-06-05,3,0,3
2020-06-05,3,69,72
2020-06-05,2,3,5
2020-06-05,0,0,0
2020-06-05,29,8,37
2020-06-05,0,1,1
2020-06-05,2,0,2
2020-06-05,1451,547,1998
2020-06-05,62,16,78
2020-06-05,26,33,59
2020-06-05,36,18,54
2020-06-05,13,20,33
2020-06-05,0,0,0
2020-06-05,0,0,0
2020-06-05,0,0,0
2020-06-05,0,0,0
2020-06-06,0,0,0
2020-06-06,13,0,13
2020-06-06,5,0,5
2020-06-06,30,3,33
2020-06-06,30,34,64
2020-06-06,1,0,1
2020-06-06,26,1,27
2020-06-06,1,4,5
2020-06-06,0,0,0
2020-06-06,0,0,0
2020-06-06,0,0,0
2020-06-06,3,4,7
2020-06-06,12,16,28
2020-06-06,0,0,0
2020-06-06,1,3,4
2020-06-06,33,28,61
2020-06-06,0,0,0
2020-06-06,0,0,0
2020-06-06,34,1,35
2020-06-06,81,2,83
2020-06-06,309,67,376
2020-06-06,83,72,155
2020-06-06,0,0,0
2020-06-06,18,43,61
2020-06-06,3,6,9
2020-06-06,0,0,0
2020-06-06,0,0,0
2020-06-06,195,59,254
2020-06-06,0,0,0
2020-06-06,80,32,112
2020-06-06,285,76,361
2020-06-06,5,0,5
2020-06-06,33,28,61
2020-06-06,0,0,0
2020-06-06,4,71,75
2020-06-06,10,24,34
2020-06-06,1,1,2
2020-06-06,41,32,73
2020-06-06,0,0,0
2020-06-06,5,3,8
2020-06-06,0,0,0
2020-06-06,0,0,0
2020-06-06,37,21,58
2020-06-06,0,0,0
2020-06-06,1399,582,1981
2020-06-06,220,89,309
2020-06-06,0,1,1
2020-06-06,0,2,2
2020-06-06,0,0,0
2020-06-06,0,0,0
2020-06-06,70,41,111
2020-06-06,1,0,1
2020-06-06,1,5,6
2020-06-06,1,3,4
2020-06-06,26,9,35
2020-06-06,41,24,65
2020-06-07,69,31,100
2020-06-07,92,74,166
2020-06-07,2,4,6
2020-06-07,34,14,48
2020-06-07,83,24,107
2020-06-07,1,4,5
2020-06-07,0,0,0
2020-06-07,1,0,1
2020-06-07,0,0,0
2020-06-07,1,2,3
2020-06-07,3,2,5
2020-06-07,0,0,0
2020-06-07,0,0,0
2020-06-07,0,0,0
2020-06-07,13,17,30
2020-06-07,5,0,5
2020-06-07,0,2,2
2020-06-07,0,0,0
2020-06-07,27,1,28
2020-06-07,1,0,1
2020-06-07,164,57,221
2020-06-07,0,0,0
2020-06-07,39,24,63
2020-06-07,1,3,4
2020-06-07,0,0,0
2020-06-07,0,0,0
2020-06-07,217,79,296
2020-06-07,0,0,0
2020-06-07,1,6,7
2020-06-07,0,1,1
2020-06-07,87,1,88
2020-06-07,0,0,0
2020-06-07,10,24,34
2020-06-07,5,2,7
2020-06-07,0,0,0
2020-06-07,0,1,1
2020-06-07,0,0,0
2020-06-07,28,0,28
2020-06-07,39,32,71
2020-06-07,322,77,399
2020-06-07,12,1,13
2020-06-07,0,0,0
2020-06-07,0,1,1
2020-06-07,0,0,0
2020-06-07,286,73,359
2020-06-07,5,6,11
2020-06-07,5,66,71
2020-06-07,0,1,1
2020-06-07,37,20,57
2020-06-07,27,10,37
2020-06-07,1453,558,2011
2020-06-07,33,26,59
2020-06-07,23,44,67
2020-06-07,20,3,23
2020-06-07,38,31,69
2020-06-07,0,0,0
2020-06-08,22,6,28
2020-06-08,0,0,0
2020-06-08,0,0,0
2020-06-08,0,0,0
2020-06-08,0,0,0
2020-06-08,0,0,0
2020-06-08,1,5,6
2020-06-08,20,35,55
2020-06-08,12,0,12
2020-06-08,5,74,79
2020-06-08,4,0,4
2020-06-08,5,3,8
2020-06-08,0,3,3
2020-06-08,5,4,9
2020-06-08,0,0,0
2020-06-08,2,0,2
2020-06-08,70,37,107
2020-06-08,1,6,7
2020-06-08,44,17,61
2020-06-08,1,0,1
2020-06-08,24,1,25
2020-06-08,0,0,0
2020-06-08,0,0,0
2020-06-08,85,2,87
2020-06-08,0,1,1
2020-06-08,1,1,2
2020-06-08,26,13,39
2020-06-08,0,0,0
2020-06-08,197,54,251
2020-06-08,1458,595,2053
2020-06-08,1,0,1
2020-06-08,13,15,28
2020-06-08,43,27,70
2020-06-08,3,0,3
2020-06-08,0,2,2
2020-06-08,0,0,0
2020-06-08,0,0,0
2020-06-08,87,26,113
2020-06-08,1,6,7
2020-06-08,37,24,61
2020-06-08,220,108,328
2020-06-08,327,64,391
2020-06-08,0,0,0
2020-06-08,291,80,371
2020-06-08,0,0,0
2020-06-08,0,0,0
2020-06-08,34,2,36
2020-06-08,0,1,1
2020-06-08,92,60,152
2020-06-08,0,0,0
2020-06-08,5,0,5
2020-06-08,34,5,39
2020-06-08,11,11,22
2020-06-08,1,0,1
2020-06-08,42,27,69
2020-06-08,32,11,43
2020-06-09,33,19,52
2020-06-09,0,0,0
2020-06-09,0,0,0
2020-06-09,205,71,276
2020-06-09,68,36,104
2020-06-09,4,0,4
2020-06-09,30,0,30
2020-06-09,4,0,4
2020-06-09,299,74,373
2020-06-09,36,8,44
2020-06-09,1,8,9
2020-06-09,1416,695,2111
2020-06-09,83,22,105
2020-06-09,0,0,0
2020-06-09,45,31,76
2020-06-09,1,0,1
2020-06-09,1,3,4
2020-06-09,5,70,75
2020-06-09,0,0,0
2020-06-09,315,69,384
2020-06-09,21,40,61
2020-06-09,42,45,87
2020-06-09,1,0,1
2020-06-09,0,0,0
2020-06-09,1,0,1
2020-06-09,31,13,44
2020-06-09,0,3,3
2020-06-09,0,6,6
2020-06-09,0,0,0
2020-06-09,0,0,0
2020-06-09,227,106,333
2020-06-09,37,12,49
2020-06-09,94,52,146
2020-06-09,0,0,0
2020-06-09,6,0,6
2020-06-09,25,7,32
2020-06-09,0,2,2
2020-06-09,0,0,0
2020-06-09,29,13,42
2020-06-09,0,0,0
2020-06-09,0,1,1
2020-06-09,6,5,11
2020-06-09,0,3,3
2020-06-09,0,1,1
2020-06-09,1,0,1
2020-06-09,41,18,59
2020-06-09,10,12,22
2020-06-09,0,0,0
2020-06-09,13,0,13
2020-06-09,0,0,0
2020-06-09,0,0,0
2020-06-09,0,1,1
2020-06-09,83,2,85
2020-06-09,3,2,5
2020-06-09,17,25,42
2020-06-09,6,4,10
2020-06-10,3,2,5
2020-06-10,30,1,31
2020-06-10,0,0,0
2020-06-10,312,72,384
2020-06-10,1,14,15
2020-06-10,36,26,62
2020-06-10,0,0,0
2020-06-10,3,3,6
2020-06-10,26,15,41
2020-06-10,88,46,134
2020-06-10,16,0,16
2020-06-10,0,0,0
2020-06-10,5,1,6
2020-06-10,0,1,1
2020-06-10,0,0,0
2020-06-10,7,23,30
2020-06-10,286,76,362
2020-06-10,26,5,31
2020-06-10,3,4,7
2020-06-10,0,2,2
2020-06-10,0,0,0
2020-06-10,6,5,11
2020-06-10,44,56,100
2020-06-10,0,0,0
2020-06-10,1389,564,1953
2020-06-10,171,76,247
2020-06-10,232,101,333
2020-06-10,38,5,43
2020-06-10,0,0,0
2020-06-10,40,22,62
2020-06-10,0,2,2
2020-06-10,0,1,1
2020-06-10,0,1,1
2020-06-10,0,0,0
2020-06-10,1,0,1
2020-06-10,0,0,0
2020-06-10,18,15,33
2020-06-10,45,38,83
2020-06-10,8,3,11
2020-06-10,11,12,23
2020-06-10,0,0,0
2020-06-10,29,11,40
2020-06-10,39,11,50
2020-06-10,89,23,112
2020-06-10,0,0,0
2020-06-10,20,23,43
2020-06-10,0,0,0
2020-06-10,67,35,102
2020-06-10,1,0,1
2020-06-10,79,0,79
2020-06-10,0,0,0
2020-06-10,0,0,0
2020-06-10,1,0,1
2020-06-10,1,5,6
2020-06-10,1,0,1
2020-06-10,5,57,62
2020-06-11,7,4,11
2020-06-11,17,0,17
2020-06-11,0,0,0
2020-06-11,8,2,10
2020-06-11,90,19,109
2020-06-11,38,13,51
2020-06-11,0,0,0
2020-06-11,2,3,5
2020-06-11,39,18,57
2020-06-11,4,2,6
2020-06-11,0,0,0
2020-06-11,19,12,31
2020-06-11,4,1,5
2020-06-11,0,0,0
2020-06-11,0,0,0
2020-06-11,238,68,306
2020-06-11,30,7,37
2020-06-11,0,2,2
2020-06-11,0,0,0
2020-06-11,0,0,0
2020-06-11,194,77,271
2020-06-11,0,0,0
2020-06-11,0,0,0
2020-06-11,1,0,1
2020-06-11,0,1,1
2020-06-11,1,0,1
2020-06-11,0,0,0
2020-06-11,5,37,42
2020-06-11,86,1,87
2020-06-11,22,29,51
2020-06-11,35,6,41
2020-06-11,5,1,6
2020-06-11,0,0,0
2020-06-11,2,0,2
2020-06-11,26,7,33
2020-06-11,29,2,31
2020-06-11,86,38,124
2020-06-11,0,3,3
2020-06-11,0,0,0
2020-06-11,4,23,27
2020-06-11,1397,576,1973
2020-06-11,43,47,90
2020-06-11,42,25,67
2020-06-11,325,67,392
2020-06-11,0,1,1
2020-06-11,0,1,1
2020-06-11,39,23,62
2020-06-11,10,8,18
2020-06-11,0,0,0
2020-06-11,0,0,0
2020-06-11,1,8,9
2020-06-11,277,75,352
2020-06-11,0,0,0
2020-06-11,29,18,47
2020-06-11,67,32,99
2020-06-11,0,1,1
2020-06-12,5,0,5
2020-06-12,0,0,0
2020-06-12,18,9,27
2020-06-12,81,1,82
2020-06-12,0,0,0
2020-06-12,4,38,42
2020-06-12,8,3,11
2020-06-12,0,0,0
2020-06-12,1,13,14
2020-06-12,69,33,102
2020-06-12,12,13,25
2020-06-12,0,0,0
2020-06-12,0,0,0
2020-06-12,5,1,6
2020-06-12,0,0,0
2020-06-12,0,0,0
2020-06-12,0,1,1
2020-06-12,49,19,68
2020-06-12,41,11,52
2020-06-12,96,15,111
2020-06-12,0,0,0
2020-06-12,46,63,109
2020-06-12,0,8,8
2020-06-12,5,4,9
2020-06-12,0,2,2
2020-06-12,34,34,68
2020-06-12,15,0,15
2020-06-12,7,8,15
2020-06-12,22,20,42
2020-06-12,0,0,0
2020-06-12,0,0,0
2020-06-12,0,0,0
2020-06-12,0,0,0
2020-06-12,275,41,316
2020-06-12,30,4,34
2020-06-12,0,0,0
2020-06-12,84,42,126
2020-06-12,0,3,3
2020-06-12,2,3,5
2020-06-12,0,0,0
2020-06-12,0,1,1
2020-06-12,6,0,6
2020-06-12,0,0,0
2020-06-12,22,10,32
2020-06-12,236,83,319
2020-06-12,34,0,34
2020-06-12,0,0,0
2020-06-12,1,0,1
2020-06-12,43,17,60
2020-06-12,35,32,67
2020-06-12,1,0,1
2020-06-12,205,78,283
2020-06-12,1383,487,1870
2020-06-12,4,6,10
2020-06-12,311,117,428
2020-06-12,1,0,1
2020-06-13,18,9,27
2020-06-13,0,0,0
2020-06-13,50,21,71
2020-06-13,28,23,51
2020-06-13,33,1,34
2020-06-13,36,6,42
2020-06-13,1,0,1
2020-06-13,0,3,3
2020-06-13,0,0,0
2020-06-13,64,34,98
2020-06-13,10,2,12
2020-06-13,0,0,0
2020-06-13,4,5,9
2020-06-13,44,50,94
2020-06-13,17,5,22
2020-06-13,5,6,11
2020-06-13,0,0,0
2020-06-13,41,9,50
2020-06-13,0,0,0
2020-06-13,0,0,0
2020-06-13,235,101,336
2020-06-13,0,0,0
2020-06-13,6,0,6
2020-06-13,2,6,8
2020-06-13,1285,483,1768
2020-06-13,3,1,4
2020-06-13,41,21,62
2020-06-13,9,27,36
2020-06-13,0,0,0
2020-06-13,0,0,0
2020-06-13,1,13,14
2020-06-13,0,0,0
2020-06-13,336,70,406
2020-06-13,284,58,342
2020-06-13,78,8,86
2020-06-13,87,27,114
2020-06-13,1,0,1
2020-06-13,3,0,3
2020-06-13,0,0,0
2020-06-13,0,0,0
2020-06-13,0,0,0
2020-06-13,23,24,47
2020-06-13,0,1,1
2020-06-13,0,1,1
2020-06-13,35,14,49
2020-06-13,1,0,1
2020-06-13,0,1,1
2020-06-13,15,3,18
2020-06-13,7,6,13
2020-06-13,79,28,107
2020-06-13,0,0,0
2020-06-13,0,0,0
2020-06-13,204,81,285
2020-06-13,0,0,0
2020-06-13,6,2,8
2020-06-13,0,5,5
2020-06-14,9,2,11
2020-06-14,0,0,0
2020-06-14,0,1,1
2020-06-14,49,25,74
2020-06-14,0,0,0
2020-06-14,0,0,0
2020-06-14,3,0,3
2020-06-14,30,21,51
2020-06-14,88,36,124
2020-06-14,2,10,12
2020-06-14,79,11,90
2020-06-14,0,0,0
2020-06-14,40,9,49
2020-06-14,1,0,1
2020-06-14,0,0,0
2020-06-14,11,4,15
2020-06-14,0,0,0
2020-06-14,0,0,0
2020-06-14,0,1,1
2020-06-14,7,0,7
2020-06-14,1288,509,1797
2020-06-14,18,11,29
2020-06-14,0,0,0
2020-06-14,81,22,103
2020-06-14,0,0,0
2020-06-14,2,1,3
2020-06-14,58,35,93
2020-06-14,0,0,0
2020-06-14,0,0,0
2020-06-14,228,92,320
2020-06-14,0,0,0
2020-06-14,282,84,366
2020-06-14,7,6,13
2020-06-14,0,1,1
2020-06-14,38,2,40
2020-06-14,0,0,0
2020-06-14,0,0,0
2020-06-14,42,47,89
2020-06-14,3,1,4
2020-06-14,37,4,41
2020-06-14,3,6,9
2020-06-14,14,7,21
2020-06-14,38,16,54
2020-06-14,206,89,295
2020-06-14,0,0,0
2020-06-14,0,4,4
2020-06-14,44,12,56
2020-06-14,0,0,0
2020-06-14,5,0,5
2020-06-14,5,29,34
2020-06-14,0,0,0
2020-06-14,0,0,0
2020-06-14,38,2,40
2020-06-14,26,16,42
2020-06-14,0,4,4
2020-06-14,321,100,421
2020-06-15,221,74,295
2020-06-15,6,0,6
2020-06-15,1,0,1
2020-06-15,0,0,0
2020-06-15,1,0,1
2020-06-15,6,30,36
2020-06-15,3,0,3
2020-06-15,38,16,54
2020-06-15,38,1,39
2020-06-15,37,8,45
2020-06-15,0,0,0
2020-06-15,5,2,7
2020-06-15,0,0,0
2020-06-15,16,7,23
2020-06-15,27,6,33
2020-06-15,0,0,0
2020-06-15,61,25,86
2020-06-15,46,3,49
2020-06-15,2,3,5
2020-06-15,0,0,0
2020-06-15,0,0,0
2020-06-15,3,1,4
2020-06-15,3,2,5
2020-06-15,90,17,107
2020-06-15,0,0,0
2020-06-15,5,1,6
2020-06-15,0,0,0
2020-06-15,0,0,0
2020-06-15,0,2,2
2020-06-15,0,0,0
2020-06-15,0,0,0
2020-06-15,0,0,0
2020-06-15,42,7,49
2020-06-15,0,0,0
2020-06-15,1420,536,1956
2020-06-15,98,31,129
2020-06-15,346,79,425
2020-06-15,237,98,335
2020-06-15,6,3,9
2020-06-15,44,39,83
2020-06-15,0,0,0
2020-06-15,79,3,82
2020-06-15,46,13,59
2020-06-15,0,0,0
2020-06-15,0,2,2
2020-06-15,43,18,61
2020-06-15,17,5,22
2020-06-15,0,0,0
2020-06-15,7,6,13
2020-06-15,14,2,16
2020-06-15,0,0,0
2020-06-15,0,1,1
2020-06-15,0,0,0
2020-06-15,0,5,5
2020-06-15,33,15,48
2020-06-15,294,66,360
2020-06-16,0,0,0
2020-06-16,0,1,1
2020-06-16,67,36,103
2020-06-16,5,3,8
2020-06-16,47,0,47
2020-06-16,5,8,13
2020-06-16,0,0,0
2020-06-16,0,0,0
2020-06-16,0,0,0
2020-06-16,13,4,17
2020-06-16,0,0,0
2020-06-16,83,2,85
2020-06-16,32,16,48
2020-06-16,96,14,110
2020-06-16,0,0,0
2020-06-16,0,1,1
2020-06-16,17,11,28
2020-06-16,47,45,92
2020-06-16,47,14,61
2020-06-16,0,0,0
2020-06-16,5,13,18
2020-06-16,0,0,0
2020-06-16,36,21,57
2020-06-16,26,14,40
2020-06-16,17,8,25
2020-06-16,1429,518,1947
2020-06-16,34,8,42
2020-06-16,0,0,0
2020-06-16,42,8,50
2020-06-16,49,4,53
2020-06-16,6,3,9
2020-06-16,1,0,1
2020-06-16,0,0,0
2020-06-16,8,10,18
2020-06-16,229,64,293
2020-06-16,1,0,1
2020-06-16,364,65,429
2020-06-16,289,54,343
2020-06-16,1,0,1
2020-06-16,6,2,8
2020-06-16,0,2,2
2020-06-16,3,1,4
2020-06-16,257,84,341
2020-06-16,0,0,0
2020-06-16,95,38,133
2020-06-16,6,0,6
2020-06-16,0,0,0
2020-06-16,0,1,1
2020-06-16,50,14,64
2020-06-16,0,0,0
2020-06-16,3,0,3
2020-06-16,4,6,10
2020-06-16,0,0,0
2020-06-16,0,0,0
2020-06-16,1,7,8
2020-06-16,0,1,1
2020-06-17,351,74,425
2020-06-17,4,3,7
2020-06-17,1446,512,1958
2020-06-17,1,0,1
2020-06-17,7,1,8
2020-06-17,34,18,52
2020-06-17,0,0,0
2020-06-17,99,24,123
2020-06-17,6,13,19
2020-06-17,46,3,49
2020-06-17,3,0,3
2020-06-17,0,0,0
2020-06-17,73,30,103
2020-06-17,38,10,48
2020-06-17,0,0,0
2020-06-17,3,4,7
2020-06-17,37,64,101
2020-06-17,6,4,10
2020-06-17,0,0,0
2020-06-17,5,0,5
2020-06-17,35,9,44
2020-06-17,0,0,0
2020-06-17,2,0,2
2020-06-17,4,3,7
2020-06-17,3,6,9
2020-06-17,1,0,1
2020-06-17,0,0,0
2020-06-17,0,1,1
2020-06-17,49,25,74
2020-06-17,0,2,2
2020-06-17,37,18,55
2020-06-17,233,64,297
2020-06-17,0,0,0
2020-06-17,13,6,19
2020-06-17,0,0,0
2020-06-17,0,0,0
2020-06-17,0,0,0
2020-06-17,285,94,379
2020-06-17,0,0,0
2020-06-17,0,3,3
2020-06-17,23,9,32
2020-06-17,0,0,0
2020-06-17,0,0,0
2020-06-17,86,3,89
2020-06-17,283,60,343
2020-06-17,15,2,17
2020-06-17,50,11,61
2020-06-17,1,3,4
2020-06-17,0,2,2
2020-06-17,6,10,16
2020-06-17,0,0,0
2020-06-17,48,1,49
2020-06-17,0,0,0
2020-06-17,2,0,2
2020-06-17,90,47,137
2020-06-17,14,6,20
2020-06-18,10,6,16
2020-06-18,288,63,351
2020-06-18,6,2,8
2020-06-18,0,0,0
2020-06-18,25,18,43
2020-06-18,18,11,29
2020-06-18,5,1,6
2020-06-18,89,14,103
2020-06-18,0,0,0
2020-06-18,2,1,3
2020-06-18,1406,494,1900
2020-06-18,0,0,0
2020-06-18,0,2,2
2020-06-18,48,2,50
2020-06-18,72,1,73
2020-06-18,12,7,19
2020-06-18,1,0,1
2020-06-18,12,5,17
2020-06-18,1,0,1
2020-06-18,0,0,0
2020-06-18,47,4,51
2020-06-18,4,3,7
2020-06-18,0,1,1
2020-06-18,1,0,1
2020-06-18,4,0,4
2020-06-18,0,0,0
2020-06-18,72,26,98
2020-06-18,15,9,24
2020-06-18,0,0,0
2020-06-18,0,3,3
2020-06-18,292,129,421
2020-06-18,2,2,4
2020-06-18,56,20,76
2020-06-18,38,11,49
2020-06-18,20,1,21
2020-06-18,5,11,16
2020-06-18,0,0,0
2020-06-18,253,60,313
2020-06-18,0,0,0
2020-06-18,40,37,77
2020-06-18,33,12,45
2020-06-18,4,0,4
2020-06-18,0,0,0
2020-06-18,34,13,47
2020-06-18,56,37,93
2020-06-18,335,87,422
2020-06-18,42,6,48
2020-06-18,77,53,130
2020-06-18,0,0,0
2020-06-18,0,0,0
2020-06-18,0,0,0
2020-06-18,0,2,2
2020-06-18,0,0,0
2020-06-18,1,1,2
2020-06-18,2,1,3
2020-06-18,0,3,3
2020-06-19,80,0,80
2020-06-19,0,0,0
2020-06-19,5,0,5
2020-06-19,11,11,22
2020-06-19,0,1,1
2020-06-19,0,0,0
2020-06-19,0,0,0
2020-06-19,17,7,24
2020-06-19,4,4,8
2020-06-19,0,0,0
2020-06-19,0,0,0
2020-06-19,5,2,7
2020-06-19,3,8,11
2020-06-19,1426,494,1920
2020-06-19,9,1,10
2020-06-19,0,0,0
2020-06-19,0,0,0
2020-06-19,261,57,318
2020-06-19,0,0,0
2020-06-19,49,1,50
2020-06-19,4,0,4
2020-06-19,0,3,3
2020-06-19,64,37,101
2020-06-19,296,90,386
2020-06-19,37,17,54
2020-06-19,0,0,0
2020-06-19,1,0,1
2020-06-19,0,0,0
2020-06-19,4,4,8
2020-06-19,1,3,4
2020-06-19,30,11,41
2020-06-19,93,10,103
2020-06-19,2,3,5
2020-06-19,1,0,1
2020-06-19,4,1,5
2020-06-19,0,0,0
2020-06-19,344,66,410
2020-06-19,15,5,20
2020-06-19,0,0,0
2020-06-19,294,65,359
2020-06-19,59,15,74
2020-06-19,2,0,2
2020-06-19,43,38,81
2020-06-19,18,1,19
2020-06-19,0,0,0
2020-06-19,0,4,4
2020-06-19,0,0,0
2020-06-19,30,9,39
2020-06-19,0,1,1
2020-06-19,59,34,93
2020-06-19,48,2,50
2020-06-19,10,1,11
2020-06-19,80,57,137
2020-06-19,0,0,0
2020-06-19,46,4,50
2020-06-19,39,21,60
2020-06-20,0,0,0
2020-06-20,0,2,2
2020-06-20,67,30,97
2020-06-20,34,17,51
2020-06-20,1,1,2
2020-06-20,363,83,446
2020-06-20,0,0,0
2020-06-20,71,44,115
2020-06-20,0,0,0
2020-06-20,280,50,330
2020-06-20,5,0,5
2020-06-20,297,69,366
2020-06-20,15,6,21
2020-06-20,0,0,0
2020-06-20,0,0,0
2020-06-20,1453,516,1969
2020-06-20,52,5,57
2020-06-20,2,8,10
2020-06-20,103,13,116
2020-06-20,1,0,1
2020-06-20,0,0,0
2020-06-20,0,4,4
2020-06-20,0,0,0
2020-06-20,0,1,1
2020-06-20,0,0,0
2020-06-20,0,0,0
2020-06-20,0,0,0
2020-06-20,0,0,0
2020-06-20,77,44,121
2020-06-20,47,2,49
2020-06-20,9,1,10
2020-06-20,19,0,19
2020-06-20,5,0,5
2020-06-20,5,4,9
2020-06-20,0,0,0
2020-06-20,0,0,0
2020-06-20,89,0,89
2020-06-20,3,0,3
2020-06-20,0,0,0
2020-06-20,0,0,0
2020-06-20,3,0,3
2020-06-20,10,11,21
2020-06-20,67,20,87
2020-06-20,4,3,7
2020-06-20,39,14,53
2020-06-20,3,0,3
2020-06-20,47,26,73
2020-06-20,252,78,330
2020-06-20,1,0,1
2020-06-20,32,24,56
2020-06-20,41,14,55
2020-06-20,8,2,10
2020-06-20,44,0,44
2020-06-20,22,10,32
2020-06-20,0,0,0
2020-06-20,3,3,6
2020-06-21,0,1,1
2020-06-21,73,31,104
2020-06-21,76,43,119
2020-06-21,108,17,125
2020-06-21,0,0,0
2020-06-21,277,49,326
2020-06-21,95,0,95
2020-06-21,361,85,446
2020-06-21,0,0,0
2020-06-21,0,0,0
2020-06-21,81,21,102
2020-06-21,0,3,3
2020-06-21,18,9,27
2020-06-21,37,7,44
2020-06-21,3,0,3
2020-06-21,4,3,7
2020-06-21,0,1,1
2020-06-21,20,9,29
2020-06-21,5,4,9
2020-06-21,46,15,61
2020-06-21,1515,486,2001
2020-06-21,0,0,0
2020-06-21,0,0,0
2020-06-21,270,74,344
2020-06-21,0,2,2
2020-06-21,0,0,0
2020-06-21,46,8,54
2020-06-21,0,0,0
2020-06-21,5,3,8
2020-06-21,3,4,7
2020-06-21,0,0,0
2020-06-21,11,9,20
2020-06-21,4,2,6
2020-06-21,0,1,1
2020-06-21,51,37,88
2020-06-21,0,0,0
2020-06-21,40,21,61
2020-06-21,0,0,0
2020-06-21,299,106,405
2020-06-21,18,0,18
2020-06-21,9,2,11
2020-06-21,3,1,4
2020-06-21,0,0,0
2020-06-21,0,1,1
2020-06-21,35,16,51
2020-06-21,0,0,0
2020-06-21,2,1,3
2020-06-21,7,0,7
2020-06-21,9,3,12
2020-06-21,70,21,91
2020-06-21,0,1,1
2020-06-21,49,5,54
2020-06-21,1,0,1
2020-06-21,45,0,45
2020-06-21,6,0,6
2020-06-21,0,0,0
2020-06-22,115,14,129
2020-06-22,91,50,141
2020-06-22,6,3,9
2020-06-22,1,0,1
2020-06-22,3,3,6
2020-06-22,0,0,0
2020-06-22,0,0,0
2020-06-22,1,0,1
2020-06-22,20,1,21
2020-06-22,0,0,0
2020-06-22,0,0,0
2020-06-22,0,2,2
2020-06-22,0,0,0
2020-06-22,0,0,0
2020-06-22,286,60,346
2020-06-22,6,4,10
2020-06-22,4,3,7
2020-06-22,32,19,51
2020-06-22,0,0,0
2020-06-22,301,84,385
2020-06-22,6,1,7
2020-06-22,0,0,0
2020-06-22,83,39,122
2020-06-22,0,0,0
2020-06-22,5,5,10
2020-06-22,46,8,54
2020-06-22,0,0,0
2020-06-22,19,7,26
2020-06-22,0,0,0
2020-06-22,11,9,20
2020-06-22,95,0,95
2020-06-22,48,16,64
2020-06-22,53,4,57
2020-06-22,78,34,112
2020-06-22,4,0,4
2020-06-22,6,1,7
2020-06-22,0,0,0
2020-06-22,0,1,1
2020-06-22,73,19,92
2020-06-22,51,7,58
2020-06-22,0,0,0
2020-06-22,2,0,2
2020-06-22,47,0,47
2020-06-22,1556,534,2090
2020-06-22,0,0,0
2020-06-22,376,90,466
2020-06-22,7,2,9
2020-06-22,0,0,0
2020-06-22,1,0,1
2020-06-22,49,56,105
2020-06-22,11,2,13
2020-06-22,40,7,47
2020-06-22,19,4,23
2020-06-22,316,107,423
2020-06-22,0,0,0
2020-06-22,0,1,1
2020-06-23,0,0,0
2020-06-23,312,58,370
2020-06-23,54,40,94
2020-06-23,7,0,7
2020-06-23,1,0,1
2020-06-23,91,48,139
2020-06-23,0,0,0
2020-06-23,0,0,0
2020-06-23,86,42,128
2020-06-23,1,0,1
2020-06-23,50,15,65
2020-06-23,1633,626,2259
2020-06-23,51,0,51
2020-06-23,0,0,0
2020-06-23,5,2,7
2020-06-23,23,3,26
2020-06-23,12,2,14
2020-06-23,406,79,485
2020-06-23,10,3,13
2020-06-23,9,3,12
2020-06-23,0,0,0
2020-06-23,0,0,0
2020-06-23,0,0,0
2020-06-23,6,3,9
2020-06-23,0,0,0
2020-06-23,21,2,23
2020-06-23,56,5,61
2020-06-23,37,15,52
2020-06-23,57,15,72
2020-06-23,7,0,7
2020-06-23,3,2,5
2020-06-23,1,2,3
2020-06-23,1,0,1
2020-06-23,9,5,14
2020-06-23,45,8,53
2020-06-23,0,1,1
2020-06-23,53,8,61
2020-06-23,1,0,1
2020-06-23,118,15,133
2020-06-23,0,0,0
2020-06-23,22,5,27
2020-06-23,82,16,98
2020-06-23,0,1,1
2020-06-23,7,7,14
2020-06-23,93,0,93
2020-06-23,89,20,109
2020-06-23,0,0,0
2020-06-23,6,1,7
2020-06-23,0,1,1
2020-06-23,1,1,2
2020-06-23,311,130,441
2020-06-23,315,119,434
2020-06-23,0,0,0
2020-06-23,0,1,1
2020-06-23,0,0,0
2020-06-23,3,0,3
2020-06-24,1,0,1
2020-06-24,14,2,16
2020-06-24,0,0,0
2020-06-24,0,1,1
2020-06-24,0,0,0
2020-06-24,0,0,0
2020-06-24,0,0,0
2020-06-24,46,9,55
2020-06-24,14,3,17
2020-06-24,6,1,7
2020-06-24,1,0,1
2020-06-24,118,14,132
2020-06-24,89,33,122
2020-06-24,0,0,0
2020-06-24,1,2,3
2020-06-24,65,13,78
2020-06-24,0,0,0
2020-06-24,21,4,25
2020-06-24,312,125,437
2020-06-24,54,3,57
2020-06-24,0,2,2
2020-06-24,54,0,54
2020-06-24,3,0,3
2020-06-24,0,0,0
2020-06-24,0,1,1
2020-06-24,85,17,102
2020-06-24,82,0,82
2020-06-24,8,8,16
2020-06-24,93,46,139
2020-06-24,5,0,5
2020-06-24,7,1,8
2020-06-24,0,0,0
2020-06-24,56,3,59
2020-06-24,1,0,1
2020-06-24,331,101,432
2020-06-24,1,0,1
2020-06-24,61,16,77
2020-06-24,6,5,11
2020-06-24,0,0,0
2020-06-24,6,3,9
2020-06-24,3,0,3
2020-06-24,0,0,0
2020-06-24,52,34,86
2020-06-24,9,4,13
2020-06-24,89,41,130
2020-06-24,5,0,5
2020-06-24,24,5,29
2020-06-24,333,50,383
2020-06-24,1676,607,2283
2020-06-24,0,0,0
2020-06-24,437,106,543
2020-06-24,6,1,7
2020-06-24,0,0,0
2020-06-24,0,0,0
2020-06-24,26,2,28
2020-06-24,39,19,58
2020-06-25,91,49,140
2020-06-25,0,0,0
2020-06-25,0,0,0
2020-06-25,4,1,5
2020-06-25,14,2,16
2020-06-25,76,1,77
2020-06-25,55,4,59
2020-06-25,0,2,2
2020-06-25,0,0,0
2020-06-25,123,14,137
2020-06-25,60,38,98
2020-06-25,0,0,0
2020-06-25,6,7,13
2020-06-25,7,4,11
2020-06-25,9,4,13
2020-06-25,1,0,1
2020-06-25,57,0,57
2020-06-25,0,0,0
2020-06-25,368,57,425
2020-06-25,103,44,147
2020-06-25,1,0,1
2020-06-25,1,0,1
2020-06-25,1,0,1
2020-06-25,0,0,0
2020-06-25,17,7,24
2020-06-25,42,18,60
2020-06-25,6,0,6
2020-06-25,8,8,16
2020-06-25,25,4,29
2020-06-25,5,0,5
2020-06-25,1,1,2
2020-06-25,44,10,54
2020-06-25,451,95,546
2020-06-25,0,0,0
2020-06-25,101,36,137
2020-06-25,7,1,8
2020-06-25,73,24,97
2020-06-25,68,14,82
2020-06-25,6,0,6
2020-06-25,55,4,59
2020-06-25,0,0,0
2020-06-25,0,0,0
2020-06-25,6,0,6
2020-06-25,3,1,4
2020-06-25,22,5,27
2020-06-25,0,0,0
2020-06-25,0,0,0
2020-06-25,319,141,460
2020-06-25,1,0,1
2020-06-25,338,98,436
2020-06-25,1,2,3
2020-06-25,1698,539,2237
2020-06-25,13,1,14
2020-06-25,0,2,2
2020-06-25,93,21,114
2020-06-25,0,0,0
2020-06-26,339,135,474
2020-06-26,28,5,33
2020-06-26,1,5,6
2020-06-26,62,38,100
2020-06-26,0,0,0
2020-06-26,349,97,446
2020-06-26,7,1,8
2020-06-26,0,0,0
2020-06-26,0,0,0
2020-06-26,0,0,0
2020-06-26,5,1,6
2020-06-26,1,1,2
2020-06-26,17,2,19
2020-06-26,58,0,58
2020-06-26,0,1,1
2020-06-26,73,10,83
2020-06-26,15,0,15
2020-06-26,92,41,133
2020-06-26,54,14,68
2020-06-26,0,0,0
2020-06-26,6,0,6
2020-06-26,0,0,0
2020-06-26,66,16,82
2020-06-26,5,1,6
2020-06-26,0,1,1
2020-06-26,0,0,0
2020-06-26,1,0,1
2020-06-26,0,0,0
2020-06-26,362,65,427
2020-06-26,467,93,560
2020-06-26,13,8,21
2020-06-26,101,21,122
2020-06-26,0,0,0
2020-06-26,0,1,1
2020-06-26,1,0,1
2020-06-26,0,0,0
2020-06-26,42,23,65
2020-06-26,0,0,0
2020-06-26,71,3,74
2020-06-26,58,8,66
2020-06-26,8,5,13
2020-06-26,1,0,1
2020-06-26,2,3,5
2020-06-26,136,11,147
2020-06-26,107,50,157
2020-06-26,11,2,13
2020-06-26,20,1,21
2020-06-26,6,0,6
2020-06-26,8,6,14
2020-06-26,0,1,1
2020-06-26,1,0,1
2020-06-26,8,4,12
2020-06-26,1717,579,2296
2020-06-26,53,6,59
2020-06-26,6,1,7
2020-06-26,116,36,152
2020-06-27,77,18,95
2020-06-27,0,1,1
2020-06-27,8,3,11
2020-06-27,0,0,0
2020-06-27,6,0,6
2020-06-27,1,0,1
2020-06-27,1,3,4
2020-06-27,5,0,5
2020-06-27,77,17,94
2020-06-27,0,0,0
2020-06-27,353,79,432
2020-06-27,56,16,72
2020-06-27,15,0,15
2020-06-27,0,0,0
2020-06-27,126,28,154
2020-06-27,23,4,27
2020-06-27,0,0,0
2020-06-27,31,5,36
2020-06-27,65,41,106
2020-06-27,19,2,21
2020-06-27,38,25,63
2020-06-27,5,0,5
2020-06-27,60,5,65
2020-06-27,77,2,79
2020-06-27,340,145,485
2020-06-27,0,3,3
2020-06-27,11,3,14
2020-06-27,0,0,0
2020-06-27,492,103,595
2020-06-27,0,0,0
2020-06-27,0,0,0
2020-06-27,0,0,0
2020-06-27,54,1,55
2020-06-27,1,1,2
2020-06-27,12,10,22
2020-06-27,1,1,2
2020-06-27,111,53,164
2020-06-27,1,0,1
2020-06-27,5,1,6
2020-06-27,9,6,15
2020-06-27,0,1,1
2020-06-27,0,0,0
2020-06-27,7,1,8
2020-06-27,1,3,4
2020-06-27,0,0,0
2020-06-27,10,3,13
2020-06-27,12,2,14
2020-06-27,0,0,0
2020-06-27,1,1,2
2020-06-27,54,7,61
2020-06-27,1710,606,2316
2020-06-27,98,31,129
2020-06-27,142,34,176
2020-06-27,99,40,139
2020-06-27,0,0,0
2020-06-27,363,74,437
2020-06-28,0,0,0
2020-06-28,367,115,482
2020-06-28,1783,682,2465
2020-06-28,8,2,10
2020-06-28,102,39,141
2020-06-28,1,1,2
2020-06-28,53,1,54
2020-06-28,7,0,7
2020-06-28,1,3,4
2020-06-28,27,5,32
2020-06-28,485,110,595
2020-06-28,13,5,18
2020-06-28,0,0,0
2020-06-28,0,0,0
2020-06-28,15,4,19
2020-06-28,2,0,2
2020-06-28,146,9,155
2020-06-28,1,3,4
2020-06-28,3,1,4
2020-06-28,8,2,10
2020-06-28,66,32,98
2020-06-28,9,10,19
2020-06-28,7,3,10
2020-06-28,0,0,0
2020-06-28,83,22,105
2020-06-28,66,5,71
2020-06-28,9,7,16
2020-06-28,0,0,0
2020-06-28,118,48,166
2020-06-28,0,0,0
2020-06-28,59,10,69
2020-06-28,376,83,459
2020-06-28,0,0,0
2020-06-28,108,28,136
2020-06-28,11,1,12
2020-06-28,0,0,0
2020-06-28,0,0,0
2020-06-28,19,0,19
2020-06-28,0,0,0
2020-06-28,373,85,458
2020-06-28,1,1,2
2020-06-28,32,18,50
2020-06-28,0,0,0
2020-06-28,30,5,35
2020-06-28,0,0,0
2020-06-28,66,3,69
2020-06-28,1,3,4
2020-06-28,72,2,74
2020-06-28,5,0,5
2020-06-28,0,4,4
2020-06-28,87,19,106
2020-06-28,129,31,160
2020-06-28,0,1,1
2020-06-28,0,0,0
2020-06-28,1,0,1
2020-06-28,26,0,26
2020-06-29,510,114,624
2020-06-29,87,18,105
2020-06-29,0,0,0
2020-06-29,0,0,0
2020-06-29,39,5,44
2020-06-29,0,0,0
2020-06-29,1,0,1
2020-06-29,405,102,507
2020-06-29,1,1,2
2020-06-29,6,1,7
2020-06-29,74,6,80
2020-06-29,2,0,2
2020-06-29,1889,622,2511
2020-06-29,9,6,15
2020-06-29,16,2,18
2020-06-29,25,4,29
2020-06-29,98,32,130
2020-06-29,10,6,16
2020-06-29,1,0,1
2020-06-29,1,1,2
2020-06-29,62,8,70
2020-06-29,33,2,35
2020-06-29,74,37,111
2020-06-29,0,0,0
2020-06-29,3,4,7
2020-06-29,116,54,170
2020-06-29,0,0,0
2020-06-29,9,6,15
2020-06-29,70,2,72
2020-06-29,63,16,79
2020-06-29,0,0,0
2020-06-29,113,29,142
2020-06-29,3,1,4
2020-06-29,11,1,12
2020-06-29,1,0,1
2020-06-29,151,9,160
2020-06-29,33,8,41
2020-06-29,0,5,5
2020-06-29,55,1,56
2020-06-29,0,0,0
2020-06-29,0,0,0
2020-06-29,395,98,493
2020-06-29,0,0,0
2020-06-29,0,3,3
2020-06-29,8,0,8
2020-06-29,0,0,0
2020-06-29,0,0,0
2020-06-29,111,35,146
2020-06-29,0,0,0
2020-06-29,37,24,61
2020-06-29,13,9,22
2020-06-29,7,3,10
2020-06-29,0,0,0
2020-06-29,9,3,12
2020-06-29,393,85,478
2020-06-29,133,26,159
2020-06-30,64,6,70
2020-06-30,1893,645,2538
2020-06-30,0,0,0
2020-06-30,72,2,74
2020-06-30,1,2,3
2020-06-30,0,0,0
2020-06-30,0,0,0
2020-06-30,1,0,1
2020-06-30,1,2,3
2020-06-30,68,12,80
2020-06-30,3,1,4
2020-06-30,8,2,10
2020-06-30,11,4,15
2020-06-30,1,0,1
2020-06-30,9,3,12
2020-06-30,116,41,157
2020-06-30,3,2,5
2020-06-30,0,0,0
2020-06-30,0,0,0
2020-06-30,5,0,5
2020-06-30,10,2,12
2020-06-30,0,0,0
2020-06-30,419,112,531
2020-06-30,542,120,662
2020-06-30,0,0,0
2020-06-30,106,21,127
2020-06-30,0,0,0
2020-06-30,41,5,46
2020-06-30,163,12,175
2020-06-30,0,0,0
2020-06-30,41,0,41
2020-06-30,406,85,491
2020-06-30,4,3,7
2020-06-30,0,0,0
2020-06-30,36,5,41
2020-06-30,129,42,171
2020-06-30,40,7,47
2020-06-30,1,1,2
2020-06-30,13,11,24
2020-06-30,140,56,196
2020-06-30,118,52,170
2020-06-30,10,6,16
2020-06-30,73,6,79
2020-06-30,41,20,61
2020-06-30,15,1,16
2020-06-30,6,0,6
2020-06-30,1,0,1
2020-06-30,7,2,9
2020-06-30,0,0,0
2020-06-30,391,62,453
2020-06-30,4,1,5
2020-06-30,1,3,4
2020-06-30,0,0,0
2020-06-30,81,12,93
2020-06-30,76,43,119
2020-06-30,25,4,29
2020-07-01,109,27,136
2020-07-01,79,2,81
2020-07-01,15,7,22
2020-07-01,30,2,32
2020-07-01,123,47,170
2020-07-01,0,0,0
2020-07-01,431,116,547
2020-07-01,13,20,33
2020-07-01,398,64,462
2020-07-01,78,5,83
2020-07-01,50,21,71
2020-07-01,128,35,163
2020-07-01,17,9,26
2020-07-01,62,4,66
2020-07-01,10,0,10
2020-07-01,0,0,0
2020-07-01,428,88,516
2020-07-01,2,0,2
2020-07-01,3,0,3
2020-07-01,7,1,8
2020-07-01,0,0,0
2020-07-01,1,3,4
2020-07-01,164,14,178
2020-07-01,556,149,705
2020-07-01,1,1,2
2020-07-01,0,0,0
2020-07-01,0,0,0
2020-07-01,1937,643,2580
2020-07-01,121,61,182
2020-07-01,48,9,57
2020-07-01,1,0,1
2020-07-01,4,1,5
2020-07-01,125,24,149
2020-07-01,40,1,41
2020-07-01,79,38,117
2020-07-01,0,0,0
2020-07-01,0,0,0
2020-07-01,0,0,0
2020-07-01,82,18,100
2020-07-01,45,10,55
2020-07-01,71,14,85
2020-07-01,41,2,43
2020-07-01,5,1,6
2020-07-01,0,0,0
2020-07-01,0,0,0
2020-07-01,0,2,2
2020-07-01,3,0,3
2020-07-01,7,1,8
2020-07-01,13,4,17
2020-07-01,1,0,1
2020-07-01,8,6,14
2020-07-01,4,2,6
2020-07-01,0,0,0
2020-07-01,7,2,9
2020-07-01,8,1,9
2020-07-01,0,2,2
2020-07-02,66,16,82
2020-07-02,1,0,1
2020-07-02,17,22,39
2020-07-02,3,2,5
2020-07-02,0,0,0
2020-07-02,1,0,1
2020-07-02,0,0,0
2020-07-02,0,0,0
2020-07-02,4,0,4
2020-07-02,151,42,193
2020-07-02,36,1,37
2020-07-02,10,3,13
2020-07-02,128,21,149
2020-07-02,86,3,89
2020-07-02,38,1,39
2020-07-02,0,0,0
2020-07-02,17,1,18
2020-07-02,133,76,209
2020-07-02,1,0,1
2020-07-02,438,91,529
2020-07-02,64,6,70
2020-07-02,584,132,716
2020-07-02,7,1,8
2020-07-02,0,0,0
2020-07-02,5,1,6
2020-07-02,80,42,122
2020-07-02,1933,679,2612
2020-07-02,39,9,48
2020-07-02,7,2,9
2020-07-02,173,33,206
2020-07-02,465,111,576
2020-07-02,1,0,1
2020-07-02,56,20,76
2020-07-02,9,3,12
2020-07-02,8,3,11
2020-07-02,0,0,0
2020-07-02,0,0,0
2020-07-02,27,3,30
2020-07-02,3,1,4
2020-07-02,380,79,459
2020-07-02,0,0,0
2020-07-02,19,4,23
2020-07-02,6,3,9
2020-07-02,128,17,145
2020-07-02,91,16,107
2020-07-02,0,3,3
2020-07-02,1,0,1
2020-07-02,77,2,79
2020-07-02,12,3,15
2020-07-02,0,0,0
2020-07-02,0,0,0
2020-07-02,141,52,193
2020-07-02,8,7,15
2020-07-02,0,2,2
2020-07-02,0,1,1
2020-07-02,52,4,56
2020-07-03,133,21,154
2020-07-03,11,6,17
2020-07-03,7,2,9
2020-07-03,1,0,1
2020-07-03,20,6,26
2020-07-03,10,9,19
2020-07-03,83,2,85
2020-07-03,6,2,8
2020-07-03,28,3,31
2020-07-03,8,1,9
2020-07-03,71,4,75
2020-07-03,0,0,0
2020-07-03,0,0,0
2020-07-03,472,99,571
2020-07-03,8,3,11
2020-07-03,85,38,123
2020-07-03,1,0,1
2020-07-03,56,4,60
2020-07-03,7,2,9
2020-07-03,0,0,0
2020-07-03,75,3,78
2020-07-03,0,0,0
2020-07-03,1,0,1
2020-07-03,84,16,100
2020-07-03,0,0,0
2020-07-03,165,41,206
2020-07-03,1,0,1
2020-07-03,189,14,203
2020-07-03,1,0,1
2020-07-03,1,0,1
2020-07-03,3,0,3
2020-07-03,129,15,144
2020-07-03,0,0,0
2020-07-03,35,1,36
2020-07-03,38,9,47
2020-07-03,4,1,5
2020-07-03,39,1,40
2020-07-03,367,68,435
2020-07-03,0,1,1
2020-07-03,15,3,18
2020-07-03,0,0,0
2020-07-03,451,88,539
2020-07-03,9,1,10
2020-07-03,137,73,210
2020-07-03,1947,696,2643
2020-07-03,0,0,0
2020-07-03,19,26,45
2020-07-03,70,15,85
2020-07-03,0,0,0
2020-07-03,0,0,0
2020-07-03,0,0,0
2020-07-03,0,0,0
2020-07-03,594,150,744
2020-07-03,54,21,75
2020-07-03,3,1,4
2020-07-03,157,51,208
2020-07-04,1,0,1
2020-07-04,0,0,0
2020-07-04,1,0,1
2020-07-04,0,0,0
2020-07-04,23,1,24
2020-07-04,87,4,91
2020-07-04,82,22,104
2020-07-04,59,22,81
2020-07-04,0,0,0
2020-07-04,15,12,27
2020-07-04,0,1,1
2020-07-04,9,0,9
2020-07-04,0,1,1
2020-07-04,461,96,557
2020-07-04,69,7,76
2020-07-04,83,18,101
2020-07-04,1,0,1
2020-07-04,1,0,1
2020-07-04,0,0,0
2020-07-04,46,2,48
2020-07-04,146,44,190
2020-07-04,624,148,772
2020-07-04,204,16,220
2020-07-04,3,1,4
2020-07-04,0,0,0
2020-07-04,0,0,0
2020-07-04,8,0,8
2020-07-04,0,0,0
2020-07-04,147,75,222
2020-07-04,2,2,4
2020-07-04,78,2,80
2020-07-04,38,1,39
2020-07-04,485,115,600
2020-07-04,5,2,7
2020-07-04,0,0,0
2020-07-04,139,23,162
2020-07-04,0,0,0
2020-07-04,38,7,45
2020-07-04,1,0,1
2020-07-04,155,39,194
2020-07-04,1,0,1
2020-07-04,19,27,46
2020-07-04,10,5,15
2020-07-04,1921,653,2574
2020-07-04,18,8,26
2020-07-04,8,1,9
2020-07-04,10,2,12
2020-07-04,68,14,82
2020-07-04,0,0,0
2020-07-04,6,1,7
2020-07-04,46,4,50
2020-07-04,0,1,1
2020-07-04,8,4,12
2020-07-04,372,73,445
2020-07-04,29,1,30
2020-07-04,142,25,167
2020-07-05,0,2,2
2020-07-05,146,37,183
2020-07-05,7,1,8
2020-07-05,2,0,2
2020-07-05,45,8,53
2020-07-05,0,0,0
2020-07-05,0,0,0
2020-07-05,3,1,4
2020-07-05,84,26,110
2020-07-05,0,0,0
2020-07-05,45,2,47
2020-07-05,49,39,88
2020-07-05,0,0,0
2020-07-05,0,0,0
2020-07-05,22,19,41
2020-07-05,0,1,1
2020-07-05,0,0,0
2020-07-05,10,9,19
2020-07-05,67,6,73
2020-07-05,210,12,222
2020-07-05,1,0,1
2020-07-05,148,21,169
2020-07-05,1,0,1
2020-07-05,39,8,47
2020-07-05,38,2,40
2020-07-05,498,116,614
2020-07-05,484,81,565
2020-07-05,4,5,9
2020-07-05,0,1,1
2020-07-05,14,2,16
2020-07-05,6,1,7
2020-07-05,0,0,0
2020-07-05,77,26,103
2020-07-05,24,0,24
2020-07-05,0,0,0
2020-07-05,32,8,40
2020-07-05,158,30,188
2020-07-05,20,10,30
2020-07-05,1,1,2
2020-07-05,6,1,7
2020-07-05,154,59,213
2020-07-05,17,4,21
2020-07-05,634,158,792
2020-07-05,1969,676,2645
2020-07-05,374,67,441
2020-07-05,89,4,93
2020-07-05,0,0,0
2020-07-05,140,23,163
2020-07-05,78,2,80
2020-07-05,10,7,17
2020-07-05,0,0,0
2020-07-05,0,1,1
2020-07-05,0,0,0
2020-07-05,10,0,10
2020-07-05,73,11,84
2020-07-05,1,0,1
2020-07-06,3,3,6
2020-07-06,168,74,242
2020-07-06,1,0,1
2020-07-06,520,138,658
2020-07-06,68,12,80
2020-07-06,0,0,0
2020-07-06,72,8,80
2020-07-06,2004,666,2670
2020-07-06,22,11,33
2020-07-06,659,180,839
2020-07-06,26,6,32
2020-07-06,11,2,13
2020-07-06,0,0,0
2020-07-06,1,0,1
2020-07-06,0,1,1
2020-07-06,0,0,0
2020-07-06,57,27,84
2020-07-06,0,1,1
2020-07-06,88,16,104
2020-07-06,9,0,9
2020-07-06,211,12,223
2020-07-06,0,0,0
2020-07-06,26,15,41
2020-07-06,0,0,0
2020-07-06,3,3,6
2020-07-06,0,0,0
2020-07-06,20,1,21
2020-07-06,89,2,91
2020-07-06,48,7,55
2020-07-06,0,0,0
2020-07-06,142,45,187
2020-07-06,5,1,6
2020-07-06,11,2,13
2020-07-06,22,2,24
2020-07-06,148,14,162
2020-07-06,157,15,172
2020-07-06,38,5,43
2020-07-06,2,0,2
2020-07-06,35,2,37
2020-07-06,92,28,120
2020-07-06,34,5,39
2020-07-06,12,1,13
2020-07-06,0,3,3
2020-07-06,0,0,0
2020-07-06,81,5,86
2020-07-06,1,0,1
2020-07-06,160,46,206
2020-07-06,1,2,3
2020-07-06,7,0,7
2020-07-06,0,1,1
2020-07-06,0,0,0
2020-07-06,501,73,574
2020-07-06,384,72,456
2020-07-06,0,0,0
2020-07-06,1,0,1
2020-07-06,49,3,52
2020-07-07,0,0,0
2020-07-07,0,0,0
2020-07-07,2037,792,2829
2020-07-07,2,1,3
2020-07-07,1,0,1
2020-07-07,145,45,190
2020-07-07,0,0,0
2020-07-07,168,41,209
2020-07-07,164,13,177
2020-07-07,0,0,0
2020-07-07,0,0,0
2020-07-07,679,138,817
2020-07-07,1,0,1
2020-07-07,93,0,93
2020-07-07,0,0,0
2020-07-07,14,5,19
2020-07-07,0,1,1
2020-07-07,2,0,2
2020-07-07,166,49,215
2020-07-07,27,28,55
2020-07-07,155,18,173
2020-07-07,80,9,89
2020-07-07,37,2,39
2020-07-07,55,31,86
2020-07-07,72,16,88
2020-07-07,36,8,44
2020-07-07,1,1,2
2020-07-07,0,0,0
2020-07-07,0,1,1
2020-07-07,203,20,223
2020-07-07,87,29,116
2020-07-07,508,143,651
2020-07-07,1,0,1
2020-07-07,24,9,33
2020-07-07,1,2,3
2020-07-07,52,2,54
2020-07-07,0,0,0
2020-07-07,2,3,5
2020-07-07,406,73,479
2020-07-07,21,1,22
2020-07-07,36,8,44
2020-07-07,0,1,1
2020-07-07,511,68,579
2020-07-07,0,0,0
2020-07-07,8,0,8
2020-07-07,7,1,8
2020-07-07,53,7,60
2020-07-07,13,3,16
2020-07-07,1,1,2
2020-07-07,98,16,114
2020-07-07,0,0,0
2020-07-07,21,2,23
2020-07-07,20,8,28
2020-07-07,78,7,85
2020-07-07,14,1,15
2020-07-07,0,1,1
2020-07-08,0,0,0
2020-07-08,0,0,0
2020-07-08,75,11,86
2020-07-08,691,124,815
2020-07-08,0,0,0
2020-07-08,0,0,0
2020-07-08,73,15,88
2020-07-08,24,11,35
2020-07-08,0,0,0
2020-07-08,14,4,18
2020-07-08,13,1,14
2020-07-08,215,12,227
2020-07-08,33,10,43
2020-07-08,0,0,0
2020-07-08,0,1,1
2020-07-08,84,1,85
2020-07-08,28,28,56
2020-07-08,140,48,188
2020-07-08,0,0,0
2020-07-08,1,0,1
2020-07-08,3,0,3
2020-07-08,1,2,3
2020-07-08,152,25,177
2020-07-08,0,1,1
2020-07-08,11,0,11
2020-07-08,85,26,111
2020-07-08,0,0,0
2020-07-08,2,1,3
2020-07-08,13,5,18
2020-07-08,0,0,0
2020-07-08,6,1,7
2020-07-08,0,0,0
2020-07-08,170,45,215
2020-07-08,172,34,206
2020-07-08,51,9,60
2020-07-08,78,2,80
2020-07-08,19,3,22
2020-07-08,0,0,0
2020-07-08,2,0,2
2020-07-08,0,0,0
2020-07-08,505,94,599
2020-07-08,186,58,244
2020-07-08,43,1,44
2020-07-08,0,1,1
2020-07-08,107,18,125
2020-07-08,27,6,33
2020-07-08,0,1,1
2020-07-08,68,39,107
2020-07-08,1,1,2
2020-07-08,20,0,20
2020-07-08,407,76,483
2020-07-08,37,8,45
2020-07-08,515,149,664
2020-07-08,1995,822,2817
2020-07-08,8,0,8
2020-07-08,51,1,52
2020-07-09,0,0,0
2020-07-09,672,128,800
2020-07-09,77,0,77
2020-07-09,39,8,47
2020-07-09,133,52,185
2020-07-09,9,0,9
2020-07-09,0,0,0
2020-07-09,56,1,57
2020-07-09,217,10,227
2020-07-09,0,0,0
2020-07-09,16,0,16
2020-07-09,32,6,38
2020-07-09,81,22,103
2020-07-09,5,1,6
2020-07-09,522,78,600
2020-07-09,0,0,0
2020-07-09,1,0,1
2020-07-09,15,0,15
2020-07-09,23,7,30
2020-07-09,0,0,0
2020-07-09,13,3,16
2020-07-09,0,0,0
2020-07-09,112,23,135
2020-07-09,72,2,74
2020-07-09,2032,817,2849
2020-07-09,189,55,244
2020-07-09,25,5,30
2020-07-09,0,0,0
2020-07-09,76,18,94
2020-07-09,47,11,58
2020-07-09,73,9,82
2020-07-09,77,35,112
2020-07-09,27,21,48
2020-07-09,0,0,0
2020-07-09,0,1,1
2020-07-09,46,1,47
2020-07-09,167,61,228
2020-07-09,179,50,229
2020-07-09,0,0,0
2020-07-09,22,11,33
2020-07-09,0,0,0
2020-07-09,0,1,1
2020-07-09,404,85,489
2020-07-09,0,1,1
2020-07-09,16,1,17
2020-07-09,0,0,0
2020-07-09,0,0,0
2020-07-09,0,0,0
2020-07-09,0,0,0
2020-07-09,10,5,15
2020-07-09,150,31,181
2020-07-09,3,0,3
2020-07-09,1,1,2
2020-07-09,3,0,3
2020-07-09,1,2,3
2020-07-09,528,162,690
2020-07-10,57,1,58
2020-07-10,13,4,17
2020-07-10,0,0,0
2020-07-10,74,0,74
2020-07-10,20,0,20
2020-07-10,0,0,0
2020-07-10,0,0,0
2020-07-10,2,1,3
2020-07-10,1,1,2
2020-07-10,0,0,0
2020-07-10,186,49,235
2020-07-10,0,0,0
2020-07-10,30,8,38
2020-07-10,4,0,4
2020-07-10,2,0,2
2020-07-10,79,26,105
2020-07-10,12,5,17
2020-07-10,0,0,0
2020-07-10,671,114,785
2020-07-10,157,19,176
2020-07-10,2093,684,2777
2020-07-10,2,0,2
2020-07-10,0,0,0
2020-07-10,30,6,36
2020-07-10,0,0,0
2020-07-10,31,18,49
2020-07-10,7,0,7
2020-07-10,72,9,81
2020-07-10,0,0,0
2020-07-10,117,25,142
2020-07-10,29,12,41
2020-07-10,172,59,231
2020-07-10,0,1,1
2020-07-10,69,2,71
2020-07-10,16,0,16
2020-07-10,28,8,36
2020-07-10,83,24,107
2020-07-10,532,149,681
2020-07-10,12,3,15
2020-07-10,0,0,0
2020-07-10,234,16,250
2020-07-10,0,0,0
2020-07-10,0,0,0
2020-07-10,1,1,2
2020-07-10,48,14,62
2020-07-10,41,5,46
2020-07-10,194,50,244
2020-07-10,5,1,6
2020-07-10,411,79,490
2020-07-10,558,84,642
2020-07-10,1,1,2
2020-07-10,2,0,2
2020-07-10,76,21,97
2020-07-10,48,0,48
2020-07-10,0,1,1
2020-07-10,137,46,183
2020-07-11,0,0,0
2020-07-11,675,111,786
2020-07-11,3,0,3
2020-07-11,3,1,4
2020-07-11,1,0,1
2020-07-11,65,0,65
2020-07-11,0,0,0
2020-07-11,511,136,647
2020-07-11,188,44,232
2020-07-11,172,46,218
2020-07-11,83,17,100
2020-07-11,3,2,5
2020-07-11,0,0,0
2020-07-11,0,0,0
2020-07-11,27,7,34
2020-07-11,0,0,0
2020-07-11,0,0,0
2020-07-11,25,11,36
2020-07-11,76,5,81
2020-07-11,76,0,76
2020-07-11,0,2,2
2020-07-11,11,0,11
2020-07-11,8,0,8
2020-07-11,2,0,2
2020-07-11,0,0,0
2020-07-11,79,18,97
2020-07-11,74,3,77
2020-07-11,385,81,466
2020-07-11,2,0,2
2020-07-11,0,3,3
2020-07-11,9,2,11
2020-07-11,2056,713,2769
2020-07-11,0,0,0
2020-07-11,1,0,1
2020-07-11,42,0,42
2020-07-11,249,24,273
2020-07-11,2,0,2
2020-07-11,21,0,21
2020-07-11,0,0,0
2020-07-11,50,9,59
2020-07-11,1,0,1
2020-07-11,0,1,1
2020-07-11,35,26,61
2020-07-11,121,20,141
2020-07-11,564,88,652
2020-07-11,15,1,16
2020-07-11,0,0,0
2020-07-11,25,8,33
2020-07-11,197,42,239
2020-07-11,13,4,17
2020-07-11,41,11,52
2020-07-11,31,4,35
2020-07-11,79,24,103
2020-07-11,144,44,188
2020-07-11,0,1,1
2020-07-11,157,23,180
2020-07-12,0,0,0
2020-07-12,513,122,635
2020-07-12,76,8,84
2020-07-12,43,8,51
2020-07-12,11,0,11
2020-07-12,79,26,105
2020-07-12,188,42,230
2020-07-12,0,0,0
2020-07-12,203,38,241
2020-07-12,16,1,17
2020-07-12,202,35,237
2020-07-12,674,84,758
2020-07-12,0,0,0
2020-07-12,43,0,43
2020-07-12,0,0,0
2020-07-12,25,9,34
2020-07-12,238,17,255
2020-07-12,3,0,3
2020-07-12,0,0,0
2020-07-12,587,82,669
2020-07-12,92,17,109
2020-07-12,0,0,0
2020-07-12,73,0,73
2020-07-12,150,37,187
2020-07-12,9,4,13
2020-07-12,0,0,0
2020-07-12,0,2,2
2020-07-12,8,0,8
2020-07-12,1,0,1
2020-07-12,34,4,38
2020-07-12,3,1,4
2020-07-12,0,4,4
2020-07-12,51,14,65
2020-07-12,0,2,2
2020-07-12,29,1,30
2020-07-12,0,0,0
2020-07-12,64,0,64
2020-07-12,2,0,2
2020-07-12,27,8,35
2020-07-12,86,3,89
2020-07-12,2,0,2
2020-07-12,2103,670,2773
2020-07-12,0,0,0
2020-07-12,2,0,2
2020-07-12,38,25,63
2020-07-12,0,1,1
2020-07-12,1,1,2
2020-07-12,2,0,2
2020-07-12,129,20,149
2020-07-12,0,2,2
2020-07-12,389,78,467
2020-07-12,80,14,94
2020-07-12,175,25,200
2020-07-12,12,5,17
2020-07-12,19,0,19
2020-07-12,3,0,3
2020-07-13,212,40,252
2020-07-13,712,83,795
2020-07-13,240,13,253
2020-07-13,2193,612,2805
2020-07-13,0,0,0
2020-07-13,89,20,109
2020-07-13,81,7,88
2020-07-13,1,0,1
2020-07-13,12,0,12
2020-07-13,48,7,55
2020-07-13,0,1,1
2020-07-13,0,0,0
2020-07-13,182,58,240
2020-07-13,0,0,0
2020-07-13,0,0,0
2020-07-13,0,3,3
2020-07-13,0,0,0
2020-07-13,40,27,67
2020-07-13,176,25,201
2020-07-13,2,1,3
2020-07-13,9,2,11
2020-07-13,62,0,62
2020-07-13,139,27,166
2020-07-13,29,0,29
2020-07-13,31,7,38
2020-07-13,538,124,662
2020-07-13,0,0,0
2020-07-13,152,48,200
2020-07-13,0,0,0
2020-07-13,10,4,14
2020-07-13,0,1,1
2020-07-13,2,0,2
2020-07-13,56,26,82
2020-07-13,99,25,124
2020-07-13,16,4,20
2020-07-13,0,1,1
2020-07-13,3,1,4
2020-07-13,0,1,1
2020-07-13,383,75,458
2020-07-13,89,3,92
2020-07-13,616,64,680
2020-07-13,19,0,19
2020-07-13,205,42,247
2020-07-13,49,2,51
2020-07-13,0,0,0
2020-07-13,2,0,2
2020-07-13,2,0,2
2020-07-13,33,1,34
2020-07-13,81,0,81
2020-07-13,1,0,1
2020-07-13,27,11,38
2020-07-13,1,0,1
2020-07-13,4,2,6
2020-07-13,15,2,17
2020-07-13,0,4,4
2020-07-13,84,26,110
2020-07-14,0,1,1
2020-07-14,722,87,809
2020-07-14,197,39,236
2020-07-14,4,1,5
2020-07-14,68,1,69
2020-07-14,0,0,0
2020-07-14,0,1,1
2020-07-14,81,10,91
2020-07-14,245,9,254
2020-07-14,4,0,4
2020-07-14,550,166,716
2020-07-14,394,88,482
2020-07-14,49,1,50
2020-07-14,32,2,34
2020-07-14,3,0,3
2020-07-14,14,8,22
2020-07-14,0,4,4
2020-07-14,1,2,3
2020-07-14,169,26,195
2020-07-14,1,0,1
2020-07-14,35,2,37
2020-07-14,0,1,1
2020-07-14,143,26,169
2020-07-14,0,0,0
2020-07-14,14,6,20
2020-07-14,2173,726,2899
2020-07-14,20,0,20
2020-07-14,84,28,112
2020-07-14,192,46,238
2020-07-14,158,46,204
2020-07-14,0,0,0
2020-07-14,101,19,120
2020-07-14,90,15,105
2020-07-14,45,27,72
2020-07-14,0,0,0
2020-07-14,59,18,77
2020-07-14,2,0,2
2020-07-14,2,0,2
2020-07-14,0,0,0
2020-07-14,8,0,8
2020-07-14,0,0,0
2020-07-14,2,0,2
2020-07-14,1,1,2
2020-07-14,7,3,10
2020-07-14,17,1,18
2020-07-14,603,73,676
2020-07-14,30,11,41
2020-07-14,83,2,85
2020-07-14,46,6,52
2020-07-14,0,0,0
2020-07-14,86,3,89
2020-07-14,30,10,40
2020-07-14,0,0,0
2020-07-14,219,51,270
2020-07-14,2,0,2
2020-07-14,0,0,0
2020-07-15,2,1,3
2020-07-15,2,2,4
2020-07-15,81,36,117
2020-07-15,0,3,3
2020-07-15,0,0,0
2020-07-15,4,1,5
2020-07-15,0,0,0
2020-07-15,0,0,0
2020-07-15,1,0,1
2020-07-15,0,1,1
2020-07-15,401,99,500
2020-07-15,9,0,9
2020-07-15,0,0,0
2020-07-15,229,45,274
2020-07-15,105,46,151
2020-07-15,89,1,90
2020-07-15,2122,729,2851
2020-07-15,33,10,43
2020-07-15,3,0,3
2020-07-15,0,0,0
2020-07-15,19,1,20
2020-07-15,1,0,1
2020-07-15,72,2,74
2020-07-15,51,1,52
2020-07-15,28,4,32
2020-07-15,236,14,250
2020-07-15,2,0,2
2020-07-15,46,4,50
2020-07-15,14,7,21
2020-07-15,45,24,69
2020-07-15,0,0,0
2020-07-15,589,67,656
2020-07-15,2,0,2
2020-07-15,1,1,2
2020-07-15,146,37,183
2020-07-15,159,43,202
2020-07-15,184,20,204
2020-07-15,0,0,0
2020-07-15,95,13,108
2020-07-15,0,0,0
2020-07-15,0,1,1
2020-07-15,1,0,1
2020-07-15,193,42,235
2020-07-15,3,4,7
2020-07-15,0,3,3
2020-07-15,56,21,77
2020-07-15,29,1,30
2020-07-15,531,151,682
2020-07-15,88,4,92
2020-07-15,711,102,813
2020-07-15,77,9,86
2020-07-15,17,2,19
2020-07-15,9,2,11
2020-07-15,12,1,13
2020-07-15,33,3,36
2020-07-15,246,28,274
2020-07-16,8,0,8
2020-07-16,3,0,3
2020-07-16,1,0,1
2020-07-16,51,5,56
2020-07-16,74,10,84
2020-07-16,17,2,19
2020-07-16,86,34,120
2020-07-16,11,1,12
2020-07-16,51,30,81
2020-07-16,1,0,1
2020-07-16,2,1,3
2020-07-16,19,5,24
2020-07-16,0,0,0
2020-07-16,242,39,281
2020-07-16,90,17,107
2020-07-16,682,119,801
2020-07-16,2,1,3
2020-07-16,0,0,0
2020-07-16,1,1,2
2020-07-16,26,3,29
2020-07-16,185,33,218
2020-07-16,78,2,80
2020-07-16,14,0,14
2020-07-16,2,2,4
2020-07-16,0,1,1
2020-07-16,245,28,273
2020-07-16,200,53,253
2020-07-16,193,40,233
2020-07-16,0,0,0
2020-07-16,104,31,135
2020-07-16,10,2,12
2020-07-16,5,0,5
2020-07-16,2,3,5
2020-07-16,0,0,0
2020-07-16,0,0,0
2020-07-16,535,140,675
2020-07-16,3,0,3
2020-07-16,18,1,19
2020-07-16,0,1,1
2020-07-16,0,0,0
2020-07-16,0,0,0
2020-07-16,86,7,93
2020-07-16,94,1,95
2020-07-16,0,0,0
2020-07-16,0,1,1
2020-07-16,32,14,46
2020-07-16,147,36,183
2020-07-16,54,0,54
2020-07-16,2188,719,2907
2020-07-16,61,19,80
2020-07-16,164,47,211
2020-07-16,0,0,0
2020-07-16,1,3,4
2020-07-16,388,110,498
2020-07-16,32,4,36
2020-07-16,600,76,676
2020-07-17,33,0,33
2020-07-17,625,55,680
2020-07-17,89,16,105
2020-07-17,192,40,232
2020-07-17,17,0,17
2020-07-17,0,0,0
2020-07-17,0,0,0
2020-07-17,240,44,284
2020-07-17,4,1,5
2020-07-17,208,59,267
2020-07-17,3,3,6
2020-07-17,52,5,57
2020-07-17,73,10,83
2020-07-17,0,0,0
2020-07-17,515,179,694
2020-07-17,252,30,282
2020-07-17,16,1,17
2020-07-17,74,14,88
2020-07-17,9,1,10
2020-07-17,1,0,1
2020-07-17,19,2,21
2020-07-17,38,21,59
2020-07-17,89,27,116
2020-07-17,0,0,0
2020-07-17,0,0,0
2020-07-17,4,1,5
2020-07-17,196,26,222
2020-07-17,2,0,2
2020-07-17,153,31,184
2020-07-17,97,2,99
2020-07-17,2216,660,2876
2020-07-17,0,0,0
2020-07-17,157,49,206
2020-07-17,13,7,20
2020-07-17,29,4,33
2020-07-17,79,2,81
2020-07-17,5,0,5
2020-07-17,0,0,0
2020-07-17,1,2,3
2020-07-17,45,1,46
2020-07-17,48,28,76
2020-07-17,33,7,40
2020-07-17,0,1,1
2020-07-17,692,92,784
2020-07-17,0,1,1
2020-07-17,2,2,4
2020-07-17,1,1,2
2020-07-17,95,43,138
2020-07-17,402,107,509
2020-07-17,2,0,2
2020-07-17,0,1,1
2020-07-17,11,10,21
2020-07-17,60,20,80
2020-07-17,1,1,2
2020-07-17,0,0,0
2020-07-17,1,1,2
2020-07-18,82,9,91
2020-07-18,0,0,0
2020-07-18,0,1,1
2020-07-18,3,0,3
2020-07-18,92,31,123
2020-07-18,0,0,0
2020-07-18,205,32,237
2020-07-18,665,64,729
2020-07-18,26,10,36
2020-07-18,4,1,5
2020-07-18,9,1,10
2020-07-18,48,22,70
2020-07-18,2,0,2
2020-07-18,1,2,3
2020-07-18,205,52,257
2020-07-18,37,13,50
2020-07-18,261,36,297
2020-07-18,2232,608,2840
2020-07-18,11,9,20
2020-07-18,82,30,112
2020-07-18,67,17,84
2020-07-18,80,6,86
2020-07-18,0,1,1
2020-07-18,1,1,2
2020-07-18,0,0,0
2020-07-18,18,0,18
2020-07-18,4,0,4
2020-07-18,253,24,277
2020-07-18,1,1,2
2020-07-18,92,1,93
2020-07-18,163,63,226
2020-07-18,8,4,12
2020-07-18,611,88,699
2020-07-18,91,16,107
2020-07-18,1,1,2
2020-07-18,149,45,194
2020-07-18,195,28,223
2020-07-18,0,1,1
2020-07-18,31,2,33
2020-07-18,0,0,0
2020-07-18,0,0,0
2020-07-18,18,1,19
2020-07-18,0,0,0
2020-07-18,0,0,0
2020-07-18,0,0,0
2020-07-18,13,1,14
2020-07-18,35,0,35
2020-07-18,51,6,57
2020-07-18,1,2,3
2020-07-18,3,0,3
2020-07-18,1,5,6
2020-07-18,23,0,23
2020-07-18,396,91,487
2020-07-18,507,170,677
2020-07-18,43,1,44
2020-07-18,78,2,80
2020-07-19,13,0,13
2020-07-19,47,17,64
2020-07-19,91,27,118
2020-07-19,0,0,0
2020-07-19,22,1,23
2020-07-19,1,1,2
2020-07-19,0,0,0
2020-07-19,0,1,1
2020-07-19,12,10,22
2020-07-19,0,1,1
2020-07-19,2218,616,2834
2020-07-19,209,39,248
2020-07-19,0,1,1
2020-07-19,6,0,6
2020-07-19,4,1,5
2020-07-19,68,12,80
2020-07-19,3,1,4
2020-07-19,0,0,0
2020-07-19,507,161,668
2020-07-19,248,22,270
2020-07-19,78,2,80
2020-07-19,35,1,36
2020-07-19,0,2,2
2020-07-19,613,61,674
2020-07-19,666,81,747
2020-07-19,32,3,35
2020-07-19,4,0,4
2020-07-19,96,13,109
2020-07-19,210,38,248
2020-07-19,95,1,96
2020-07-19,43,2,45
2020-07-19,159,69,228
2020-07-19,2,0,2
2020-07-19,3,0,3
2020-07-19,2,1,3
2020-07-19,390,92,482
2020-07-19,9,2,11
2020-07-19,88,33,121
2020-07-19,30,18,48
2020-07-19,51,8,59
2020-07-19,18,0,18
2020-07-19,1,1,2
2020-07-19,204,37,241
2020-07-19,82,6,88
2020-07-19,1,1,2
2020-07-19,2,0,2
2020-07-19,0,0,0
2020-07-19,0,0,0
2020-07-19,0,0,0
2020-07-19,0,0,0
2020-07-19,84,8,92
2020-07-19,1,2,3
2020-07-19,157,47,204
2020-07-19,269,38,307
2020-07-19,11,6,17
2020-07-19,36,14,50
2020-07-20,41,15,56
2020-07-20,402,97,499
2020-07-20,2,0,2
2020-07-20,0,2,2
2020-07-20,8,2,10
2020-07-20,12,0,12
2020-07-20,44,3,47
2020-07-20,0,0,0
2020-07-20,700,73,773
2020-07-20,4,0,4
2020-07-20,0,0,0
2020-07-20,212,33,245
2020-07-20,0,0,0
2020-07-20,1,0,1
2020-07-20,3,0,3
2020-07-20,0,1,1
2020-07-20,0,0,0
2020-07-20,2,0,2
2020-07-20,71,11,82
2020-07-20,12,8,20
2020-07-20,2207,670,2877
2020-07-20,24,2,26
2020-07-20,52,6,58
2020-07-20,75,2,77
2020-07-20,2,0,2
2020-07-20,210,51,261
2020-07-20,87,9,96
2020-07-20,16,0,16
2020-07-20,0,0,0
2020-07-20,32,11,43
2020-07-20,0,1,1
2020-07-20,41,3,44
2020-07-20,93,31,124
2020-07-20,0,0,0
2020-07-20,168,41,209
2020-07-20,607,69,676
2020-07-20,220,50,270
2020-07-20,2,2,4
2020-07-20,11,4,15
2020-07-20,1,1,2
2020-07-20,0,1,1
2020-07-20,29,4,33
2020-07-20,52,21,73
2020-07-20,95,10,105
2020-07-20,283,53,336
2020-07-20,92,34,126
2020-07-20,8,2,10
2020-07-20,171,59,230
2020-07-20,0,0,0
2020-07-20,536,171,707
2020-07-20,4,0,4
2020-07-20,0,0,0
2020-07-20,95,2,97
2020-07-20,2,1,3
2020-07-20,277,23,300
2020-07-20,85,11,96
2020-07-21,0,0,0
2020-07-21,3,0,3
2020-07-21,22,2,24
2020-07-21,72,8,80
2020-07-21,96,25,121
2020-07-21,213,56,269
2020-07-21,101,40,141
2020-07-21,0,0,0
2020-07-21,2,2,4
2020-07-21,216,44,260
2020-07-21,0,0,0
2020-07-21,528,160,688
2020-07-21,0,3,3
2020-07-21,0,3,3
2020-07-21,221,45,266
2020-07-21,45,3,48
2020-07-21,0,0,0
2020-07-21,0,0,0
2020-07-21,606,118,724
2020-07-21,93,11,104
2020-07-21,0,0,0
2020-07-21,280,26,306
2020-07-21,11,6,17
2020-07-21,45,13,58
2020-07-21,0,0,0
2020-07-21,4,0,4
2020-07-21,10,8,18
2020-07-21,176,63,239
2020-07-21,0,2,2
2020-07-21,0,1,1
2020-07-21,3,1,4
2020-07-21,98,37,135
2020-07-21,6,2,8
2020-07-21,2,1,3
2020-07-21,10,0,10
2020-07-21,80,1,81
2020-07-21,86,8,94
2020-07-21,53,33,86
2020-07-21,170,46,216
2020-07-21,0,0,0
2020-07-21,40,18,58
2020-07-21,19,14,33
2020-07-21,1,0,1
2020-07-21,296,56,352
2020-07-21,50,1,51
2020-07-21,0,0,0
2020-07-21,89,1,90
2020-07-21,1,2,3
2020-07-21,3,0,3
2020-07-21,51,5,56
2020-07-21,31,6,37
2020-07-21,27,1,28
2020-07-21,699,74,773
2020-07-21,2210,620,2830
2020-07-21,401,84,485
2020-07-21,0,0,0
2020-07-22,257,16,273
2020-07-22,2,1,3
2020-07-22,1928,542,2470
2020-07-22,53,35,88
2020-07-22,11,4,15
2020-07-22,85,7,92
2020-07-22,1,0,1
2020-07-22,70,13,83
2020-07-22,0,0,0
2020-07-22,41,2,43
2020-07-22,93,46,139
2020-07-22,2,0,2
2020-07-22,0,1,1
2020-07-22,0,0,0
2020-07-22,0,0,0
2020-07-22,0,0,0
2020-07-22,0,0,0
2020-07-22,166,75,241
2020-07-22,48,22,70
2020-07-22,105,6,111
2020-07-22,1,0,1
2020-07-22,2,1,3
2020-07-22,32,3,35
2020-07-22,38,11,49
2020-07-22,5,1,6
2020-07-22,232,52,284
2020-07-22,5,0,5
2020-07-22,0,0,0
2020-07-22,586,102,688
2020-07-22,0,0,0
2020-07-22,221,46,267
2020-07-22,0,0,0
2020-07-22,106,41,147
2020-07-22,180,37,217
2020-07-22,78,0,78
2020-07-22,351,82,433
2020-07-22,2,0,2
2020-07-22,22,3,25
2020-07-22,13,1,14
2020-07-22,236,57,293
2020-07-22,295,57,352
2020-07-22,534,139,673
2020-07-22,4,0,4
2020-07-22,12,5,17
2020-07-22,0,2,2
2020-07-22,57,10,67
2020-07-22,2,1,3
2020-07-22,26,1,27
2020-07-22,0,0,0
2020-07-22,77,1,78
2020-07-22,7,7,14
2020-07-22,53,4,57
2020-07-22,690,61,751
2020-07-22,96,17,113
2020-07-22,0,0,0
2020-07-22,0,0,0
2020-07-23,0,0,0
2020-07-23,201,82,283
2020-07-23,0,1,1
2020-07-23,523,138,661
2020-07-23,297,79,376
2020-07-23,0,1,1
2020-07-23,9,7,16
2020-07-23,108,45,153
2020-07-23,17,20,37
2020-07-23,232,55,287
2020-07-23,41,24,65
2020-07-23,78,6,84
2020-07-23,0,0,0
2020-07-23,1,2,3
2020-07-23,239,70,309
2020-07-23,97,17,114
2020-07-23,13,3,16
2020-07-23,3,0,3
2020-07-23,0,2,2
2020-07-23,215,32,247
2020-07-23,0,1,1
2020-07-23,50,7,57
2020-07-23,4,0,4
2020-07-23,29,2,31
2020-07-23,52,12,64
2020-07-23,97,39,136
2020-07-23,110,5,115
2020-07-23,0,2,2
2020-07-23,0,0,0
2020-07-23,0,0,0
2020-07-23,74,1,75
2020-07-23,2,2,4
2020-07-23,57,30,87
2020-07-23,600,104,704
2020-07-23,2,0,2
2020-07-23,0,0,0
2020-07-23,356,86,442
2020-07-23,31,0,31
2020-07-23,1,0,1
2020-07-23,5,1,6
2020-07-23,0,0,0
2020-07-23,0,0,0
2020-07-23,24,2,26
2020-07-23,80,0,80
2020-07-23,15,1,16
2020-07-23,68,12,80
2020-07-23,0,0,0
2020-07-23,269,24,293
2020-07-23,0,0,0
2020-07-23,57,20,77
2020-07-23,3,0,3
2020-07-23,183,40,223
2020-07-23,652,59,711
2020-07-23,41,1,42
2020-07-23,2016,582,2598
2020-07-23,0,2,2
2020-07-24,347,73,420
2020-07-24,1,1,2
2020-07-24,40,16,56
2020-07-24,73,1,74
2020-07-24,0,0,0
2020-07-24,206,39,245
2020-07-24,0,0,0
2020-07-24,77,0,77
2020-07-24,4,1,5
2020-07-24,95,15,110
2020-07-24,0,6,6
2020-07-24,0,1,1
2020-07-24,233,47,280
2020-07-24,0,0,0
2020-07-24,2033,595,2628
2020-07-24,489,109,598
2020-07-24,0,2,2
2020-07-24,11,1,12
2020-07-24,24,1,25
2020-07-24,62,13,75
2020-07-24,0,0,0
2020-07-24,11,1,12
2020-07-24,607,108,715
2020-07-24,0,0,0
2020-07-24,2,0,2
2020-07-24,21,4,25
2020-07-24,80,5,85
2020-07-24,49,2,51
2020-07-24,95,44,139
2020-07-24,18,21,39
2020-07-24,52,16,68
2020-07-24,311,65,376
2020-07-24,0,0,0
2020-07-24,0,0,0
2020-07-24,52,29,81
2020-07-24,28,1,29
2020-07-24,47,2,49
2020-07-24,1,1,2
2020-07-24,5,0,5
2020-07-24,188,65,253
2020-07-24,685,91,776
2020-07-24,0,0,0
2020-07-24,1,0,1
2020-07-24,58,8,66
2020-07-24,221,39,260
2020-07-24,6,0,6
2020-07-24,12,3,15
2020-07-24,0,0,0
2020-07-24,180,46,226
2020-07-24,6,0,6
2020-07-24,97,50,147
2020-07-24,1,2,3
2020-07-24,0,0,0
2020-07-24,1,0,1
2020-07-24,111,4,115
2020-07-24,254,26,280
2020-07-25,72,10,82
2020-07-25,0,1,1
2020-07-25,1,0,1
2020-07-25,21,3,24
2020-07-25,0,0,0
2020-07-25,180,67,247
2020-07-25,5,0,5
2020-07-25,298,59,357
2020-07-25,2,0,2
2020-07-25,687,67,754
2020-07-25,239,46,285
2020-07-25,2017,535,2552
2020-07-25,17,22,39
2020-07-25,205,43,248
2020-07-25,90,33,123
2020-07-25,6,0,6
2020-07-25,77,1,78
2020-07-25,483,127,610
2020-07-25,0,2,2
2020-07-25,248,29,277
2020-07-25,60,32,92
2020-07-25,111,3,114
2020-07-25,84,1,85
2020-07-25,0,2,2
2020-07-25,0,0,0
2020-07-25,7,0,7
2020-07-25,16,2,18
2020-07-25,22,1,23
2020-07-25,224,25,249
2020-07-25,1,0,1
2020-07-25,53,0,53
2020-07-25,12,0,12
2020-07-25,0,0,0
2020-07-25,93,25,118
2020-07-25,99,34,133
2020-07-25,0,0,0
2020-07-25,0,1,1
2020-07-25,0,0,0
2020-07-25,1,0,1
2020-07-25,43,4,47
2020-07-25,26,2,28
2020-07-25,0,0,0
2020-07-25,0,0,0
2020-07-25,45,14,59
2020-07-25,638,100,738
2020-07-25,79,3,82
2020-07-25,2,0,2
2020-07-25,55,9,64
2020-07-25,0,0,0
2020-07-25,0,0,0
2020-07-25,176,56,232
2020-07-25,14,3,17
2020-07-25,1,0,1
2020-07-25,48,18,66
2020-07-25,354,88,442
2020-07-25,0,0,0
2020-07-26,2,0,2
2020-07-26,0,0,0
2020-07-26,0,3,3
2020-07-26,39,3,42
2020-07-26,57,29,86
2020-07-26,0,0,0
2020-07-26,52,12,64
2020-07-26,1,2,3
2020-07-26,0,0,0
2020-07-26,1,0,1
2020-07-26,61,3,64
2020-07-26,488,142,630
2020-07-26,85,29,114
2020-07-26,369,89,458
2020-07-26,46,15,61
2020-07-26,102,0,102
2020-07-26,1,0,1
2020-07-26,260,21,281
2020-07-26,48,16,64
2020-07-26,21,2,23
2020-07-26,7,0,7
2020-07-26,0,0,0
2020-07-26,14,19,33
2020-07-26,171,46,217
2020-07-26,2,0,2
2020-07-26,2,1,3
2020-07-26,103,27,130
2020-07-26,0,0,0
2020-07-26,99,18,117
2020-07-26,302,62,364
2020-07-26,2,0,2
2020-07-26,188,69,257
2020-07-26,7,1,8
2020-07-26,25,3,28
2020-07-26,246,47,293
2020-07-26,2051,570,2621
2020-07-26,0,3,3
2020-07-26,85,1,86
2020-07-26,6,0,6
2020-07-26,0,0,0
2020-07-26,13,2,15
2020-07-26,609,104,713
2020-07-26,0,1,1
2020-07-26,0,0,0
2020-07-26,75,2,77
2020-07-26,227,36,263
2020-07-26,209,39,248
2020-07-26,13,0,13
2020-07-26,0,0,0
2020-07-26,13,4,17
2020-07-26,80,5,85
2020-07-26,22,1,23
2020-07-26,70,9,79
2020-07-26,661,46,707
2020-07-26,0,2,2
2020-07-26,0,0,0
2020-07-27,595,93,688
2020-07-27,0,0,0
2020-07-27,0,0,0
2020-07-27,198,51,249
2020-07-27,487,122,609
2020-07-27,25,1,26
2020-07-27,1,0,1
2020-07-27,1,0,1
2020-07-27,57,40,97
2020-07-27,3,0,3
2020-07-27,0,0,0
2020-07-27,253,50,303
2020-07-27,0,0,0
2020-07-27,22,3,25
2020-07-27,175,48,223
2020-07-27,85,1,86
2020-07-27,0,0,0
2020-07-27,6,0,6
2020-07-27,233,27,260
2020-07-27,13,2,15
2020-07-27,71,15,86
2020-07-27,1,0,1
2020-07-27,1,1,2
2020-07-27,13,0,13
2020-07-27,0,0,0
2020-07-27,204,46,250
2020-07-27,101,17,118
2020-07-27,64,0,64
2020-07-27,0,0,0
2020-07-27,0,0,0
2020-07-27,24,3,27
2020-07-27,297,48,345
2020-07-27,640,45,685
2020-07-27,14,19,33
2020-07-27,39,0,39
2020-07-27,2,0,2
2020-07-27,42,17,59
2020-07-27,11,2,13
2020-07-27,255,20,275
2020-07-27,8,0,8
2020-07-27,46,19,65
2020-07-27,105,31,136
2020-07-27,1,1,2
2020-07-27,343,89,432
2020-07-27,6,2,8
2020-07-27,0,1,1
2020-07-27,86,29,115
2020-07-27,104,3,107
2020-07-27,55,5,60
2020-07-27,0,2,2
2020-07-27,2045,554,2599
2020-07-27,3,0,3
2020-07-27,81,1,82
2020-07-27,79,8,87
2020-07-27,1,2,3
2020-07-27,0,3,3
2020-07-28,0,0,0
2020-07-28,608,102,710
2020-07-28,392,110,502
2020-07-28,7,0,7
2020-07-28,12,0,12
2020-07-28,0,1,1
2020-07-28,265,49,314
2020-07-28,0,0,0
2020-07-28,52,1,53
2020-07-28,20,0,20
2020-07-28,265,14,279
2020-07-28,10,0,10
2020-07-28,13,4,17
2020-07-28,49,4,53
2020-07-28,5,1,6
2020-07-28,48,12,60
2020-07-28,0,1,1
2020-07-28,75,0,75
2020-07-28,0,0,0
2020-07-28,284,49,333
2020-07-28,1,0,1
2020-07-28,11,2,13
2020-07-28,107,16,123
2020-07-28,1,0,1
2020-07-28,0,2,2
2020-07-28,1,0,1
2020-07-28,626,81,707
2020-07-28,1,0,1
2020-07-28,87,45,132
2020-07-28,490,142,632
2020-07-28,1,0,1
2020-07-28,1,0,1
2020-07-28,181,43,224
2020-07-28,0,0,0
2020-07-28,23,0,23
2020-07-28,26,2,28
2020-07-28,0,0,0
2020-07-28,10,9,19
2020-07-28,77,0,77
2020-07-28,0,0,0
2020-07-28,2022,575,2597
2020-07-28,89,7,96
2020-07-28,59,32,91
2020-07-28,0,5,5
2020-07-28,1,1,2
2020-07-28,60,11,71
2020-07-28,105,7,112
2020-07-28,231,40,271
2020-07-28,213,43,256
2020-07-28,0,0,0
2020-07-28,108,39,147
2020-07-28,3,1,4
2020-07-28,64,10,74
2020-07-28,0,0,0
2020-07-28,192,38,230
2020-07-28,43,1,44
2020-07-29,85,7,92
2020-07-29,5,1,6
2020-07-29,475,104,579
2020-07-29,110,35,145
2020-07-29,0,0,0
2020-07-29,18,3,21
2020-07-29,0,0,0
2020-07-29,3,1,4
2020-07-29,56,15,71
2020-07-29,292,36,328
2020-07-29,0,2,2
2020-07-29,366,82,448
2020-07-29,10,0,10
2020-07-29,59,28,87
2020-07-29,23,0,23
2020-07-29,109,14,123
2020-07-29,71,0,71
2020-07-29,0,0,0
2020-07-29,1,0,1
2020-07-29,49,1,50
2020-07-29,0,0,0
2020-07-29,0,1,1
2020-07-29,3,0,3
2020-07-29,1,0,1
2020-07-29,0,3,3
2020-07-29,0,0,0
2020-07-29,0,0,0
2020-07-29,67,0,67
2020-07-29,198,50,248
2020-07-29,1,0,1
2020-07-29,2002,566,2568
2020-07-29,0,0,0
2020-07-29,0,0,0
2020-07-29,187,54,241
2020-07-29,1,0,1
2020-07-29,592,85,677
2020-07-29,1,0,1
2020-07-29,64,15,79
2020-07-29,11,0,11
2020-07-29,44,17,61
2020-07-29,5,0,5
2020-07-29,27,0,27
2020-07-29,277,62,339
2020-07-29,204,58,262
2020-07-29,14,8,22
2020-07-29,97,10,107
2020-07-29,54,6,60
2020-07-29,78,35,113
2020-07-29,19,0,19
2020-07-29,0,0,0
2020-07-29,233,41,274
2020-07-29,215,15,230
2020-07-29,1,1,2
2020-07-29,562,88,650
2020-07-29,10,0,10
2020-07-29,53,1,54
2020-07-30,215,52,267
2020-07-30,211,37,248
2020-07-30,30,1,31
2020-07-30,95,4,99
2020-07-30,49,3,52
2020-07-30,313,40,353
2020-07-30,0,0,0
2020-07-30,58,10,68
2020-07-30,0,0,0
2020-07-30,0,0,0
2020-07-30,1,1,2
2020-07-30,1,0,1
2020-07-30,0,2,2
2020-07-30,0,0,0
2020-07-30,0,0,0
2020-07-30,51,5,56
2020-07-30,0,0,0
2020-07-30,50,10,60
2020-07-30,101,18,119
2020-07-30,0,0,0
2020-07-30,5,0,5
2020-07-30,2,1,3
2020-07-30,11,0,11
2020-07-30,0,0,0
2020-07-30,1904,553,2457
2020-07-30,180,44,224
2020-07-30,4,1,5
2020-07-30,23,2,25
2020-07-30,230,17,247
2020-07-30,0,1,1
2020-07-30,593,62,655
2020-07-30,0,3,3
2020-07-30,0,0,0
2020-07-30,87,3,90
2020-07-30,38,16,54
2020-07-30,198,47,245
2020-07-30,16,2,18
2020-07-30,53,3,56
2020-07-30,56,5,61
2020-07-30,15,12,27
2020-07-30,106,38,144
2020-07-30,281,48,329
2020-07-30,596,81,677
2020-07-30,0,1,1
2020-07-30,452,93,545
2020-07-30,1,3,4
2020-07-30,59,37,96
2020-07-30,80,39,119
2020-07-30,12,0,12
2020-07-30,1,0,1
2020-07-30,3,0,3
2020-07-30,348,72,420
2020-07-30,10,0,10
2020-07-30,74,0,74
2020-07-30,17,0,17
2020-07-30,0,0,0
2020-07-31,546,38,584
2020-07-31,239,17,256
2020-07-31,102,19,121
2020-07-31,8,0,8
2020-07-31,0,2,2
2020-07-31,1,3,4
2020-07-31,41,18,59
2020-07-31,196,35,231
2020-07-31,309,34,343
2020-07-31,221,39,260
2020-07-31,2,2,4
2020-07-31,265,41,306
2020-07-31,447,94,541
2020-07-31,0,4,4
2020-07-31,12,9,21
2020-07-31,39,14,53
2020-07-31,55,9,64
2020-07-31,8,0,8
2020-07-31,0,0,0
2020-07-31,50,0,50
2020-07-31,0,0,0
2020-07-31,1,1,2
2020-07-31,202,49,251
2020-07-31,60,29,89
2020-07-31,315,66,381
2020-07-31,98,7,105
2020-07-31,25,1,26
2020-07-31,0,2,2
2020-07-31,20,1,21
2020-07-31,45,2,47
2020-07-31,86,3,89
2020-07-31,2,3,5
2020-07-31,6,1,7
2020-07-31,0,0,0
2020-07-31,27,3,30
2020-07-31,0,1,1
2020-07-31,13,1,14
2020-07-31,1,0,1
2020-07-31,1856,516,2372
2020-07-31,55,12,67
2020-07-31,85,40,125
2020-07-31,72,0,72
2020-07-31,221,42,263
2020-07-31,0,0,0
2020-07-31,0,0,0
2020-07-31,107,45,152
2020-07-31,568,82,650
2020-07-31,0,1,1
2020-07-31,0,2,2
2020-07-31,0,2,2
2020-07-31,0,0,0
2020-07-31,12,5,17
2020-07-31,51,0,51
2020-07-31,2,0,2
2020-07-31,5,0,5
2020-07-31,1,0,1
2020-08-01,43,1,44
2020-08-01,267,35,302
2020-08-01,58,34,92
2020-08-01,1,0,1
2020-08-01,0,0,0
2020-08-01,2,2,4
2020-08-01,55,9,64
2020-08-01,43,13,56
2020-08-01,216,53,269
2020-08-01,2,0,2
2020-08-01,13,5,18
2020-08-01,232,17,249
2020-08-01,0,2,2
2020-08-01,1,4,5
2020-08-01,198,50,248
2020-08-01,10,0,10
2020-08-01,54,7,61
2020-08-01,293,39,332
2020-08-01,0,2,2
2020-08-01,0,0,0
2020-08-01,0,2,2
2020-08-01,108,9,117
2020-08-01,0,4,4
2020-08-01,1,2,3
2020-08-01,0,0,0
2020-08-01,435,111,546
2020-08-01,20,1,21
2020-08-01,105,14,119
2020-08-01,28,6,34
2020-08-01,1,0,1
2020-08-01,1784,557,2341
2020-08-01,82,5,87
2020-08-01,48,18,66
2020-08-01,0,0,0
2020-08-01,8,1,9
2020-08-01,4,0,4
2020-08-01,8,0,8
2020-08-01,567,85,652
2020-08-01,47,1,48
2020-08-01,100,48,148
2020-08-01,83,42,125
2020-08-01,29,2,31
2020-08-01,6,0,6
2020-08-01,0,0,0
2020-08-01,216,37,253
2020-08-01,52,0,52
2020-08-01,183,33,216
2020-08-01,0,0,0
2020-08-01,0,1,1
2020-08-01,8,0,8
2020-08-01,312,72,384
2020-08-01,1,2,3
2020-08-01,72,0,72
2020-08-01,12,9,21
2020-08-01,554,64,618
2020-08-01,0,0,0
2020-08-02,50,11,61
2020-08-02,2,0,2
2020-08-02,305,70,375
2020-08-02,1757,506,2263
2020-08-02,194,42,236
2020-08-02,42,17,59
2020-08-02,0,4,4
2020-08-02,101,39,140
2020-08-02,52,3,55
2020-08-02,1,0,1
2020-08-02,48,7,55
2020-08-02,213,45,258
2020-08-02,3,0,3
2020-08-02,98,11,109
2020-08-02,55,12,67
2020-08-02,27,1,28
2020-08-02,53,0,53
2020-08-02,12,0,12
2020-08-02,73,1,74
2020-08-02,0,1,1
2020-08-02,82,37,119
2020-08-02,555,50,605
2020-08-02,1,2,3
2020-08-02,262,33,295
2020-08-02,185,36,221
2020-08-02,425,87,512
2020-08-02,1,0,1
2020-08-02,0,2,2
2020-08-02,2,0,2
2020-08-02,88,6,94
2020-08-02,8,0,8
2020-08-02,295,33,328
2020-08-02,12,0,12
2020-08-02,0,0,0
2020-08-02,44,3,47
2020-08-02,0,0,0
2020-08-02,3,0,3
2020-08-02,321,12,333
2020-08-02,101,7,108
2020-08-02,0,0,0
2020-08-02,23,0,23
2020-08-02,26,3,29
2020-08-02,7,0,7
2020-08-02,0,0,0
2020-08-02,0,0,0
2020-08-02,0,0,0
2020-08-02,0,0,0
2020-08-02,8,0,8
2020-08-02,57,39,96
2020-08-02,13,3,16
2020-08-02,0,0,0
2020-08-02,205,47,252
2020-08-02,575,67,642
2020-08-02,12,9,21
2020-08-02,0,0,0
2020-08-02,2,0,2
2020-08-03,274,34,308
2020-08-03,215,43,258
2020-08-03,3,0,3
2020-08-03,44,12,56
2020-08-03,1,0,1
2020-08-03,297,39,336
2020-08-03,10,0,10
2020-08-03,62,28,90
2020-08-03,2,1,3
2020-08-03,193,49,242
2020-08-03,0,0,0
2020-08-03,0,0,0
2020-08-03,0,0,0
2020-08-03,0,1,1
2020-08-03,105,5,110
2020-08-03,539,66,605
2020-08-03,41,17,58
2020-08-03,171,31,202
2020-08-03,450,93,543
2020-08-03,3,0,3
2020-08-03,99,40,139
2020-08-03,11,1,12
2020-08-03,9,7,16
2020-08-03,0,1,1
2020-08-03,0,0,0
2020-08-03,0,0,0
2020-08-03,0,1,1
2020-08-03,0,2,2
2020-08-03,46,14,60
2020-08-03,10,1,11
2020-08-03,3,0,3
2020-08-03,88,41,129
2020-08-03,23,5,28
2020-08-03,561,76,637
2020-08-03,1768,541,2309
2020-08-03,0,0,0
2020-08-03,47,3,50
2020-08-03,222,24,246
2020-08-03,71,0,71
2020-08-03,89,15,104
2020-08-03,0,0,0
2020-08-03,21,0,21
2020-08-03,7,0,7
2020-08-03,0,2,2
2020-08-03,82,7,89
2020-08-03,0,0,0
2020-08-03,222,31,253
2020-08-03,15,11,26
2020-08-03,56,2,58
2020-08-03,0,2,2
2020-08-03,1,0,1
2020-08-03,7,0,7
2020-08-03,56,0,56
2020-08-03,58,15,73
2020-08-03,294,67,361
2020-08-03,26,0,26
2020-08-04,311,93,404
2020-08-04,9,1,10
2020-08-04,1741,556,2297
2020-08-04,295,41,336
2020-08-04,262,48,310
2020-08-04,214,67,281
2020-08-04,51,1,52
2020-08-04,12,4,16
2020-08-04,0,0,0
2020-08-04,0,0,0
2020-08-04,42,11,53
2020-08-04,10,0,10
2020-08-04,219,52,271
2020-08-04,541,58,599
2020-08-04,54,12,66
2020-08-04,3,0,3
2020-08-04,212,21,233
2020-08-04,23,0,23
2020-08-04,2,3,5
2020-08-04,21,5,26
2020-08-04,22,0,22
2020-08-04,0,0,0
2020-08-04,171,29,200
2020-08-04,0,2,2
2020-08-04,81,29,110
2020-08-04,50,1,51
2020-08-04,0,0,0
2020-08-04,1,0,1
2020-08-04,95,41,136
2020-08-04,536,44,580
2020-08-04,70,0,70
2020-08-04,196,54,250
2020-08-04,65,38,103
2020-08-04,12,9,21
2020-08-04,1,1,2
2020-08-04,12,0,12
2020-08-04,0,0,0
2020-08-04,114,4,118
2020-08-04,1,1,2
2020-08-04,5,1,6
2020-08-04,0,0,0
2020-08-04,46,3,49
2020-08-04,0,1,1
2020-08-04,1,0,1
2020-08-04,2,1,3
2020-08-04,0,4,4
2020-08-04,47,0,47
2020-08-04,0,2,2
2020-08-04,42,15,57
2020-08-04,0,0,0
2020-08-04,81,3,84
2020-08-04,411,100,511
2020-08-04,92,12,104
2020-08-04,0,0,0
2020-08-04,3,0,3
2020-08-04,5,0,5
2020-08-05,1,2,3
2020-08-05,80,14,94
2020-08-05,206,48,254
2020-08-05,73,1,74
2020-08-05,21,2,23
2020-08-05,0,2,2
2020-08-05,1680,602,2282
2020-08-05,517,75,592
2020-08-05,190,56,246
2020-08-05,295,76,371
2020-08-05,49,13,62
2020-08-05,0,0,0
2020-08-05,1,1,2
2020-08-05,47,0,47
2020-08-05,0,1,1
2020-08-05,84,0,84
2020-08-05,0,0,0
2020-08-05,168,31,199
2020-08-05,296,40,336
2020-08-05,1,0,1
2020-08-05,67,39,106
2020-08-05,89,37,126
2020-08-05,45,5,50
2020-08-05,415,93,508
2020-08-05,0,0,0
2020-08-05,1,0,1
2020-08-05,541,76,617
2020-08-05,10,0,10
2020-08-05,52,1,53
2020-08-05,0,0,0
2020-08-05,7,0,7
2020-08-05,12,5,17
2020-08-05,223,57,280
2020-08-05,2,0,2
2020-08-05,1,3,4
2020-08-05,51,0,51
2020-08-05,79,38,117
2020-08-05,0,0,0
2020-08-05,2,1,3
2020-08-05,0,0,0
2020-08-05,262,48,310
2020-08-05,26,3,29
2020-08-05,98,6,104
2020-08-05,0,2,2
2020-08-05,45,15,60
2020-08-05,2,1,3
2020-08-05,43,5,48
2020-08-05,1,4,5
2020-08-05,0,0,0
2020-08-05,222,7,229
2020-08-05,6,0,6
2020-08-05,12,6,18
2020-08-05,0,0,0
2020-08-05,8,0,8
2020-08-05,25,0,25
2020-08-05,13,0,13
2020-08-06,85,9,94
2020-08-06,1610,581,2191
2020-08-06,511,47,558
2020-08-06,1,0,1
2020-08-06,10,0,10
2020-08-06,250,59,309
2020-08-06,82,6,88
2020-08-06,11,3,14
2020-08-06,2,0,2
2020-08-06,217,12,229
2020-08-06,98,3,101
2020-08-06,175,50,225
2020-08-06,196,26,222
2020-08-06,0,0,0
2020-08-06,0,0,0
2020-08-06,0,0,0
2020-08-06,2,1,3
2020-08-06,14,0,14
2020-08-06,283,59,342
2020-08-06,63,36,99
2020-08-06,0,5,5
2020-08-06,0,1,1
2020-08-06,0,0,0
2020-08-06,0,0,0
2020-08-06,0,2,2
2020-08-06,530,71,601
2020-08-06,51,1,52
2020-08-06,0,0,0
2020-08-06,1,1,2
2020-08-06,24,3,27
2020-08-06,7,0,7
2020-08-06,1,1,2
2020-08-06,45,16,61
2020-08-06,28,0,28
2020-08-06,37,14,51
2020-08-06,8,1,9
2020-08-06,81,33,114
2020-08-06,2,0,2
2020-08-06,3,2,5
2020-08-06,292,43,335
2020-08-06,98,35,133
2020-08-06,55,3,58
2020-08-06,409,106,515
2020-08-06,2,2,4
2020-08-06,3,0,3
2020-08-06,216,58,274
2020-08-06,12,13,25
2020-08-06,73,0,73
2020-08-06,1,0,1
2020-08-06,46,4,50
2020-08-06,23,1,24
2020-08-06,8,0,8
2020-08-06,49,0,49
2020-08-06,175,21,196
2020-08-06,40,15,55
2020-08-06,2,1,3
2020-08-07,59,0,59
2020-08-07,12,4,16
2020-08-07,279,67,346
2020-08-07,102,3,105
2020-08-07,1,4,5
2020-08-07,99,28,127
2020-08-07,1,0,1
2020-08-07,17,0,17
2020-08-07,63,39,102
2020-08-07,167,47,214
2020-08-07,4,0,4
2020-08-07,2,0,2
2020-08-07,2,0,2
2020-08-07,1,6,7
2020-08-07,2,0,2
2020-08-07,20,0,20
2020-08-07,48,3,51
2020-08-07,2,0,2
2020-08-07,42,16,58
2020-08-07,2,0,2
2020-08-07,7,3,10
2020-08-07,382,105,487
2020-08-07,170,20,190
2020-08-07,0,0,0
2020-08-07,13,5,18
2020-08-07,7,0,7
2020-08-07,0,0,0
2020-08-07,491,51,542
2020-08-07,493,60,553
2020-08-07,5,2,7
2020-08-07,79,11,90
2020-08-07,0,0,0
2020-08-07,48,0,48
2020-08-07,80,6,86
2020-08-07,41,9,50
2020-08-07,3,0,3
2020-08-07,39,18,57
2020-08-07,279,45,324
2020-08-07,259,74,333
2020-08-07,71,0,71
2020-08-07,6,4,10
2020-08-07,24,2,26
2020-08-07,0,0,0
2020-08-07,0,2,2
2020-08-07,211,44,255
2020-08-07,0,0,0
2020-08-07,82,22,104
2020-08-07,0,1,1
2020-08-07,6,0,6
2020-08-07,30,0,30
2020-08-07,171,14,185
2020-08-07,1568,478,2046
2020-08-07,0,0,0
2020-08-07,214,15,229
2020-08-07,6,0,6
2020-08-07,36,2,38
2020-08-08,2,0,2
2020-08-08,12,4,16
2020-08-08,3,0,3
2020-08-08,48,0,48
2020-08-08,36,13,49
2020-08-08,46,19,65
2020-08-08,23,0,23
2020-08-08,98,21,119
2020-08-08,1,0,1
2020-08-08,78,27,105
2020-08-08,0,0,0
2020-08-08,6,2,8
2020-08-08,37,20,57
2020-08-08,0,1,1
2020-08-08,2,1,3
2020-08-08,1,0,1
2020-08-08,19,0,19
2020-08-08,487,63,550
2020-08-08,1,5,6
2020-08-08,1514,513,2027
2020-08-08,373,77,450
2020-08-08,4,0,4
2020-08-08,77,11,88
2020-08-08,0,0,0
2020-08-08,13,7,20
2020-08-08,163,45,208
2020-08-08,485,69,554
2020-08-08,287,40,327
2020-08-08,26,0,26
2020-08-08,1,3,4
2020-08-08,63,0,63
2020-08-08,13,0,13
2020-08-08,4,1,5
2020-08-08,48,0,48
2020-08-08,3,0,3
2020-08-08,6,0,6
2020-08-08,176,27,203
2020-08-08,94,1,95
2020-08-08,0,1,1
2020-08-08,57,0,57
2020-08-08,0,0,0
2020-08-08,267,56,323
2020-08-08,45,16,61
2020-08-08,0,0,0
2020-08-08,84,8,92
2020-08-08,8,0,8
2020-08-08,0,0,0
2020-08-08,8,0,8
2020-08-08,1,1,2
2020-08-08,219,14,233
2020-08-08,167,11,178
2020-08-08,66,27,93
2020-08-08,263,62,325
2020-08-08,200,45,245
2020-08-08,0,2,2
2020-08-08,1,0,1
2020-08-09,36,8,44
2020-08-09,184,27,211
2020-08-09,0,0,0
2020-08-09,261,65,326
2020-08-09,0,0,0
2020-08-09,2,2,4
2020-08-09,17,4,21
2020-08-09,176,12,188
2020-08-09,0,0,0
2020-08-09,86,3,89
2020-08-09,16,1,17
2020-08-09,265,59,324
2020-08-09,27,1,28
2020-08-09,6,1,7
2020-08-09,65,25,90
2020-08-09,42,15,57
2020-08-09,8,2,10
2020-08-09,59,0,59
2020-08-09,2,0,2
2020-08-09,77,5,82
2020-08-09,52,0,52
2020-08-09,39,17,56
2020-08-09,3,0,3
2020-08-09,20,1,21
2020-08-09,169,45,214
2020-08-09,0,2,2
2020-08-09,468,53,521
2020-08-09,1524,468,1992
2020-08-09,3,0,3
2020-08-09,82,16,98
2020-08-09,1,0,1
2020-08-09,46,8,54
2020-08-09,359,95,454
2020-08-09,212,17,229
2020-08-09,191,35,226
2020-08-09,44,4,48
2020-08-09,77,25,102
2020-08-09,4,0,4
2020-08-09,8,1,9
2020-08-09,9,0,9
2020-08-09,0,0,0
2020-08-09,0,0,0
2020-08-09,0,2,2
2020-08-09,0,1,1
2020-08-09,4,0,4
2020-08-09,104,37,141
2020-08-09,1,0,1
2020-08-09,13,10,23
2020-08-09,486,67,553
2020-08-09,1,6,7
2020-08-09,1,0,1
2020-08-09,0,0,0
2020-08-09,286,29,315
2020-08-09,45,4,49
2020-08-09,1,1,2
2020-08-09,14,0,14
2020-08-10,0,0,0
2020-08-10,15,0,15
2020-08-10,39,0,39
2020-08-10,79,8,87
2020-08-10,3,1,4
2020-08-10,98,7,105
2020-08-10,18,2,20
2020-08-10,187,18,205
2020-08-10,50,1,51
2020-08-10,468,81,549
2020-08-10,65,34,99
2020-08-10,262,62,324
2020-08-10,3,0,3
2020-08-10,5,2,7
2020-08-10,0,1,1
2020-08-10,166,38,204
2020-08-10,0,2,2
2020-08-10,84,12,96
2020-08-10,273,37,310
2020-08-10,1538,446,1984
2020-08-10,202,24,226
2020-08-10,7,1,8
2020-08-10,1,0,1
2020-08-10,4,1,5
2020-08-10,0,0,0
2020-08-10,441,71,512
2020-08-10,0,0,0
2020-08-10,205,65,270
2020-08-10,4,0,4
2020-08-10,58,0,58
2020-08-10,19,3,22
2020-08-10,41,19,60
2020-08-10,79,33,112
2020-08-10,1,1,2
2020-08-10,358,92,450
2020-08-10,2,2,4
2020-08-10,24,1,25
2020-08-10,8,2,10
2020-08-10,2,6,8
2020-08-10,44,5,49
2020-08-10,171,7,178
2020-08-10,0,2,2
2020-08-10,35,8,43
2020-08-10,2,0,2
2020-08-10,0,0,0
2020-08-10,0,0,0
2020-08-10,0,0,0
2020-08-10,38,15,53
2020-08-10,19,0,19
2020-08-10,99,30,129
2020-08-10,265,48,313
2020-08-10,1,0,1
2020-08-10,38,15,53
2020-08-10,8,0,8
2020-08-10,14,7,21
2020-08-10,6,0,6
2020-08-11,0,0,0
2020-08-11,2,2,4
2020-08-11,7,2,9
2020-08-11,165,16,181
2020-08-11,67,24,91
2020-08-11,5,2,7
2020-08-11,3,0,3
2020-08-11,18,0,18
2020-08-11,14,0,14
2020-08-11,273,31,304
2020-08-11,59,0,59
2020-08-11,1481,470,1951
2020-08-11,0,0,0
2020-08-11,204,11,215
2020-08-11,263,73,336
2020-08-11,8,0,8
2020-08-11,88,14,102
2020-08-11,260,31,291
2020-08-11,335,101,436
2020-08-11,0,0,0
2020-08-11,44,1,45
2020-08-11,1,0,1
2020-08-11,17,4,21
2020-08-11,43,10,53
2020-08-11,5,0,5
2020-08-11,47,14,61
2020-08-11,2,2,4
2020-08-11,440,66,506
2020-08-11,170,53,223
2020-08-11,0,0,0
2020-08-11,472,56,528
2020-08-11,1,2,3
2020-08-11,2,3,5
2020-08-11,0,0,0
2020-08-11,75,14,89
2020-08-11,86,8,94
2020-08-11,95,27,122
2020-08-11,0,0,0
2020-08-11,0,1,1
2020-08-11,14,0,14
2020-08-11,9,0,9
2020-08-11,54,5,59
2020-08-11,170,25,195
2020-08-11,197,65,262
2020-08-11,2,0,2
2020-08-11,1,0,1
2020-08-11,26,0,26
2020-08-11,0,2,2
2020-08-11,2,2,4
2020-08-11,44,11,55
2020-08-11,79,34,113
2020-08-11,13,8,21
2020-08-11,2,1,3
2020-08-11,0,2,2
2020-08-11,36,1,37
2020-08-11,41,11,52
2020-08-12,0,0,0
2020-08-12,92,21,113
2020-08-12,5,2,7
2020-08-12,37,9,46
2020-08-12,26,1,27
2020-08-12,0,1,1
2020-08-12,244,76,320
2020-08-12,438,42,480
2020-08-12,155,17,172
2020-08-12,49,14,63
2020-08-12,307,84,391
2020-08-12,0,0,0
2020-08-12,468,81,549
2020-08-12,18,0,18
2020-08-12,12,12,24
2020-08-12,187,15,202
2020-08-12,2,0,2
2020-08-12,11,4,15
2020-08-12,62,34,96
2020-08-12,16,0,16
2020-08-12,2,0,2
2020-08-12,172,46,218
2020-08-12,0,0,0
2020-08-12,0,2,2
2020-08-12,4,0,4
2020-08-12,186,48,234
2020-08-12,1415,472,1887
2020-08-12,3,2,5
2020-08-12,0,0,0
2020-08-12,1,2,3
2020-08-12,0,1,1
2020-08-12,41,0,41
2020-08-12,6,0,6
2020-08-12,51,0,51
2020-08-12,100,28,128
2020-08-12,73,6,79
2020-08-12,0,0,0
2020-08-12,5,0,5
2020-08-12,260,39,299
2020-08-12,8,0,8
2020-08-12,43,1,44
2020-08-12,2,0,2
2020-08-12,253,38,291
2020-08-12,167,25,192
2020-08-12,84,6,90
2020-08-12,17,6,23
2020-08-12,76,29,105
2020-08-12,37,9,46
2020-08-12,2,0,2
2020-08-12,1,0,1
2020-08-12,6,1,7
2020-08-12,0,0,0
2020-08-12,38,10,48
2020-08-12,46,4,50
2020-08-12,2,0,2
2020-08-12,6,0,6
2020-08-13,97,15,112
2020-08-13,0,0,0
2020-08-13,145,14,159
2020-08-13,0,0,0
2020-08-13,21,0,21
2020-08-13,31,9,40
2020-08-13,197,65,262
2020-08-13,171,20,191
2020-08-13,0,0,0
2020-08-13,54,3,57
2020-08-13,2,4,6
2020-08-13,0,2,2
2020-08-13,1,0,1
2020-08-13,97,13,110
2020-08-13,4,1,5
2020-08-13,3,2,5
2020-08-13,481,70,551
2020-08-13,165,40,205
2020-08-13,244,65,309
2020-08-13,250,37,287
2020-08-13,172,16,188
2020-08-13,15,0,15
2020-08-13,41,8,49
2020-08-13,6,0,6
2020-08-13,35,0,35
2020-08-13,0,0,0
2020-08-13,314,89,403
2020-08-13,9,1,10
2020-08-13,0,0,0
2020-08-13,11,12,23
2020-08-13,44,1,45
2020-08-13,49,2,51
2020-08-13,7,0,7
2020-08-13,1393,520,1913
2020-08-13,68,4,72
2020-08-13,5,0,5
2020-08-13,0,1,1
2020-08-13,6,0,6
2020-08-13,49,17,66
2020-08-13,0,0,0
2020-08-13,2,0,2
2020-08-13,0,0,0
2020-08-13,75,30,105
2020-08-13,2,0,2
2020-08-13,12,1,13
2020-08-13,0,0,0
2020-08-13,1,0,1
2020-08-13,8,0,8
2020-08-13,42,4,46
2020-08-13,86,4,90
2020-08-13,240,29,269
2020-08-13,53,23,76
2020-08-13,5,0,5
2020-08-13,436,50,486
2020-08-13,25,0,25
2020-08-13,15,3,18
2020-08-14,0,4,4
2020-08-14,192,51,243
2020-08-14,2,4,6
2020-08-14,7,0,7
2020-08-14,3,1,4
2020-08-14,1,0,1
2020-08-14,41,3,44
2020-08-14,0,0,0
2020-08-14,63,4,67
2020-08-14,149,17,166
2020-08-14,9,12,21
2020-08-14,4,0,4
2020-08-14,0,0,0
2020-08-14,53,22,75
2020-08-14,7,1,8
2020-08-14,172,14,186
2020-08-14,93,23,116
2020-08-14,94,13,107
2020-08-14,2,0,2
2020-08-14,20,0,20
2020-08-14,0,0,0
2020-08-14,1,0,1
2020-08-14,5,1,6
2020-08-14,1,0,1
2020-08-14,227,73,300
2020-08-14,172,38,210
2020-08-14,36,1,37
2020-08-14,0,0,0
2020-08-14,77,5,82
2020-08-14,2,1,3
2020-08-14,249,31,280
2020-08-14,9,0,9
2020-08-14,164,16,180
2020-08-14,13,6,19
2020-08-14,30,17,47
2020-08-14,17,3,20
2020-08-14,5,3,8
2020-08-14,249,23,272
2020-08-14,78,22,100
2020-08-14,48,2,50
2020-08-14,4,0,4
2020-08-14,45,9,54
2020-08-14,1357,556,1913
2020-08-14,0,2,2
2020-08-14,0,0,0
2020-08-14,434,60,494
2020-08-14,27,1,28
2020-08-14,49,6,55
2020-08-14,0,1,1
2020-08-14,13,0,13
2020-08-14,0,1,1
2020-08-14,58,10,68
2020-08-14,475,61,536
2020-08-14,40,2,42
2020-08-14,315,95,410
2020-08-14,0,0,0
2020-08-15,2,6,8
2020-08-15,1,0,1
2020-08-15,249,45,294
2020-08-15,0,0,0
2020-08-15,10,1,11
2020-08-15,1,0,1
2020-08-15,221,52,273
2020-08-15,2,1,3
2020-08-15,68,3,71
2020-08-15,6,4,10
2020-08-15,3,0,3
2020-08-15,2,0,2
2020-08-15,9,0,9
2020-08-15,2,0,2
2020-08-15,422,73,495
2020-08-15,175,11,186
2020-08-15,57,17,74
2020-08-15,0,1,1
2020-08-15,2,0,2
2020-08-15,198,49,247
2020-08-15,34,0,34
2020-08-15,0,0,0
2020-08-15,94,24,118
2020-08-15,0,2,2
2020-08-15,48,3,51
2020-08-15,1341,573,1914
2020-08-15,0,0,0
2020-08-15,4,0,4
2020-08-15,7,0,7
2020-08-15,28,26,54
2020-08-15,18,3,21
2020-08-15,62,4,66
2020-08-15,9,9,18
2020-08-15,52,1,53
2020-08-15,140,24,164
2020-08-15,2,0,2
2020-08-15,0,0,0
2020-08-15,42,3,45
2020-08-15,302,82,384
2020-08-15,58,22,80
2020-08-15,181,48,229
2020-08-15,95,24,119
2020-08-15,20,0,20
2020-08-15,170,8,178
2020-08-15,0,1,1
2020-08-15,27,0,27
2020-08-15,0,0,0
2020-08-15,0,1,1
2020-08-15,15,4,19
2020-08-15,245,30,275
2020-08-15,71,27,98
2020-08-15,445,96,541
2020-08-15,36,1,37
2020-08-15,9,0,9
2020-08-15,0,0,0
2020-08-15,42,3,45
2020-08-16,21,0,21
2020-08-16,9,0,9
2020-08-16,171,10,181
2020-08-16,3,0,3
2020-08-16,85,23,108
2020-08-16,0,2,2
2020-08-16,2,0,2
2020-08-16,13,5,18
2020-08-16,47,8,55
2020-08-16,10,12,22
2020-08-16,0,0,0
2020-08-16,0,0,0
2020-08-16,235,39,274
2020-08-16,2,4,6
2020-08-16,45,0,45
2020-08-16,58,13,71
2020-08-16,31,19,50
2020-08-16,0,0,0
2020-08-16,437,90,527
2020-08-16,71,28,99
2020-08-16,0,0,0
2020-08-16,35,1,36
2020-08-16,22,3,25
2020-08-16,7,0,7
2020-08-16,0,0,0
2020-08-16,0,36,36
2020-08-16,0,0,0
2020-08-16,98,31,129
2020-08-16,1,0,1
2020-08-16,54,2,56
2020-08-16,2,1,3
2020-08-16,188,56,244
2020-08-16,296,97,393
2020-08-16,63,20,83
2020-08-16,8,0,8
2020-08-16,1,2,3
2020-08-16,27,1,28
2020-08-16,0,0,0
2020-08-16,2,1,3
2020-08-16,216,74,290
2020-08-16,5,0,5
2020-08-16,251,48,299
2020-08-16,1,1,2
2020-08-16,414,64,478
2020-08-16,0,1,1
2020-08-16,9,0,9
2020-08-16,0,0,0
2020-08-16,68,2,70
2020-08-16,59,1,60
2020-08-16,146,26,172
2020-08-16,9,0,9
2020-08-16,40,6,46
2020-08-16,173,11,184
2020-08-16,188,63,251
2020-08-16,1352,555,1907
2020-08-16,0,1,1
2020-08-17,4,0,4
2020-08-17,12,15,27
2020-08-17,205,52,257
2020-08-17,0,2,2
2020-08-17,0,1,1
2020-08-17,59,3,62
2020-08-17,441,80,521
2020-08-17,196,65,261
2020-08-17,25,13,38
2020-08-17,33,1,34
2020-08-17,36,1,37
2020-08-17,22,0,22
2020-08-17,300,100,400
2020-08-17,170,13,183
2020-08-17,0,0,0
2020-08-17,44,1,45
2020-08-17,2,1,3
2020-08-17,235,40,275
2020-08-17,0,0,0
2020-08-17,39,6,45
2020-08-17,0,0,0
2020-08-17,20,3,23
2020-08-17,57,14,71
2020-08-17,6,0,6
2020-08-17,1,2,3
2020-08-17,0,0,0
2020-08-17,1,0,1
2020-08-17,65,25,90
2020-08-17,2,0,2
2020-08-17,170,18,188
2020-08-17,97,29,126
2020-08-17,1,0,1
2020-08-17,0,0,0
2020-08-17,83,26,109
2020-08-17,0,0,0
2020-08-17,0,0,0
2020-08-17,6,0,6
2020-08-17,2,2,4
2020-08-17,250,44,294
2020-08-17,1378,518,1896
2020-08-17,0,0,0
2020-08-17,0,0,0
2020-08-17,70,26,96
2020-08-17,0,0,0
2020-08-17,144,25,169
2020-08-17,62,1,63
2020-08-17,9,0,9
2020-08-17,9,0,9
2020-08-17,68,3,71
2020-08-17,13,4,17
2020-08-17,7,0,7
2020-08-17,44,8,52
2020-08-17,27,1,28
2020-08-17,409,82,491
2020-08-17,8,0,8
2020-08-17,229,74,303
2020-08-18,58,1,59
2020-08-18,173,11,184
2020-08-18,0,0,0
2020-08-18,6,0,6
2020-08-18,96,34,130
2020-08-18,24,0,24
2020-08-18,15,2,17
2020-08-18,9,0,9
2020-08-18,301,108,409
2020-08-18,36,3,39
2020-08-18,6,0,6
2020-08-18,0,7,7
2020-08-18,10,10,20
2020-08-18,26,0,26
2020-08-18,0,0,0
2020-08-18,200,50,250
2020-08-18,43,5,48
2020-08-18,0,0,0
2020-08-18,29,11,40
2020-08-18,35,0,35
2020-08-18,3,2,5
2020-08-18,0,0,0
2020-08-18,419,76,495
2020-08-18,440,89,529
2020-08-18,0,2,2
2020-08-18,238,87,325
2020-08-18,248,57,305
2020-08-18,10,1,11
2020-08-18,1,0,1
2020-08-18,53,15,68
2020-08-18,183,58,241
2020-08-18,1378,591,1969
2020-08-18,0,0,0
2020-08-18,1,0,1
2020-08-18,96,36,132
2020-08-18,13,6,19
2020-08-18,0,0,0
2020-08-18,0,0,0
2020-08-18,0,0,0
2020-08-18,59,4,63
2020-08-18,0,0,0
2020-08-18,0,2,2
2020-08-18,41,2,43
2020-08-18,7,1,8
2020-08-18,64,34,98
2020-08-18,2,1,3
2020-08-18,0,2,2
2020-08-18,43,6,49
2020-08-18,79,37,116
2020-08-18,150,22,172
2020-08-18,1,0,1
2020-08-18,233,27,260
2020-08-18,3,2,5
2020-08-18,62,8,70
2020-08-18,6,0,6
2020-08-18,158,11,169
2020-08-19,418,82,500
2020-08-19,53,7,60
2020-08-19,0,1,1
2020-08-19,1347,551,1898
2020-08-19,27,9,36
2020-08-19,0,0,0
2020-08-19,93,24,117
2020-08-19,0,0,0
2020-08-19,164,20,184
2020-08-19,167,12,179
2020-08-19,0,2,2
2020-08-19,77,48,125
2020-08-19,0,0,0
2020-08-19,400,59,459
2020-08-19,0,0,0
2020-08-19,6,0,6
2020-08-19,26,0,26
2020-08-19,0,0,0
2020-08-19,40,2,42
2020-08-19,1,0,1
2020-08-19,41,5,46
2020-08-19,3,1,4
2020-08-19,40,6,46
2020-08-19,51,0,51
2020-08-19,9,0,9
2020-08-19,61,33,94
2020-08-19,0,0,0
2020-08-19,0,0,0
2020-08-19,60,3,63
2020-08-19,267,121,388
2020-08-19,6,0,6
2020-08-19,149,25,174
2020-08-19,23,0,23
2020-08-19,7,0,7
2020-08-19,2,2,4
2020-08-19,54,7,61
2020-08-19,1,0,1
2020-08-19,232,48,280
2020-08-19,0,0,0
2020-08-19,28,0,28
2020-08-19,15,4,19
2020-08-19,2,0,2
2020-08-19,5,1,6
2020-08-19,0,2,2
2020-08-19,1,0,1
2020-08-19,2,2,4
2020-08-19,177,45,222
2020-08-19,95,38,133
2020-08-19,202,56,258
2020-08-19,36,3,39
2020-08-19,229,57,286
2020-08-19,4,0,4
2020-08-19,245,28,273
2020-08-19,12,5,17
2020-08-19,0,0,0
2020-08-19,12,13,25
2020-08-20,4,0,4
2020-08-20,0,3,3
2020-08-20,0,0,0
2020-08-20,63,3,66
2020-08-20,204,50,254
2020-08-20,2,0,2
2020-08-20,91,29,120
2020-08-20,397,46,443
2020-08-20,0,0,0
2020-08-20,0,0,0
2020-08-20,252,123,375
2020-08-20,43,1,44
2020-08-20,27,11,38
2020-08-20,25,0,25
2020-08-20,0,0,0
2020-08-20,0,2,2
2020-08-20,40,6,46
2020-08-20,141,37,178
2020-08-20,25,0,25
2020-08-20,10,0,10
2020-08-20,155,30,185
2020-08-20,17,2,19
2020-08-20,5,0,5
2020-08-20,8,0,8
2020-08-20,1,0,1
2020-08-20,106,19,125
2020-08-20,5,0,5
2020-08-20,11,8,19
2020-08-20,43,5,48
2020-08-20,29,0,29
2020-08-20,45,1,46
2020-08-20,54,9,63
2020-08-20,1,0,1
2020-08-20,220,64,284
2020-08-20,1280,509,1789
2020-08-20,0,0,0
2020-08-20,171,12,183
2020-08-20,386,75,461
2020-08-20,2,1,3
2020-08-20,0,0,0
2020-08-20,232,46,278
2020-08-20,246,27,273
2020-08-20,64,28,92
2020-08-20,12,6,18
2020-08-20,3,2,5
2020-08-20,0,0,0
2020-08-20,0,0,0
2020-08-20,180,40,220
2020-08-20,0,2,2
2020-08-20,4,1,5
2020-08-20,73,57,130
2020-08-20,56,9,65
2020-08-20,2,0,2
2020-08-20,2,1,3
2020-08-20,2,1,3
2020-08-20,33,1,34
2020-08-21,178,56,234
2020-08-21,0,3,3
2020-08-21,100,16,116
2020-08-21,0,0,0
2020-08-21,0,0,0
2020-08-21,0,2,2
2020-08-21,4,0,4
2020-08-21,1,1,2
2020-08-21,42,4,46
2020-08-21,224,45,269
2020-08-21,207,53,260
2020-08-21,0,0,0
2020-08-21,53,24,77
2020-08-21,140,24,164
2020-08-21,33,0,33
2020-08-21,152,11,163
2020-08-21,4,2,6
2020-08-21,39,5,44
2020-08-21,58,8,66
2020-08-21,247,105,352
2020-08-21,19,0,19
2020-08-21,0,0,0
2020-08-21,49,1,50
2020-08-21,2,1,3
2020-08-21,11,7,18
2020-08-21,98,20,118
2020-08-21,220,66,286
2020-08-21,29,0,29
2020-08-21,9,1,10
2020-08-21,26,0,26
2020-08-21,365,81,446
2020-08-21,52,7,59
2020-08-21,15,1,16
2020-08-21,155,23,178
2020-08-21,1,6,7
2020-08-21,1,3,4
2020-08-21,74,44,118
2020-08-21,8,0,8
2020-08-21,1,0,1
2020-08-21,58,3,61
2020-08-21,30,12,42
2020-08-21,5,0,5
2020-08-21,0,0,0
2020-08-21,246,37,283
2020-08-21,0,0,0
2020-08-21,1,0,1
2020-08-21,0,2,2
2020-08-21,13,3,16
2020-08-21,0,0,0
2020-08-21,5,0,5
2020-08-21,3,0,3
2020-08-21,392,56,448
2020-08-21,3,1,4
2020-08-21,38,1,39
2020-08-21,1,0,1
2020-08-21,1247,479,1726
2020-08-22,0,0,0
2020-08-22,0,2,2
2020-08-22,81,36,117
2020-08-22,99,19,118
2020-08-22,17,1,18
2020-08-22,11,3,14
2020-08-22,0,2,2
2020-08-22,3,1,4
2020-08-22,0,0,0
2020-08-22,135,15,150
2020-08-22,351,68,419
2020-08-22,15,4,19
2020-08-22,0,0,0
2020-08-22,7,0,7
2020-08-22,0,0,0
2020-08-22,246,29,275
2020-08-22,1219,482,1701
2020-08-22,56,11,67
2020-08-22,0,0,0
2020-08-22,171,52,223
2020-08-22,32,1,33
2020-08-22,36,3,39
2020-08-22,0,0,0
2020-08-22,155,8,163
2020-08-22,222,49,271
2020-08-22,152,18,170
2020-08-22,1,0,1
2020-08-22,0,0,0
2020-08-22,380,46,426
2020-08-22,233,86,319
2020-08-22,0,0,0
2020-08-22,6,0,6
2020-08-22,2,0,2
2020-08-22,230,40,270
2020-08-22,196,52,248
2020-08-22,61,5,66
2020-08-22,3,2,5
2020-08-22,49,19,68
2020-08-22,54,4,58
2020-08-22,4,2,6
2020-08-22,0,0,0
2020-08-22,3,0,3
2020-08-22,46,1,47
2020-08-22,31,6,37
2020-08-22,1,4,5
2020-08-22,16,0,16
2020-08-22,2,0,2
2020-08-22,1,0,1
2020-08-22,31,0,31
2020-08-22,4,1,5
2020-08-22,24,0,24
2020-08-22,90,19,109
2020-08-22,0,0,0
2020-08-22,7,1,8
2020-08-22,39,2,41
2020-08-22,39,10,49
2020-08-23,218,33,251
2020-08-23,0,0,0
2020-08-23,42,1,43
2020-08-23,11,2,13
2020-08-23,0,0,0
2020-08-23,5,0,5
2020-08-23,40,9,49
2020-08-23,211,78,289
2020-08-23,51,9,60
2020-08-23,388,58,446
2020-08-23,79,32,111
2020-08-23,1200,467,1667
2020-08-23,6,0,6
2020-08-23,30,1,31
2020-08-23,133,27,160
2020-08-23,21,0,21
2020-08-23,3,2,5
2020-08-23,0,0,0
2020-08-23,246,27,273
2020-08-23,47,15,62
2020-08-23,7,0,7
2020-08-23,1,4,5
2020-08-23,43,2,45
2020-08-23,1,0,1
2020-08-23,15,1,16
2020-08-23,224,116,340
2020-08-23,92,17,109
2020-08-23,95,16,111
2020-08-23,51,6,57
2020-08-23,33,1,34
2020-08-23,0,0,0
2020-08-23,0,0,0
2020-08-23,5,2,7
2020-08-23,1,0,1
2020-08-23,157,50,207
2020-08-23,0,1,1
2020-08-23,187,46,233
2020-08-23,1,0,1
2020-08-23,18,1,19
2020-08-23,57,8,65
2020-08-23,0,0,0
2020-08-23,7,0,7
2020-08-23,0,0,0
2020-08-23,0,0,0
2020-08-23,1,0,1
2020-08-23,14,5,19
2020-08-23,27,17,44
2020-08-23,35,3,38
2020-08-23,3,0,3
2020-08-23,154,15,169
2020-08-23,3,0,3
2020-08-23,356,71,427
2020-08-23,0,0,0
2020-08-23,148,6,154
2020-08-23,0,0,0
2020-08-23,0,2,2
2020-08-24,0,0,0
2020-08-24,222,96,318
2020-08-24,24,0,24
2020-08-24,0,0,0
2020-08-24,0,0,0
2020-08-24,0,0,0
2020-08-24,0,0,0
2020-08-24,0,2,2
2020-08-24,228,81,309
2020-08-24,7,0,7
2020-08-24,17,1,18
2020-08-24,1186,450,1636
2020-08-24,244,28,272
2020-08-24,161,52,213
2020-08-24,1,1,2
2020-08-24,29,1,30
2020-08-24,33,2,35
2020-08-24,11,2,13
2020-08-24,61,9,70
2020-08-24,154,7,161
2020-08-24,91,19,110
2020-08-24,11,10,21
2020-08-24,13,4,17
2020-08-24,2,0,2
2020-08-24,179,48,227
2020-08-24,95,22,117
2020-08-24,0,0,0
2020-08-24,1,4,5
2020-08-24,1,0,1
2020-08-24,0,0,0
2020-08-24,1,0,1
2020-08-24,42,4,46
2020-08-24,54,4,58
2020-08-24,76,25,101
2020-08-24,131,22,153
2020-08-24,5,1,6
2020-08-24,0,0,0
2020-08-24,7,0,7
2020-08-24,0,2,2
2020-08-24,49,8,57
2020-08-24,0,0,0
2020-08-24,335,67,402
2020-08-24,3,2,5
2020-08-24,221,35,256
2020-08-24,33,0,33
2020-08-24,147,16,163
2020-08-24,40,1,41
2020-08-24,44,28,72
2020-08-24,5,1,6
2020-08-24,24,6,30
2020-08-24,4,0,4
2020-08-24,39,2,41
2020-08-24,8,0,8
2020-08-24,385,74,459
2020-08-24,0,0,0
2020-08-24,0,0,0
2020-08-25,155,3,158
2020-08-25,1,0,1
2020-08-25,0,0,0
2020-08-25,34,1,35
2020-08-25,0,0,0
2020-08-25,72,30,102
2020-08-25,222,33,255
2020-08-25,1,3,4
2020-08-25,17,1,18
2020-08-25,0,0,0
2020-08-25,5,1,6
2020-08-25,131,22,153
2020-08-25,89,19,108
2020-08-25,235,88,323
2020-08-25,24,7,31
2020-08-25,25,0,25
2020-08-25,0,0,0
2020-08-25,4,4,8
2020-08-25,179,50,229
2020-08-25,15,4,19
2020-08-25,1,1,2
2020-08-25,5,0,5
2020-08-25,6,0,6
2020-08-25,42,0,42
2020-08-25,2,0,2
2020-08-25,0,0,0
2020-08-25,159,52,211
2020-08-25,12,1,13
2020-08-25,0,0,0
2020-08-25,321,59,380
2020-08-25,41,26,67
2020-08-25,399,68,467
2020-08-25,1168,517,1685
2020-08-25,89,14,103
2020-08-25,0,2,2
2020-08-25,20,0,20
2020-08-25,225,84,309
2020-08-25,230,26,256
2020-08-25,3,0,3
2020-08-25,0,0,0
2020-08-25,0,0,0
2020-08-25,0,0,0
2020-08-25,8,9,17
2020-08-25,51,5,56
2020-08-25,3,0,3
2020-08-25,148,12,160
2020-08-25,43,6,49
2020-08-25,1,1,2
2020-08-25,0,0,0
2020-08-25,34,3,37
2020-08-25,0,0,0
2020-08-25,50,11,61
2020-08-25,2,0,2
2020-08-25,34,1,35
2020-08-25,7,0,7
2020-08-25,52,8,60
2020-08-26,61,6,67
2020-08-26,6,1,7
2020-08-26,137,24,161
2020-08-26,7,0,7
2020-08-26,1168,466,1634
2020-08-26,318,49,367
2020-08-26,0,2,2
2020-08-26,51,10,61
2020-08-26,87,12,99
2020-08-26,88,21,109
2020-08-26,228,88,316
2020-08-26,23,12,35
2020-08-26,24,3,27
2020-08-26,218,39,257
2020-08-26,0,0,0
2020-08-26,215,39,254
2020-08-26,0,0,0
2020-08-26,372,51,423
2020-08-26,0,0,0
2020-08-26,19,1,20
2020-08-26,0,0,0
2020-08-26,4,0,4
2020-08-26,20,1,21
2020-08-26,0,0,0
2020-08-26,2,0,2
2020-08-26,1,1,2
2020-08-26,2,0,2
2020-08-26,0,0,0
2020-08-26,39,1,40
2020-08-26,142,19,161
2020-08-26,8,10,18
2020-08-26,74,31,105
2020-08-26,31,2,33
2020-08-26,13,5,18
2020-08-26,4,1,5
2020-08-26,4,0,4
2020-08-26,1,1,2
2020-08-26,1,2,3
2020-08-26,0,0,0
2020-08-26,34,1,35
2020-08-26,140,2,142
2020-08-26,17,2,19
2020-08-26,1,1,2
2020-08-26,37,2,39
2020-08-26,39,4,43
2020-08-26,190,48,238
2020-08-26,40,3,43
2020-08-26,0,0,0
2020-08-26,159,31,190
2020-08-26,0,0,0
2020-08-26,1,1,2
2020-08-26,3,0,3
2020-08-26,38,16,54
2020-08-26,226,95,321
2020-08-26,0,0,0
2020-08-26,0,0,0
2020-08-27,6,0,6
2020-08-27,0,0,0
2020-08-27,18,3,21
2020-08-27,0,0,0
2020-08-27,227,72,299
2020-08-27,223,87,310
2020-08-27,4,0,4
2020-08-27,33,2,35
2020-08-27,38,1,39
2020-08-27,40,2,42
2020-08-27,0,2,2
2020-08-27,215,34,249
2020-08-27,78,24,102
2020-08-27,40,4,44
2020-08-27,51,3,54
2020-08-27,19,0,19
2020-08-27,0,0,0
2020-08-27,52,8,60
2020-08-27,10,9,19
2020-08-27,1,1,2
2020-08-27,0,0,0
2020-08-27,4,0,4
2020-08-27,2,0,2
2020-08-27,0,0,0
2020-08-27,147,3,150
2020-08-27,0,0,0
2020-08-27,5,1,6
2020-08-27,0,0,0
2020-08-27,10,0,10
2020-08-27,0,0,0
2020-08-27,140,18,158
2020-08-27,0,0,0
2020-08-27,32,1,33
2020-08-27,1116,449,1565
2020-08-27,0,0,0
2020-08-27,2,0,2
2020-08-27,166,39,205
2020-08-27,1,2,3
2020-08-27,22,4,26
2020-08-27,306,55,361
2020-08-27,12,5,17
2020-08-27,198,47,245
2020-08-27,38,21,59
2020-08-27,207,30,237
2020-08-27,3,0,3
2020-08-27,3,1,4
2020-08-27,99,22,121
2020-08-27,33,0,33
2020-08-27,24,20,44
2020-08-27,351,49,400
2020-08-27,137,21,158
2020-08-27,0,0,0
2020-08-27,1,2,3
2020-08-27,7,8,15
2020-08-27,5,0,5
2020-08-27,79,12,91
2020-08-28,2,0,2
2020-08-28,305,49,354
2020-08-28,44,9,53
2020-08-28,216,81,297
2020-08-28,31,5,36
2020-08-28,6,0,6
2020-08-28,202,46,248
2020-08-28,14,2,16
2020-08-28,223,59,282
2020-08-28,1,1,2
2020-08-28,139,15,154
2020-08-28,0,0,0
2020-08-28,25,12,37
2020-08-28,0,0,0
2020-08-28,130,4,134
2020-08-28,1089,423,1512
2020-08-28,0,0,0
2020-08-28,24,2,26
2020-08-28,9,6,15
2020-08-28,32,0,32
2020-08-28,3,0,3
2020-08-28,41,21,62
2020-08-28,71,24,95
2020-08-28,18,2,20
2020-08-28,5,0,5
2020-08-28,0,0,0
2020-08-28,3,0,3
2020-08-28,0,0,0
2020-08-28,92,28,120
2020-08-28,19,0,19
2020-08-28,0,0,0
2020-08-28,202,28,230
2020-08-28,4,0,4
2020-08-28,1,2,3
2020-08-28,32,0,32
2020-08-28,14,1,15
2020-08-28,74,18,92
2020-08-28,0,0,0
2020-08-28,11,1,12
2020-08-28,124,20,144
2020-08-28,0,0,0
2020-08-28,201,27,228
2020-08-28,41,12,53
2020-08-28,0,0,0
2020-08-28,31,0,31
2020-08-28,2,0,2
2020-08-28,0,0,0
2020-08-28,0,0,0
2020-08-28,0,0,0
2020-08-28,2,0,2
2020-08-28,38,9,47
2020-08-28,2,0,2
2020-08-28,1,0,1
2020-08-28,156,34,190
2020-08-28,341,46,387
2020-08-28,51,4,55
2020-08-29,2,0,2
2020-08-29,292,42,334
2020-08-29,5,0,5
2020-08-29,34,6,40
2020-08-29,145,39,184
2020-08-29,0,0,0
2020-08-29,0,0,0
2020-08-29,43,5,48
2020-08-29,12,3,15
2020-08-29,0,0,0
2020-08-29,34,5,39
2020-08-29,41,12,53
2020-08-29,4,0,4
2020-08-29,0,0,0
2020-08-29,2,0,2
2020-08-29,31,0,31
2020-08-29,329,48,377
2020-08-29,51,2,53
2020-08-29,1,0,1
2020-08-29,74,11,85
2020-08-29,17,0,17
2020-08-29,0,0,0
2020-08-29,20,0,20
2020-08-29,95,10,105
2020-08-29,2,1,3
2020-08-29,32,0,32
2020-08-29,0,0,0
2020-08-29,0,0,0
2020-08-29,0,0,0
2020-08-29,0,0,0
2020-08-29,11,3,14
2020-08-29,1,1,2
2020-08-29,0,1,1
2020-08-29,1,0,1
2020-08-29,2,1,3
2020-08-29,2,0,2
2020-08-29,144,22,166
2020-08-29,2,0,2
2020-08-29,1,0,1
2020-08-29,118,6,124
2020-08-29,230,73,303
2020-08-29,25,2,27
2020-08-29,188,44,232
2020-08-29,10,1,11
2020-08-29,217,88,305
2020-08-29,27,9,36
2020-08-29,8,9,17
2020-08-29,109,24,133
2020-08-29,1043,415,1458
2020-08-29,31,0,31
2020-08-29,69,23,92
2020-08-29,196,29,225
2020-08-29,38,23,61
2020-08-29,200,45,245
2020-08-29,1,0,1
2020-08-29,0,0,0
2020-08-30,1,0,1
2020-08-30,1057,386,1443
2020-08-30,49,3,52
2020-08-30,317,61,378
2020-08-30,36,4,40
2020-08-30,0,0,0
2020-08-30,2,2,4
2020-08-30,5,0,5
2020-08-30,39,20,59
2020-08-30,0,0,0
2020-08-30,28,9,37
2020-08-30,1,0,1
2020-08-30,2,0,2
2020-08-30,190,34,224
2020-08-30,0,0,0
2020-08-30,10,3,13
2020-08-30,139,25,164
2020-08-30,183,37,220
2020-08-30,91,14,105
2020-08-30,32,0,32
2020-08-30,13,0,13
2020-08-30,12,3,15
2020-08-30,1,1,2
2020-08-30,2,0,2
2020-08-30,33,3,36
2020-08-30,72,30,102
2020-08-30,102,14,116
2020-08-30,196,31,227
2020-08-30,0,0,0
2020-08-30,0,0,0
2020-08-30,1,0,1
2020-08-30,2,2,4
2020-08-30,140,31,171
2020-08-30,3,1,4
2020-08-30,10,1,11
2020-08-30,35,0,35
2020-08-30,234,71,305
2020-08-30,0,0,0
2020-08-30,18,0,18
2020-08-30,283,54,337
2020-08-30,0,0,0
2020-08-30,0,0,0
2020-08-30,70,10,80
2020-08-30,115,4,119
2020-08-30,25,1,26
2020-08-30,33,7,40
2020-08-30,2,0,2
2020-08-30,8,6,14
2020-08-30,28,0,28
2020-08-30,0,0,0
2020-08-30,45,12,57
2020-08-30,0,0,0
2020-08-30,3,0,3
2020-08-30,0,0,0
2020-08-30,0,0,0
2020-08-30,210,71,281
2020-08-31,6,0,6
2020-08-31,29,12,41
2020-08-31,1,0,1
2020-08-31,0,0,0
2020-08-31,41,6,47
2020-08-31,0,0,0
2020-08-31,307,61,368
2020-08-31,81,28,109
2020-08-31,0,0,0
2020-08-31,30,0,30
2020-08-31,1,0,1
2020-08-31,10,1,11
2020-08-31,12,0,12
2020-08-31,143,46,189
2020-08-31,2,0,2
2020-08-31,39,22,61
2020-08-31,0,0,0
2020-08-31,0,0,0
2020-08-31,2,4,6
2020-08-31,292,63,355
2020-08-31,41,14,55
2020-08-31,74,12,86
2020-08-31,173,46,219
2020-08-31,9,4,13
2020-08-31,14,1,15
2020-08-31,102,14,116
2020-08-31,216,54,270
2020-08-31,27,1,28
2020-08-31,0,0,0
2020-08-31,2,0,2
2020-08-31,122,6,128
2020-08-31,10,4,14
2020-08-31,32,6,38
2020-08-31,233,73,306
2020-08-31,184,25,209
2020-08-31,1048,415,1463
2020-08-31,134,26,160
2020-08-31,31,10,41
2020-08-31,0,0,0
2020-08-31,0,0,0
2020-08-31,0,0,0
2020-08-31,17,1,18
2020-08-31,39,1,40
2020-08-31,0,0,0
2020-08-31,0,0,0
2020-08-31,1,0,1
2020-08-31,1,0,1
2020-08-31,196,47,243
2020-08-31,27,0,27
2020-08-31,65,15,80
2020-08-31,2,0,2
2020-08-31,50,1,51
2020-08-31,2,1,3
2020-08-31,0,0,0
2020-08-31,0,0,0
2020-08-31,1,0,1
2020-09-01,2,0,2
2020-09-01,0,0,0
2020-09-01,1,2,3
2020-09-01,2,1,3
2020-09-01,135,43,178
2020-09-01,26,1,27
2020-09-01,102,13,115
2020-09-01,12,2,14
2020-09-01,4,0,4
2020-09-01,27,10,37
2020-09-01,295,64,359
2020-09-01,7,0,7
2020-09-01,77,16,93
2020-09-01,37,15,52
2020-09-01,28,1,29
2020-09-01,2,0,2
2020-09-01,2,0,2
2020-09-01,1,1,2
2020-09-01,0,0,0
2020-09-01,31,7,38
2020-09-01,9,4,13
2020-09-01,37,26,63
2020-09-01,38,0,38
2020-09-01,0,0,0
2020-09-01,0,0,0
2020-09-01,0,0,0
2020-09-01,17,0,17
2020-09-01,162,48,210
2020-09-01,117,10,127
2020-09-01,10,6,16
2020-09-01,0,0,0
2020-09-01,38,5,43
2020-09-01,207,57,264
2020-09-01,1062,426,1488
2020-09-01,13,0,13
2020-09-01,6,1,7
2020-09-01,0,0,0
2020-09-01,231,76,307
2020-09-01,0,2,2
2020-09-01,76,22,98
2020-09-01,50,2,52
2020-09-01,4,0,4
2020-09-01,0,0,0
2020-09-01,0,1,1
2020-09-01,0,0,0
2020-09-01,3,0,3
2020-09-01,132,27,159
2020-09-01,0,0,0
2020-09-01,187,47,234
2020-09-01,68,31,99
2020-09-01,0,1,1
2020-09-01,2,2,4
2020-09-01,172,34,206
2020-09-01,29,0,29
2020-09-01,283,66,349
2020-09-01,29,8,37
2020-09-02,2,0,2
2020-09-02,61,30,91
2020-09-02,17,1,18
2020-09-02,77,17,94
2020-09-02,53,1,54
2020-09-02,130,28,158
2020-09-02,39,5,44
2020-09-02,4,0,4
2020-09-02,161,27,188
2020-09-02,992,386,1378
2020-09-02,0,0,0
2020-09-02,103,22,125
2020-09-02,38,20,58
2020-09-02,29,1,30
2020-09-02,25,9,34
2020-09-02,17,0,17
2020-09-02,0,0,0
2020-09-02,264,59,323
2020-09-02,29,0,29
2020-09-02,220,70,290
2020-09-02,9,5,14
2020-09-02,0,1,1
2020-09-02,120,6,126
2020-09-02,0,0,0
2020-09-02,4,2,6
2020-09-02,4,0,4
2020-09-02,0,0,0
2020-09-02,36,11,47
2020-09-02,70,12,82
2020-09-02,0,0,0
2020-09-02,3,0,3
2020-09-02,31,0,31
2020-09-02,0,0,0
2020-09-02,0,0,0
2020-09-02,2,1,3
2020-09-02,150,41,191
2020-09-02,27,1,28
2020-09-02,32,6,38
2020-09-02,1,2,3
2020-09-02,0,0,0
2020-09-02,14,1,15
2020-09-02,11,4,15
2020-09-02,0,0,0
2020-09-02,1,0,1
2020-09-02,31,6,37
2020-09-02,189,67,256
2020-09-02,1,0,1
2020-09-02,0,0,0
2020-09-02,1,1,2
2020-09-02,2,0,2
2020-09-02,0,0,0
2020-09-02,272,60,332
2020-09-02,131,34,165
2020-09-02,8,0,8
2020-09-02,193,29,222
2020-09-02,0,1,1
2020-09-03,1,0,1
2020-09-03,32,13,45
2020-09-03,0,0,0
2020-09-03,0,0,0
2020-09-03,33,2,35
2020-09-03,0,0,0
2020-09-03,125,27,152
2020-09-03,252,43,295
2020-09-03,27,0,27
2020-09-03,185,37,222
2020-09-03,5,0,5
2020-09-03,16,3,19
2020-09-03,8,0,8
2020-09-03,124,34,158
2020-09-03,13,0,13
2020-09-03,93,19,112
2020-09-03,0,0,0
2020-09-03,57,19,76
2020-09-03,2,0,2
2020-09-03,0,2,2
2020-09-03,0,0,0
2020-09-03,9,7,16
2020-09-03,71,13,84
2020-09-03,3,2,5
2020-09-03,0,0,0
2020-09-03,147,54,201
2020-09-03,1,0,1
2020-09-03,0,0,0
2020-09-03,264,44,308
2020-09-03,40,7,47
2020-09-03,190,32,222
2020-09-03,25,12,37
2020-09-03,2,0,2
2020-09-03,1,0,1
2020-09-03,0,0,0
2020-09-03,20,1,21
2020-09-03,9,1,10
2020-09-03,27,1,28
2020-09-03,0,0,0
2020-09-03,46,5,51
2020-09-03,0,0,0
2020-09-03,2,0,2
2020-09-03,2,0,2
2020-09-03,0,0,0
2020-09-03,63,11,74
2020-09-03,32,0,32
2020-09-03,984,362,1346
2020-09-03,27,3,30
2020-09-03,156,25,181
2020-09-03,41,24,65
2020-09-03,0,0,0
2020-09-03,218,71,289
2020-09-03,4,0,4
2020-09-03,33,8,41
2020-09-03,119,6,125
2020-09-03,4,0,4
2020-09-04,239,44,283
2020-09-04,1,2,3
2020-09-04,1,1,2
2020-09-04,4,0,4
2020-09-04,37,6,43
2020-09-04,0,0,0
2020-09-04,0,0,0
2020-09-04,41,16,57
2020-09-04,0,1,1
2020-09-04,35,0,35
2020-09-04,8,2,10
2020-09-04,2,0,2
2020-09-04,37,5,42
2020-09-04,58,7,65
2020-09-04,966,355,1321
2020-09-04,25,0,25
2020-09-04,8,0,8
2020-09-04,0,0,0
2020-09-04,177,39,216
2020-09-04,23,0,23
2020-09-04,2,0,2
2020-09-04,44,4,48
2020-09-04,3,3,6
2020-09-04,177,33,210
2020-09-04,0,0,0
2020-09-04,142,35,177
2020-09-04,3,1,4
2020-09-04,122,11,133
2020-09-04,32,8,40
2020-09-04,1,1,2
2020-09-04,12,3,15
2020-09-04,98,1,99
2020-09-04,3,0,3
2020-09-04,0,0,0
2020-09-04,15,0,15
2020-09-04,126,33,159
2020-09-04,1,0,1
2020-09-04,26,3,29
2020-09-04,73,14,87
2020-09-04,219,59,278
2020-09-04,25,8,33
2020-09-04,0,0,0
2020-09-04,153,23,176
2020-09-04,274,54,328
2020-09-04,86,15,101
2020-09-04,0,1,1
2020-09-04,4,1,5
2020-09-04,0,0,0
2020-09-04,7,3,10
2020-09-04,0,0,0
2020-09-04,0,1,1
2020-09-04,50,30,80
2020-09-04,0,0,0
2020-09-04,16,0,16
2020-09-04,0,0,0
2020-09-04,37,6,43
2020-09-05,2,0,2
2020-09-05,15,1,16
2020-09-05,0,0,0
2020-09-05,1,0,1
2020-09-05,943,361,1304
2020-09-05,27,2,29
2020-09-05,51,6,57
2020-09-05,26,1,27
2020-09-05,52,4,56
2020-09-05,0,0,0
2020-09-05,0,0,0
2020-09-05,0,0,0
2020-09-05,145,42,187
2020-09-05,0,1,1
2020-09-05,35,8,43
2020-09-05,1,0,1
2020-09-05,153,20,173
2020-09-05,1,0,1
2020-09-05,3,1,4
2020-09-05,193,67,260
2020-09-05,253,54,307
2020-09-05,10,0,10
2020-09-05,88,16,104
2020-09-05,42,21,63
2020-09-05,243,39,282
2020-09-05,34,7,41
2020-09-05,131,31,162
2020-09-05,1,0,1
2020-09-05,1,0,1
2020-09-05,124,17,141
2020-09-05,83,4,87
2020-09-05,1,1,2
2020-09-05,168,36,204
2020-09-05,23,13,36
2020-09-05,0,0,0
2020-09-05,41,7,48
2020-09-05,50,27,77
2020-09-05,26,3,29
2020-09-05,0,0,0
2020-09-05,0,0,0
2020-09-05,37,8,45
2020-09-05,32,1,33
2020-09-05,8,3,11
2020-09-05,6,1,7
2020-09-05,4,0,4
2020-09-05,13,7,20
2020-09-05,0,0,0
2020-09-05,0,0,0
2020-09-05,19,0,19
2020-09-05,3,2,5
2020-09-05,73,26,99
2020-09-05,3,3,6
2020-09-05,0,0,0
2020-09-05,0,0,0
2020-09-05,0,0,0
2020-09-05,171,49,220
2020-09-06,19,0,19
2020-09-06,0,0,0
2020-09-06,2,1,3
2020-09-06,0,0,0
2020-09-06,37,14,51
2020-09-06,0,1,1
2020-09-06,13,8,21
2020-09-06,57,17,74
2020-09-06,30,1,31
2020-09-06,0,0,0
2020-09-06,0,1,1
2020-09-06,161,42,203
2020-09-06,134,31,165
2020-09-06,1,1,2
2020-09-06,0,1,1
2020-09-06,0,0,0
2020-09-06,0,0,0
2020-09-06,228,39,267
2020-09-06,0,0,0
2020-09-06,2,2,4
2020-09-06,0,0,0
2020-09-06,2,0,2
2020-09-06,0,0,0
2020-09-06,0,0,0
2020-09-06,27,6,33
2020-09-06,2,0,2
2020-09-06,44,7,51
2020-09-06,152,18,170
2020-09-06,9,1,10
2020-09-06,32,8,40
2020-09-06,30,16,46
2020-09-06,2,0,2
2020-09-06,195,71,266
2020-09-06,28,1,29
2020-09-06,942,372,1314
2020-09-06,7,3,10
2020-09-06,25,11,36
2020-09-06,0,0,0
2020-09-06,41,26,67
2020-09-06,0,0,0
2020-09-06,20,1,21
2020-09-06,55,4,59
2020-09-06,35,1,36
2020-09-06,1,0,1
2020-09-06,4,5,9
2020-09-06,171,59,230
2020-09-06,5,0,5
2020-09-06,52,33,85
2020-09-06,68,24,92
2020-09-06,146,43,189
2020-09-06,80,12,92
2020-09-06,0,0,0
2020-09-06,9,5,14
2020-09-06,116,18,134
2020-09-06,238,64,302
2020-09-06,86,9,95
2020-09-07,37,28,65
2020-09-07,142,38,180
2020-09-07,0,0,0
2020-09-07,148,57,205
2020-09-07,0,0,0
2020-09-07,27,9,36
2020-09-07,29,1,30
2020-09-07,58,21,79
2020-09-07,2,1,3
2020-09-07,0,0,0
2020-09-07,0,0,0
2020-09-07,0,0,0
2020-09-07,211,72,283
2020-09-07,32,2,34
2020-09-07,141,41,182
2020-09-07,224,42,266
2020-09-07,10,5,15
2020-09-07,39,15,54
2020-09-07,18,0,18
2020-09-07,1,0,1
2020-09-07,0,0,0
2020-09-07,0,0,0
2020-09-07,38,9,47
2020-09-07,2,0,2
2020-09-07,63,15,78
2020-09-07,22,6,28
2020-09-07,10,2,12
2020-09-07,2,0,2
2020-09-07,1,1,2
2020-09-07,1,0,1
2020-09-07,28,0,28
2020-09-07,936,414,1350
2020-09-07,153,16,169
2020-09-07,0,0,0
2020-09-07,14,3,17
2020-09-07,8,0,8
2020-09-07,0,0,0
2020-09-07,1,1,2
2020-09-07,242,47,289
2020-09-07,4,0,4
2020-09-07,57,2,59
2020-09-07,0,0,0
2020-09-07,87,12,99
2020-09-07,0,0,0
2020-09-07,0,0,0
2020-09-07,175,68,243
2020-09-07,0,0,0
2020-09-07,0,0,0
2020-09-07,0,0,0
2020-09-07,39,4,43
2020-09-07,118,15,133
2020-09-07,5,2,7
2020-09-07,23,0,23
2020-09-07,25,6,31
2020-09-07,84,13,97
2020-09-07,64,18,82
2020-09-08,62,29,91
2020-09-08,14,3,17
2020-09-08,10,5,15
2020-09-08,55,25,80
2020-09-08,0,0,0
2020-09-08,14,2,16
2020-09-08,1,5,6
2020-09-08,0,0,0
2020-09-08,157,46,203
2020-09-08,60,6,66
2020-09-08,0,0,0
2020-09-08,145,23,168
2020-09-08,22,11,33
2020-09-08,154,50,204
2020-09-08,17,0,17
2020-09-08,0,0,0
2020-09-08,0,0,0
2020-09-08,36,2,38
2020-09-08,940,415,1355
2020-09-08,0,0,0
2020-09-08,64,18,82
2020-09-08,0,0,0
2020-09-08,37,2,39
2020-09-08,4,0,4
2020-09-08,1,1,2
2020-09-08,0,2,2
2020-09-08,0,0,0
2020-09-08,89,9,98
2020-09-08,121,16,137
2020-09-08,2,1,3
2020-09-08,214,61,275
2020-09-08,144,50,194
2020-09-08,219,59,278
2020-09-08,4,1,5
2020-09-08,0,0,0
2020-09-08,2,0,2
2020-09-08,1,0,1
2020-09-08,89,18,107
2020-09-08,24,1,25
2020-09-08,3,1,4
2020-09-08,20,2,22
2020-09-08,0,1,1
2020-09-08,8,0,8
2020-09-08,22,0,22
2020-09-08,185,76,261
2020-09-08,0,0,0
2020-09-08,1,0,1
2020-09-08,0,0,0
2020-09-08,33,10,43
2020-09-08,37,25,62
2020-09-08,0,0,0
2020-09-08,234,60,294
2020-09-08,43,27,70
2020-09-08,36,6,42
2020-09-08,30,2,32
2020-09-08,0,0,0
2020-09-09,94,8,102
2020-09-09,149,40,189
2020-09-09,55,32,87
2020-09-09,2,0,2
2020-09-09,5,1,6
2020-09-09,7,2,9
2020-09-09,1,0,1
2020-09-09,83,10,93
2020-09-09,66,18,84
2020-09-09,58,7,65
2020-09-09,0,0,0
2020-09-09,47,29,76
2020-09-09,0,0,0
2020-09-09,36,1,37
2020-09-09,0,0,0
2020-09-09,0,0,0
2020-09-09,1,0,1
2020-09-09,12,3,15
2020-09-09,127,14,141
2020-09-09,27,1,28
2020-09-09,38,1,39
2020-09-09,239,70,309
2020-09-09,889,365,1254
2020-09-09,4,0,4
2020-09-09,0,0,0
2020-09-09,3,0,3
2020-09-09,2,0,2
2020-09-09,20,8,28
2020-09-09,155,35,190
2020-09-09,0,4,4
2020-09-09,20,0,20
2020-09-09,1,0,1
2020-09-09,136,23,159
2020-09-09,189,49,238
2020-09-09,24,0,24
2020-09-09,0,0,0
2020-09-09,210,60,270
2020-09-09,0,0,0
2020-09-09,31,3,34
2020-09-09,0,0,0
2020-09-09,0,0,0
2020-09-09,36,14,50
2020-09-09,8,1,9
2020-09-09,0,0,0
2020-09-09,21,0,21
2020-09-09,0,0,0
2020-09-09,2,3,5
2020-09-09,62,19,81
2020-09-09,0,0,0
2020-09-09,133,24,157
2020-09-09,1,0,1
2020-09-09,29,10,39
2020-09-09,18,1,19
2020-09-09,13,6,19
2020-09-09,0,0,0
2020-09-09,234,75,309
2020-09-10,7,1,8
2020-09-10,2,0,2
2020-09-10,36,3,39
2020-09-10,0,2,2
2020-09-10,0,0,0
2020-09-10,4,1,5
2020-09-10,66,17,83
2020-09-10,67,22,89
2020-09-10,0,0,0
2020-09-10,31,1,32
2020-09-10,0,0,0
2020-09-10,0,0,0
2020-09-10,0,0,0
2020-09-10,0,0,0
2020-09-10,7,3,10
2020-09-10,114,18,132
2020-09-10,0,2,2
2020-09-10,82,3,85
2020-09-10,0,0,0
2020-09-10,4,1,5
2020-09-10,0,0,0
2020-09-10,10,6,16
2020-09-10,34,25,59
2020-09-10,34,17,51
2020-09-10,55,35,90
2020-09-10,75,9,84
2020-09-10,2,0,2
2020-09-10,151,32,183
2020-09-10,1,0,1
2020-09-10,14,1,15
2020-09-10,877,342,1219
2020-09-10,3,0,3
2020-09-10,19,5,24
2020-09-10,31,3,34
2020-09-10,205,54,259
2020-09-10,223,54,277
2020-09-10,122,21,143
2020-09-10,53,6,59
2020-09-10,22,0,22
2020-09-10,28,0,28
2020-09-10,19,0,19
2020-09-10,27,8,35
2020-09-10,0,0,0
2020-09-10,125,30,155
2020-09-10,1,0,1
2020-09-10,142,41,183
2020-09-10,0,0,0
2020-09-10,3,0,3
2020-09-10,17,0,17
2020-09-10,1,0,1
2020-09-10,232,53,285
2020-09-10,1,0,1
2020-09-10,2,5,7
2020-09-10,13,9,22
2020-09-10,180,51,231
2020-09-10,0,0,0
2020-09-11,5,0,5
2020-09-11,0,0,0
2020-09-11,201,49,250
2020-09-11,2,1,3
2020-09-11,0,3,3
2020-09-11,2,0,2
2020-09-11,119,44,163
2020-09-11,66,17,83
2020-09-11,112,15,127
2020-09-11,73,20,93
2020-09-11,16,0,16
2020-09-11,0,0,0
2020-09-11,28,1,29
2020-09-11,131,47,178
2020-09-11,227,60,287
2020-09-11,813,345,1158
2020-09-11,15,1,16
2020-09-11,74,18,92
2020-09-11,2,1,3
2020-09-11,11,0,11
2020-09-11,0,0,0
2020-09-11,34,18,52
2020-09-11,0,0,0
2020-09-11,0,0,0
2020-09-11,0,0,0
2020-09-11,3,0,3
2020-09-11,0,0,0
2020-09-11,171,61,232
2020-09-11,135,26,161
2020-09-11,9,2,11
2020-09-11,47,3,50
2020-09-11,0,0,0
2020-09-11,112,20,132
2020-09-11,38,10,48
2020-09-11,18,7,25
2020-09-11,25,8,33
2020-09-11,1,0,1
2020-09-11,2,1,3
2020-09-11,2,0,2
2020-09-11,0,0,0
2020-09-11,25,0,25
2020-09-11,3,0,3
2020-09-11,0,0,0
2020-09-11,7,3,10
2020-09-11,33,4,37
2020-09-11,1,1,2
2020-09-11,20,1,21
2020-09-11,5,0,5
2020-09-11,1,0,1
2020-09-11,31,0,31
2020-09-11,0,0,0
2020-09-11,32,3,35
2020-09-11,68,15,83
2020-09-11,55,25,80
2020-09-11,215,47,262
2020-09-11,0,1,1
2020-09-12,2,1,3
2020-09-12,0,0,0
2020-09-12,4,0,4
2020-09-12,5,1,6
2020-09-12,1,0,1
2020-09-12,2,0,2
2020-09-12,3,0,3
2020-09-12,15,1,16
2020-09-12,17,11,28
2020-09-12,72,15,87
2020-09-12,0,0,0
2020-09-12,0,0,0
2020-09-12,2,0,2
2020-09-12,107,19,126
2020-09-12,50,13,63
2020-09-12,0,0,0
2020-09-12,10,1,11
2020-09-12,46,3,49
2020-09-12,0,0,0
2020-09-12,2,0,2
2020-09-12,0,0,0
2020-09-12,27,1,28
2020-09-12,70,11,81
2020-09-12,27,7,34
2020-09-12,16,0,16
2020-09-12,36,1,37
2020-09-12,1,0,1
2020-09-12,775,375,1150
2020-09-12,128,47,175
2020-09-12,0,0,0
2020-09-12,0,0,0
2020-09-12,0,0,0
2020-09-12,218,59,277
2020-09-12,157,43,200
2020-09-12,114,34,148
2020-09-12,8,2,10
2020-09-12,196,42,238
2020-09-12,69,19,88
2020-09-12,39,17,56
2020-09-12,70,6,76
2020-09-12,38,22,60
2020-09-12,30,1,31
2020-09-12,12,0,12
2020-09-12,0,0,0
2020-09-12,0,3,3
2020-09-12,20,2,22
2020-09-12,23,0,23
2020-09-12,0,1,1
2020-09-12,2,3,5
2020-09-12,27,0,27
2020-09-12,111,26,137
2020-09-12,2,1,3
2020-09-12,4,0,4
2020-09-12,121,47,168
2020-09-12,190,36,226
2020-09-12,0,1,1
2020-09-13,0,0,0
2020-09-13,3,0,3
2020-09-13,111,18,129
2020-09-13,151,49,200
2020-09-13,76,18,94
2020-09-13,15,0,15
2020-09-13,0,0,0
2020-09-13,0,0,0
2020-09-13,27,0,27
2020-09-13,0,0,0
2020-09-13,101,21,122
2020-09-13,18,1,19
2020-09-13,11,5,16
2020-09-13,0,3,3
2020-09-13,1,0,1
2020-09-13,21,1,22
2020-09-13,69,4,73
2020-09-13,1,1,2
2020-09-13,2,0,2
2020-09-13,42,17,59
2020-09-13,2,0,2
2020-09-13,193,45,238
2020-09-13,8,0,8
2020-09-13,7,1,8
2020-09-13,0,0,0
2020-09-13,19,6,25
2020-09-13,0,0,0
2020-09-13,66,21,87
2020-09-13,70,21,91
2020-09-13,1,0,1
2020-09-13,0,1,1
2020-09-13,114,32,146
2020-09-13,36,3,39
2020-09-13,12,2,14
2020-09-13,0,0,0
2020-09-13,183,34,217
2020-09-13,225,61,286
2020-09-13,28,0,28
2020-09-13,32,1,33
2020-09-13,2,1,3
2020-09-13,2,0,2
2020-09-13,33,16,49
2020-09-13,0,0,0
2020-09-13,4,0,4
2020-09-13,0,0,0
2020-09-13,115,47,162
2020-09-13,129,38,167
2020-09-13,31,7,38
2020-09-13,17,0,17
2020-09-13,0,0,0
2020-09-13,2,0,2
2020-09-13,4,0,4
2020-09-13,43,12,55
2020-09-13,772,330,1102
2020-09-13,42,5,47
2020-09-13,0,2,2
2020-09-14,5,0,5
2020-09-14,116,39,155
2020-09-14,0,0,0
2020-09-14,7,2,9
2020-09-14,26,0,26
2020-09-14,118,37,155
2020-09-14,201,51,252
2020-09-14,47,17,64
2020-09-14,36,5,41
2020-09-14,0,0,0
2020-09-14,0,0,0
2020-09-14,1,3,4
2020-09-14,1,0,1
2020-09-14,2,0,2
2020-09-14,2,0,2
2020-09-14,38,12,50
2020-09-14,0,1,1
2020-09-14,18,1,19
2020-09-14,1,0,1
2020-09-14,0,1,1
2020-09-14,20,1,21
2020-09-14,4,1,5
2020-09-14,9,0,9
2020-09-14,34,4,38
2020-09-14,225,48,273
2020-09-14,0,0,0
2020-09-14,0,3,3
2020-09-14,1,0,1
2020-09-14,28,0,28
2020-09-14,67,25,92
2020-09-14,30,2,32
2020-09-14,804,343,1147
2020-09-14,0,0,0
2020-09-14,118,28,146
2020-09-14,0,0,0
2020-09-14,0,0,0
2020-09-14,18,0,18
2020-09-14,155,49,204
2020-09-14,78,12,90
2020-09-14,108,15,123
2020-09-14,113,30,143
2020-09-14,31,20,51
2020-09-14,4,0,4
2020-09-14,1,0,1
2020-09-14,0,0,0
2020-09-14,2,0,2
2020-09-14,0,0,0
2020-09-14,39,7,46
2020-09-14,76,5,81
2020-09-14,61,21,82
2020-09-14,11,1,12
2020-09-14,186,53,239
2020-09-14,14,0,14
2020-09-14,0,0,0
2020-09-14,21,4,25
2020-09-14,10,7,17
2020-09-15,71,6,77
2020-09-15,202,56,258
2020-09-15,0,0,0
2020-09-15,6,0,6
2020-09-15,110,44,154
2020-09-15,30,13,43
2020-09-15,0,0,0
2020-09-15,0,0,0
2020-09-15,0,0,0
2020-09-15,0,0,0
2020-09-15,1,0,1
2020-09-15,3,1,4
2020-09-15,60,17,77
2020-09-15,10,0,10
2020-09-15,21,9,30
2020-09-15,0,0,0
2020-09-15,68,13,81
2020-09-15,21,1,22
2020-09-15,3,0,3
2020-09-15,19,0,19
2020-09-15,0,0,0
2020-09-15,9,2,11
2020-09-15,52,15,67
2020-09-15,0,0,0
2020-09-15,11,5,16
2020-09-15,19,0,19
2020-09-15,26,3,29
2020-09-15,0,1,1
2020-09-15,180,57,237
2020-09-15,3,0,3
2020-09-15,1,2,3
2020-09-15,109,29,138
2020-09-15,0,0,0
2020-09-15,1,1,2
2020-09-15,780,348,1128
2020-09-15,10,3,13
2020-09-15,40,13,53
2020-09-15,103,15,118
2020-09-15,5,0,5
2020-09-15,40,12,52
2020-09-15,220,55,275
2020-09-15,155,62,217
2020-09-15,33,2,35
2020-09-15,0,0,0
2020-09-15,0,0,0
2020-09-15,1,0,1
2020-09-15,0,0,0
2020-09-15,2,0,2
2020-09-15,28,3,31
2020-09-15,117,20,137
2020-09-15,1,0,1
2020-09-15,127,34,161
2020-09-15,62,18,80
2020-09-15,26,0,26
2020-09-15,0,0,0
2020-09-15,35,4,39
2020-09-16,0,0,0
2020-09-16,3,0,3
2020-09-16,32,2,34
2020-09-16,0,0,0
2020-09-16,0,0,0
2020-09-16,0,0,0
2020-09-16,1,0,1
2020-09-16,58,14,72
2020-09-16,1,0,1
2020-09-16,23,2,25
2020-09-16,18,0,18
2020-09-16,10,1,11
2020-09-16,20,1,21
2020-09-16,39,14,53
2020-09-16,14,1,15
2020-09-16,101,46,147
2020-09-16,70,3,73
2020-09-16,31,0,31
2020-09-16,0,0,0
2020-09-16,198,53,251
2020-09-16,186,59,245
2020-09-16,48,13,61
2020-09-16,11,1,12
2020-09-16,108,35,143
2020-09-16,0,0,0
2020-09-16,0,0,0
2020-09-16,22,1,23
2020-09-16,1,0,1
2020-09-16,0,0,0
2020-09-16,99,32,131
2020-09-16,103,15,118
2020-09-16,100,26,126
2020-09-16,0,0,0
2020-09-16,18,11,29
2020-09-16,1,0,1
2020-09-16,2,1,3
2020-09-16,53,28,81
2020-09-16,739,379,1118
2020-09-16,0,0,0
2020-09-16,0,0,0
2020-09-16,20,0,20
2020-09-16,158,60,218
2020-09-16,32,6,38
2020-09-16,1,0,1
2020-09-16,6,1,7
2020-09-16,0,0,0
2020-09-16,1,2,3
2020-09-16,11,5,16
2020-09-16,43,10,53
2020-09-16,224,60,284
2020-09-16,0,0,0
2020-09-16,3,0,3
2020-09-16,4,2,6
2020-09-16,29,15,44
2020-09-16,64,14,78
2020-09-16,2,0,2
2020-09-17,4,3,7
2020-09-17,2,0,2
2020-09-17,2,2,4
2020-09-17,29,17,46
2020-09-17,0,0,0
2020-09-17,0,0,0
2020-09-17,0,0,0
2020-09-17,18,0,18
2020-09-17,114,16,130
2020-09-17,10,9,19
2020-09-17,30,1,31
2020-09-17,2,0,2
2020-09-17,0,0,0
2020-09-17,1,0,1
2020-09-17,0,0,0
2020-09-17,20,0,20
2020-09-17,0,2,2
2020-09-17,0,0,0
2020-09-17,74,2,76
2020-09-17,11,0,11
2020-09-17,98,21,119
2020-09-17,0,0,0
2020-09-17,6,1,7
2020-09-17,9,0,9
2020-09-17,27,3,30
2020-09-17,143,67,210
2020-09-17,46,20,66
2020-09-17,23,1,24
2020-09-17,98,33,131
2020-09-17,732,340,1072
2020-09-17,38,9,47
2020-09-17,217,59,276
2020-09-17,1,0,1
2020-09-17,60,13,73
2020-09-17,201,59,260
2020-09-17,109,32,141
2020-09-17,2,0,2
2020-09-17,39,10,49
2020-09-17,98,37,135
2020-09-17,30,0,30
2020-09-17,67,19,86
2020-09-17,0,0,0
2020-09-17,23,0,23
2020-09-17,5,0,5
2020-09-17,0,0,0
2020-09-17,172,51,223
2020-09-17,0,0,0
2020-09-17,0,0,0
2020-09-17,26,28,54
2020-09-17,19,10,29
2020-09-17,1,3,4
2020-09-17,0,0,0
2020-09-17,13,1,14
2020-09-17,55,25,80
2020-09-17,0,0,0
2020-09-17,1,0,1
2020-09-18,99,39,138
2020-09-18,0,0,0
2020-09-18,0,0,0
2020-09-18,3,0,3
2020-09-18,9,2,11
2020-09-18,13,12,25
2020-09-18,114,19,133
2020-09-18,4,0,4
2020-09-18,148,51,199
2020-09-18,34,1,35
2020-09-18,23,4,27
2020-09-18,38,6,44
2020-09-18,1,0,1
2020-09-18,169,47,216
2020-09-18,202,50,252
2020-09-18,0,0,0
2020-09-18,208,41,249
2020-09-18,1,0,1
2020-09-18,0,0,0
2020-09-18,24,0,24
2020-09-18,110,41,151
2020-09-18,0,0,0
2020-09-18,0,0,0
2020-09-18,17,0,17
2020-09-18,19,0,19
2020-09-18,0,0,0
2020-09-18,64,12,76
2020-09-18,39,9,48
2020-09-18,0,1,1
2020-09-18,48,13,61
2020-09-18,26,28,54
2020-09-18,0,1,1
2020-09-18,66,4,70
2020-09-18,95,25,120
2020-09-18,11,1,12
2020-09-18,0,0,0
2020-09-18,0,0,0
2020-09-18,765,363,1128
2020-09-18,55,9,64
2020-09-18,0,0,0
2020-09-18,1,0,1
2020-09-18,26,2,28
2020-09-18,7,4,11
2020-09-18,2,2,4
2020-09-18,27,10,37
2020-09-18,4,0,4
2020-09-18,21,1,22
2020-09-18,96,18,114
2020-09-18,0,0,0
2020-09-18,2,1,3
2020-09-18,5,0,5
2020-09-18,3,0,3
2020-09-18,5,0,5
2020-09-18,0,0,0
2020-09-18,45,29,74
2020-09-18,14,1,15
2020-09-19,72,4,76
2020-09-19,0,0,0
2020-09-19,185,52,237
2020-09-19,7,5,12
2020-09-19,3,0,3
2020-09-19,1,0,1
2020-09-19,114,34,148
2020-09-19,0,0,0
2020-09-19,0,0,0
2020-09-19,138,54,192
2020-09-19,4,0,4
2020-09-19,0,0,0
2020-09-19,111,20,131
2020-09-19,58,9,67
2020-09-19,26,11,37
2020-09-19,0,0,0
2020-09-19,3,0,3
2020-09-19,3,0,3
2020-09-19,39,6,45
2020-09-19,16,1,17
2020-09-19,10,2,12
2020-09-19,48,11,59
2020-09-19,0,0,0
2020-09-19,167,54,221
2020-09-19,0,0,0
2020-09-19,57,10,67
2020-09-19,22,6,28
2020-09-19,2,2,4
2020-09-19,5,0,5
2020-09-19,95,48,143
2020-09-19,20,0,20
2020-09-19,0,1,1
2020-09-19,32,2,34
2020-09-19,23,3,26
2020-09-19,0,0,0
2020-09-19,21,1,22
2020-09-19,94,18,112
2020-09-19,92,23,115
2020-09-19,749,328,1077
2020-09-19,203,50,253
2020-09-19,18,0,18
2020-09-19,0,0,0
2020-09-19,0,0,0
2020-09-19,2,3,5
2020-09-19,9,0,9
2020-09-19,51,25,76
2020-09-19,36,8,44
2020-09-19,2,0,2
2020-09-19,24,30,54
2020-09-19,0,0,0
2020-09-19,0,0,0
2020-09-19,14,11,25
2020-09-19,17,0,17
2020-09-19,0,0,0
2020-09-19,5,0,5
2020-09-19,0,2,2
2020-09-20,23,3,26
2020-09-20,26,10,36
2020-09-20,0,0,0
2020-09-20,67,4,71
2020-09-20,92,13,105
2020-09-20,3,0,3
2020-09-20,120,30,150
2020-09-20,0,1,1
2020-09-20,21,6,27
2020-09-20,20,0,20
2020-09-20,22,28,50
2020-09-20,0,0,0
2020-09-20,0,0,0
2020-09-20,3,3,6
2020-09-20,19,0,19
2020-09-20,98,46,144
2020-09-20,0,0,0
2020-09-20,2,2,4
2020-09-20,0,0,0
2020-09-20,0,1,1
2020-09-20,0,0,0
2020-09-20,211,56,267
2020-09-20,0,0,0
2020-09-20,8,4,12
2020-09-20,17,0,17
2020-09-20,0,0,0
2020-09-20,58,6,64
2020-09-20,9,0,9
2020-09-20,3,1,4
2020-09-20,1,0,1
2020-09-20,3,0,3
2020-09-20,7,0,7
2020-09-20,745,368,1113
2020-09-20,178,59,237
2020-09-20,44,13,57
2020-09-20,50,26,76
2020-09-20,0,0,0
2020-09-20,113,22,135
2020-09-20,34,8,42
2020-09-20,15,12,27
2020-09-20,0,0,0
2020-09-20,131,55,186
2020-09-20,4,0,4
2020-09-20,4,0,4
2020-09-20,33,2,35
2020-09-20,156,62,218
2020-09-20,92,21,113
2020-09-20,13,0,13
2020-09-20,65,8,73
2020-09-20,0,0,0
2020-09-20,19,1,20
2020-09-20,0,0,0
2020-09-20,37,10,47
2020-09-20,6,0,6
2020-09-20,0,2,2
2020-09-20,1,3,4
2020-09-21,0,0,0
2020-09-21,0,0,0
2020-09-21,3,1,4
2020-09-21,33,2,35
2020-09-21,170,64,234
2020-09-21,69,2,71
2020-09-21,68,2,70
2020-09-21,0,0,0
2020-09-21,2,4,6
2020-09-21,3,3,6
2020-09-21,52,22,74
2020-09-21,5,0,5
2020-09-21,4,3,7
2020-09-21,93,24,117
2020-09-21,30,20,50
2020-09-21,13,14,27
2020-09-21,96,34,130
2020-09-21,111,18,129
2020-09-21,26,8,34
2020-09-21,1,0,1
2020-09-21,35,12,47
2020-09-21,12,1,13
2020-09-21,3,0,3
2020-09-21,21,0,21
2020-09-21,5,0,5
2020-09-21,0,0,0
2020-09-21,3,0,3
2020-09-21,146,52,198
2020-09-21,15,0,15
2020-09-21,15,4,19
2020-09-21,0,1,1
2020-09-21,209,54,263
2020-09-21,164,71,235
2020-09-21,0,0,0
2020-09-21,23,0,23
2020-09-21,2,0,2
2020-09-21,19,1,20
2020-09-21,0,0,0
2020-09-21,0,0,0
2020-09-21,0,0,0
2020-09-21,132,29,161
2020-09-21,8,5,13
2020-09-21,0,1,1
2020-09-21,0,0,0
2020-09-21,5,0,5
2020-09-21,60,18,78
2020-09-21,0,0,0
2020-09-21,0,0,0
2020-09-21,11,0,11
2020-09-21,0,0,0
2020-09-21,89,17,106
2020-09-21,0,0,0
2020-09-21,779,365,1144
2020-09-21,39,11,50
2020-09-21,21,13,34
2020-09-21,37,12,49
2020-09-22,0,0,0
2020-09-22,4,1,5
2020-09-22,92,26,118
2020-09-22,210,50,260
2020-09-22,45,14,59
2020-09-22,0,0,0
2020-09-22,91,36,127
2020-09-22,18,2,20
2020-09-22,3,2,5
2020-09-22,27,24,51
2020-09-22,0,1,1
2020-09-22,0,1,1
2020-09-22,82,23,105
2020-09-22,0,0,0
2020-09-22,72,8,80
2020-09-22,6,0,6
2020-09-22,6,0,6
2020-09-22,0,0,0
2020-09-22,162,72,234
2020-09-22,138,33,171
2020-09-22,175,64,239
2020-09-22,69,1,70
2020-09-22,49,25,74
2020-09-22,4,0,4
2020-09-22,3,2,5
2020-09-22,0,0,0
2020-09-22,0,0,0
2020-09-22,0,0,0
2020-09-22,0,0,0
2020-09-22,0,0,0
2020-09-22,22,20,42
2020-09-22,4,3,7
2020-09-22,15,15,30
2020-09-22,56,18,74
2020-09-22,2,0,2
2020-09-22,0,0,0
2020-09-22,0,1,1
2020-09-22,21,6,27
2020-09-22,3,1,4
2020-09-22,41,9,50
2020-09-22,9,0,9
2020-09-22,22,0,22
2020-09-22,1,0,1
2020-09-22,150,64,214
2020-09-22,753,392,1145
2020-09-22,13,0,13
2020-09-22,17,0,17
2020-09-22,36,8,44
2020-09-22,114,8,122
2020-09-22,0,0,0
2020-09-22,34,2,36
2020-09-22,0,1,1
2020-09-22,7,5,12
2020-09-22,26,0,26
2020-09-22,1,0,1
2020-09-22,14,2,16
2020-09-23,0,0,0
2020-09-23,2,0,2
2020-09-23,0,0,0
2020-09-23,12,0,12
2020-09-23,0,0,0
2020-09-23,1,0,1
2020-09-23,24,24,48
2020-09-23,0,0,0
2020-09-23,5,4,9
2020-09-23,18,8,26
2020-09-23,0,0,0
2020-09-23,0,0,0
2020-09-23,3,0,3
2020-09-23,7,3,10
2020-09-23,5,1,6
2020-09-23,0,0,0
2020-09-23,75,2,77
2020-09-23,760,378,1138
2020-09-23,1,0,1
2020-09-23,1,0,1
2020-09-23,109,11,120
2020-09-23,39,13,52
2020-09-23,2,0,2
2020-09-23,8,0,8
2020-09-23,1,0,1
2020-09-23,12,0,12
2020-09-23,65,9,74
2020-09-23,37,10,47
2020-09-23,3,0,3
2020-09-23,6,0,6
2020-09-23,8,0,8
2020-09-23,13,17,30
2020-09-23,15,0,15
2020-09-23,0,0,0
2020-09-23,91,24,115
2020-09-23,92,43,135
2020-09-23,17,0,17
2020-09-23,141,56,197
2020-09-23,0,0,0
2020-09-23,200,53,253
2020-09-23,0,0,0
2020-09-23,160,52,212
2020-09-23,27,0,27
2020-09-23,44,20,64
2020-09-23,0,0,0
2020-09-23,168,57,225
2020-09-23,84,24,108
2020-09-23,54,16,70
2020-09-23,20,4,24
2020-09-23,0,0,0
2020-09-23,45,21,66
2020-09-23,29,28,57
2020-09-23,27,0,27
2020-09-23,0,1,1
2020-09-23,0,0,0
2020-09-23,147,27,174
2020-09-24,2,1,3
2020-09-24,18,0,18
2020-09-24,80,23,103
2020-09-24,0,0,0
2020-09-24,715,319,1034
2020-09-24,0,0,0
2020-09-24,157,69,226
2020-09-24,0,0,0
2020-09-24,1,0,1
2020-09-24,2,0,2
2020-09-24,1,0,1
2020-09-24,12,0,12
2020-09-24,139,31,170
2020-09-24,0,0,0
2020-09-24,0,0,0
2020-09-24,3,0,3
2020-09-24,4,0,4
2020-09-24,16,5,21
2020-09-24,0,0,0
2020-09-24,0,0,0
2020-09-24,82,32,114
2020-09-24,5,0,5
2020-09-24,49,7,56
2020-09-24,196,45,241
2020-09-24,0,0,0
2020-09-24,28,0,28
2020-09-24,11,0,11
2020-09-24,4,1,5
2020-09-24,5,3,8
2020-09-24,11,0,11
2020-09-24,87,36,123
2020-09-24,24,24,48
2020-09-24,39,20,59
2020-09-24,111,10,121
2020-09-24,35,12,47
2020-09-24,28,0,28
2020-09-24,152,42,194
2020-09-24,3,1,4
2020-09-24,142,62,204
2020-09-24,60,9,69
2020-09-24,1,0,1
2020-09-24,0,0,0
2020-09-24,30,30,60
2020-09-24,11,12,23
2020-09-24,44,23,67
2020-09-24,1,0,1
2020-09-24,72,2,74
2020-09-24,0,0,0
2020-09-24,8,0,8
2020-09-24,0,0,0
2020-09-24,41,8,49
2020-09-24,18,0,18
2020-09-24,3,2,5
2020-09-24,0,0,0
2020-09-24,0,0,0
2020-09-24,23,4,27
2020-09-25,20,0,20
2020-09-25,12,0,12
2020-09-25,3,0,3
2020-09-25,25,0,25
2020-09-25,156,51,207
2020-09-25,0,0,0
2020-09-25,76,28,104
2020-09-25,13,0,13
2020-09-25,108,12,120
2020-09-25,148,50,198
2020-09-25,1,0,1
2020-09-25,10,0,10
2020-09-25,3,2,5
2020-09-25,0,0,0
2020-09-25,28,0,28
2020-09-25,32,13,45
2020-09-25,70,2,72
2020-09-25,13,19,32
2020-09-25,5,0,5
2020-09-25,134,28,162
2020-09-25,18,8,26
2020-09-25,0,0,0
2020-09-25,0,0,0
2020-09-25,3,0,3
2020-09-25,9,0,9
2020-09-25,0,0,0
2020-09-25,1,0,1
2020-09-25,0,0,0
2020-09-25,5,2,7
2020-09-25,0,2,2
2020-09-25,1,0,1
2020-09-25,692,336,1028
2020-09-25,0,0,0
2020-09-25,86,27,113
2020-09-25,2,1,3
2020-09-25,129,67,196
2020-09-25,0,0,0
2020-09-25,0,0,0
2020-09-25,78,23,101
2020-09-25,2,0,2
2020-09-25,196,39,235
2020-09-25,6,0,6
2020-09-25,0,0,0
2020-09-25,0,0,0
2020-09-25,0,0,0
2020-09-25,24,4,28
2020-09-25,44,22,66
2020-09-25,5,0,5
2020-09-25,61,11,72
2020-09-25,13,0,13
2020-09-25,44,8,52
2020-09-25,0,0,0
2020-09-25,25,20,45
2020-09-25,36,9,45
2020-09-25,18,15,33
2020-09-25,30,19,49
2020-09-26,30,11,41
2020-09-26,3,0,3
2020-09-26,3,0,3
2020-09-26,1,0,1
2020-09-26,131,25,156
2020-09-26,0,0,0
2020-09-26,9,0,9
2020-09-26,46,18,64
2020-09-26,0,0,0
2020-09-26,10,0,10
2020-09-26,32,10,42
2020-09-26,13,0,13
2020-09-26,21,5,26
2020-09-26,75,36,111
2020-09-26,0,0,0
2020-09-26,69,19,88
2020-09-26,19,0,19
2020-09-26,8,1,9
2020-09-26,3,1,4
2020-09-26,0,0,0
2020-09-26,0,0,0
2020-09-26,0,0,0
2020-09-26,4,0,4
2020-09-26,152,44,196
2020-09-26,56,8,64
2020-09-26,5,8,13
2020-09-26,0,0,0
2020-09-26,38,11,49
2020-09-26,1,0,1
2020-09-26,13,0,13
2020-09-26,2,0,2
2020-09-26,13,3,16
2020-09-26,0,0,0
2020-09-26,1,0,1
2020-09-26,29,12,41
2020-09-26,1,0,1
2020-09-26,18,7,25
2020-09-26,93,11,104
2020-09-26,135,46,181
2020-09-26,66,4,70
2020-09-26,197,42,239
2020-09-26,25,25,50
2020-09-26,0,0,0
2020-09-26,0,1,1
2020-09-26,1,0,1
2020-09-26,164,36,200
2020-09-26,25,0,25
2020-09-26,687,371,1058
2020-09-26,18,19,37
2020-09-26,0,0,0
2020-09-26,9,0,9
2020-09-26,0,0,0
2020-09-26,29,0,29
2020-09-26,73,24,97
2020-09-26,3,0,3
2020-09-26,0,0,0
2020-09-27,3,0,3
2020-09-27,22,28,50
2020-09-27,33,8,41
2020-09-27,0,0,0
2020-09-27,0,0,0
2020-09-27,32,20,52
2020-09-27,0,0,0
2020-09-27,3,0,3
2020-09-27,1,0,1
2020-09-27,94,13,107
2020-09-27,0,1,1
2020-09-27,3,0,3
2020-09-27,29,0,29
2020-09-27,20,0,20
2020-09-27,21,1,22
2020-09-27,13,0,13
2020-09-27,14,0,14
2020-09-27,0,0,0
2020-09-27,0,0,0
2020-09-27,31,13,44
2020-09-27,12,9,21
2020-09-27,714,356,1070
2020-09-27,184,48,232
2020-09-27,76,37,113
2020-09-27,67,3,70
2020-09-27,48,11,59
2020-09-27,0,0,0
2020-09-27,74,22,96
2020-09-27,160,50,210
2020-09-27,1,0,1
2020-09-27,2,1,3
2020-09-27,17,22,39
2020-09-27,0,0,0
2020-09-27,24,0,24
2020-09-27,1,0,1
2020-09-27,1,0,1
2020-09-27,2,0,2
2020-09-27,0,0,0
2020-09-27,54,6,60
2020-09-27,7,7,14
2020-09-27,0,0,0
2020-09-27,119,35,154
2020-09-27,1,0,1
2020-09-27,4,0,4
2020-09-27,0,0,0
2020-09-27,14,0,14
2020-09-27,9,1,10
2020-09-27,0,0,0
2020-09-27,1,6,7
2020-09-27,20,4,24
2020-09-27,29,9,38
2020-09-27,161,63,224
2020-09-27,2,0,2
2020-09-27,59,20,79
2020-09-27,7,0,7
2020-09-27,128,49,177
2020-09-28,0,0,0
2020-09-28,13,0,13
2020-09-28,29,11,40
2020-09-28,1,0,1
2020-09-28,3,0,3
2020-09-28,1,0,1
2020-09-28,71,3,74
2020-09-28,6,1,7
2020-09-28,0,0,0
2020-09-28,20,8,28
2020-09-28,125,35,160
2020-09-28,30,0,30
2020-09-28,60,5,65
2020-09-28,165,58,223
2020-09-28,19,19,38
2020-09-28,0,0,0
2020-09-28,16,0,16
2020-09-28,0,1,1
2020-09-28,0,0,0
2020-09-28,26,1,27
2020-09-28,0,1,1
2020-09-28,0,0,0
2020-09-28,0,0,0
2020-09-28,0,1,1
2020-09-28,4,2,6
2020-09-28,10,10,20
2020-09-28,0,0,0
2020-09-28,734,291,1025
2020-09-28,24,28,52
2020-09-28,22,0,22
2020-09-28,0,0,0
2020-09-28,8,6,14
2020-09-28,6,0,6
2020-09-28,2,0,2
2020-09-28,93,18,111
2020-09-28,0,0,0
2020-09-28,1,0,1
2020-09-28,25,0,25
2020-09-28,46,7,53
2020-09-28,0,0,0
2020-09-28,125,57,182
2020-09-28,30,15,45
2020-09-28,76,14,90
2020-09-28,35,18,53
2020-09-28,1,1,2
2020-09-28,162,78,240
2020-09-28,13,0,13
2020-09-28,2,3,5
2020-09-28,199,58,257
2020-09-28,5,0,5
2020-09-28,3,0,3
2020-09-28,54,24,78
2020-09-28,12,14,26
2020-09-28,79,35,114
2020-09-28,2,0,2
2020-09-28,34,8,42
2020-09-29,13,0,13
2020-09-29,90,15,105
2020-09-29,172,52,224
2020-09-29,0,0,0
2020-09-29,122,38,160
2020-09-29,18,21,39
2020-09-29,0,0,0
2020-09-29,0,0,0
2020-09-29,9,13,22
2020-09-29,1,0,1
2020-09-29,6,1,7
2020-09-29,0,1,1
2020-09-29,32,17,49
2020-09-29,0,0,0
2020-09-29,0,0,0
2020-09-29,23,0,23
2020-09-29,48,14,62
2020-09-29,7,8,15
2020-09-29,5,0,5
2020-09-29,50,30,80
2020-09-29,4,0,4
2020-09-29,3,0,3
2020-09-29,2,3,5
2020-09-29,5,1,6
2020-09-29,130,52,182
2020-09-29,23,0,23
2020-09-29,3,0,3
2020-09-29,20,1,21
2020-09-29,1,0,1
2020-09-29,26,17,43
2020-09-29,1,0,1
2020-09-29,1,1,2
2020-09-29,61,5,66
2020-09-29,182,56,238
2020-09-29,0,0,0
2020-09-29,13,1,14
2020-09-29,746,340,1086
2020-09-29,30,0,30
2020-09-29,23,0,23
2020-09-29,0,0,0
2020-09-29,73,5,78
2020-09-29,1,0,1
2020-09-29,17,4,21
2020-09-29,22,22,44
2020-09-29,80,14,94
2020-09-29,9,11,20
2020-09-29,0,0,0
2020-09-29,0,0,0
2020-09-29,78,47,125
2020-09-29,33,20,53
2020-09-29,170,55,225
2020-09-29,1,0,1
2020-09-29,34,9,43
2020-09-29,0,0,0
2020-09-29,0,0,0
2020-09-29,5,0,5
2020-09-30,26,0,26
2020-09-30,93,17,110
2020-09-30,6,0,6
2020-09-30,10,9,19
2020-09-30,46,10,56
2020-09-30,0,0,0
2020-09-30,0,0,0
2020-09-30,11,0,11
2020-09-30,13,0,13
2020-09-30,0,0,0
2020-09-30,173,55,228
2020-09-30,0,0,0
2020-09-30,0,1,1
2020-09-30,80,26,106
2020-09-30,8,1,9
2020-09-30,165,58,223
2020-09-30,7,4,11
2020-09-30,2,0,2
2020-09-30,9,0,9
2020-09-30,6,1,7
2020-09-30,0,0,0
2020-09-30,84,32,116
2020-09-30,6,0,6
2020-09-30,1,2,3
2020-09-30,31,15,46
2020-09-30,1,0,1
2020-09-30,1,0,1
2020-09-30,17,18,35
2020-09-30,0,0,0
2020-09-30,0,0,0
2020-09-30,0,0,0
2020-09-30,39,9,48
2020-09-30,15,5,20
2020-09-30,14,18,32
2020-09-30,5,0,5
2020-09-30,0,0,0
2020-09-30,730,371,1101
2020-09-30,1,0,1
2020-09-30,119,27,146
2020-09-30,0,0,0
2020-09-30,3,0,3
2020-09-30,119,45,164
2020-09-30,20,0,20
2020-09-30,0,0,0
2020-09-30,15,0,15
2020-09-30,64,10,74
2020-09-30,26,16,42
2020-09-30,58,21,79
2020-09-30,187,43,230
2020-09-30,6,0,6
2020-09-30,18,1,19
2020-09-30,0,0,0
2020-09-30,35,16,51
2020-09-30,27,0,27
2020-09-30,70,5,75
2020-09-30,2,0,2
2020-10-01,0,0,0
2020-10-01,31,17,48
2020-10-01,9,14,23
2020-10-01,0,0,0
2020-10-01,94,19,113
2020-10-01,10,1,11
2020-10-01,84,17,101
2020-10-01,20,0,20
2020-10-01,0,0,0
2020-10-01,175,34,209
2020-10-01,39,7,46
2020-10-01,1,0,1
2020-10-01,2,1,3
2020-10-01,130,59,189
2020-10-01,7,1,8
2020-10-01,6,5,11
2020-10-01,9,0,9
2020-10-01,0,0,0
2020-10-01,1,0,1
2020-10-01,35,18,53
2020-10-01,58,4,62
2020-10-01,1,1,2
2020-10-01,0,0,0
2020-10-01,3,1,4
2020-10-01,6,0,6
2020-10-01,0,0,0
2020-10-01,0,0,0
2020-10-01,186,54,240
2020-10-01,108,26,134
2020-10-01,173,47,220
2020-10-01,698,371,1069
2020-10-01,0,0,0
2020-10-01,1,0,1
2020-10-01,23,0,23
2020-10-01,2,0,2
2020-10-01,1,0,1
2020-10-01,0,1,1
2020-10-01,4,0,4
2020-10-01,94,36,130
2020-10-01,55,24,79
2020-10-01,18,13,31
2020-10-01,8,1,9
2020-10-01,17,1,18
2020-10-01,0,0,0
2020-10-01,7,0,7
2020-10-01,0,1,1
2020-10-01,0,0,0
2020-10-01,8,1,9
2020-10-01,16,0,16
2020-10-01,29,13,42
2020-10-01,43,9,52
2020-10-01,59,9,68
2020-10-01,29,0,29
2020-10-01,0,0,0
2020-10-01,20,1,21
2020-10-01,19,20,39
2020-10-02,31,7,38
2020-10-02,55,19,74
2020-10-02,2,0,2
2020-10-02,160,53,213
2020-10-02,164,48,212
2020-10-02,8,1,9
2020-10-02,0,0,0
2020-10-02,0,0,0
2020-10-02,4,0,4
2020-10-02,0,0,0
2020-10-02,19,1,20
2020-10-02,1,0,1
2020-10-02,4,1,5
2020-10-02,97,18,115
2020-10-02,3,0,3
2020-10-02,1,0,1
2020-10-02,22,13,35
2020-10-02,18,24,42
2020-10-02,7,0,7
2020-10-02,30,0,30
2020-10-02,0,0,0
2020-10-02,1,0,1
2020-10-02,0,0,0
2020-10-02,0,1,1
2020-10-02,8,0,8
2020-10-02,1,0,1
2020-10-02,39,19,58
2020-10-02,2,0,2
2020-10-02,35,7,42
2020-10-02,203,56,259
2020-10-02,135,66,201
2020-10-02,39,13,52
2020-10-02,0,0,0
2020-10-02,21,6,27
2020-10-02,0,0,0
2020-10-02,26,0,26
2020-10-02,673,324,997
2020-10-02,7,1,8
2020-10-02,82,19,101
2020-10-02,5,0,5
2020-10-02,0,0,0
2020-10-02,7,6,13
2020-10-02,7,0,7
2020-10-02,13,0,13
2020-10-02,0,0,0
2020-10-02,7,5,12
2020-10-02,76,34,110
2020-10-02,29,13,42
2020-10-02,0,0,0
2020-10-02,96,23,119
2020-10-02,22,0,22
2020-10-02,9,1,10
2020-10-02,0,0,0
2020-10-02,63,3,66
2020-10-02,0,0,0
2020-10-02,55,10,65
2020-10-03,6,1,7
2020-10-03,12,0,12
2020-10-03,23,1,24
2020-10-03,0,0,0
2020-10-03,21,13,34
2020-10-03,0,0,0
2020-10-03,29,11,40
2020-10-03,55,17,72
2020-10-03,38,16,54
2020-10-03,3,0,3
2020-10-03,6,0,6
2020-10-03,0,0,0
2020-10-03,6,0,6
2020-10-03,2,4,6
2020-10-03,26,1,27
2020-10-03,26,7,33
2020-10-03,7,6,13
2020-10-03,155,52,207
2020-10-03,50,7,57
2020-10-03,63,4,67
2020-10-03,102,16,118
2020-10-03,0,0,0
2020-10-03,2,0,2
2020-10-03,0,0,0
2020-10-03,1,0,1
2020-10-03,0,0,0
2020-10-03,87,29,116
2020-10-03,21,0,21
2020-10-03,0,0,0
2020-10-03,0,0,0
2020-10-03,29,0,29
2020-10-03,0,3,3
2020-10-03,1,0,1
2020-10-03,0,0,0
2020-10-03,0,0,0
2020-10-03,15,0,15
2020-10-03,36,9,45
2020-10-03,82,23,105
2020-10-03,2,0,2
2020-10-03,0,0,0
2020-10-03,18,24,42
2020-10-03,6,0,6
2020-10-03,6,0,6
2020-10-03,170,54,224
2020-10-03,0,0,0
2020-10-03,8,6,14
2020-10-03,2,0,2
2020-10-03,31,10,41
2020-10-03,207,60,267
2020-10-03,78,41,119
2020-10-03,38,11,49
2020-10-03,4,0,4
2020-10-03,0,0,0
2020-10-03,674,353,1027
2020-10-03,135,67,202
2020-10-03,0,0,0
2020-10-04,0,0,0
2020-10-04,1,1,2
2020-10-04,61,1,62
2020-10-04,2,1,3
2020-10-04,168,42,210
2020-10-04,6,1,7
2020-10-04,8,7,15
2020-10-04,8,0,8
2020-10-04,71,29,100
2020-10-04,27,2,29
2020-10-04,21,17,38
2020-10-04,1,0,1
2020-10-04,35,11,46
2020-10-04,203,53,256
2020-10-04,4,0,4
2020-10-04,34,19,53
2020-10-04,0,0,0
2020-10-04,0,0,0
2020-10-04,103,13,116
2020-10-04,0,0,0
2020-10-04,16,0,16
2020-10-04,7,0,7
2020-10-04,28,12,40
2020-10-04,14,0,14
2020-10-04,24,0,24
2020-10-04,28,7,35
2020-10-04,52,9,61
2020-10-04,87,20,107
2020-10-04,0,0,0
2020-10-04,35,9,44
2020-10-04,4,0,4
2020-10-04,4,1,5
2020-10-04,0,0,0
2020-10-04,4,0,4
2020-10-04,22,34,56
2020-10-04,2,0,2
2020-10-04,31,11,42
2020-10-04,0,0,0
2020-10-04,0,0,0
2020-10-04,133,68,201
2020-10-04,0,0,0
2020-10-04,22,0,22
2020-10-04,1,0,1
2020-10-04,175,59,234
2020-10-04,0,0,0
2020-10-04,0,0,0
2020-10-04,4,10,14
2020-10-04,0,0,0
2020-10-04,7,1,8
2020-10-04,2,4,6
2020-10-04,0,0,0
2020-10-04,4,0,4
2020-10-04,685,373,1058
2020-10-04,54,11,65
2020-10-04,93,29,122
2020-10-04,0,0,0
2020-10-05,1,0,1
2020-10-05,0,0,0
2020-10-05,83,23,106
2020-10-05,5,0,5
2020-10-05,0,0,0
2020-10-05,4,0,4
2020-10-05,15,0,15
2020-10-05,96,29,125
2020-10-05,107,18,125
2020-10-05,5,4,9
2020-10-05,0,3,3
2020-10-05,0,0,0
2020-10-05,0,0,0
2020-10-05,0,0,0
2020-10-05,66,0,66
2020-10-05,0,0,0
2020-10-05,8,0,8
2020-10-05,10,1,11
2020-10-05,30,13,43
2020-10-05,20,10,30
2020-10-05,142,67,209
2020-10-05,0,0,0
2020-10-05,0,0,0
2020-10-05,3,0,3
2020-10-05,5,1,6
2020-10-05,14,0,14
2020-10-05,26,12,38
2020-10-05,50,9,59
2020-10-05,73,37,110
2020-10-05,19,0,19
2020-10-05,20,25,45
2020-10-05,217,56,273
2020-10-05,0,0,0
2020-10-05,2,3,5
2020-10-05,176,52,228
2020-10-05,0,0,0
2020-10-05,0,0,0
2020-10-05,0,0,0
2020-10-05,0,0,0
2020-10-05,53,21,74
2020-10-05,33,12,45
2020-10-05,186,53,239
2020-10-05,696,339,1035
2020-10-05,28,7,35
2020-10-05,27,0,27
2020-10-05,37,20,57
2020-10-05,0,0,0
2020-10-05,34,8,42
2020-10-05,1,0,1
2020-10-05,5,0,5
2020-10-05,4,0,4
2020-10-05,24,1,25
2020-10-05,1,0,1
2020-10-05,8,6,14
2020-10-05,6,1,7
2020-10-05,4,0,4
2020-10-06,2,1,3
2020-10-06,0,0,0
2020-10-06,0,0,0
2020-10-06,0,0,0
2020-10-06,0,0,0
2020-10-06,20,31,51
2020-10-06,709,351,1060
2020-10-06,15,0,15
2020-10-06,25,1,26
2020-10-06,0,4,4
2020-10-06,200,39,239
2020-10-06,5,0,5
2020-10-06,2,3,5
2020-10-06,0,0,0
2020-10-06,0,0,0
2020-10-06,1,0,1
2020-10-06,7,0,7
2020-10-06,183,52,235
2020-10-06,0,0,0
2020-10-06,0,3,3
2020-10-06,4,8,12
2020-10-06,34,6,40
2020-10-06,20,15,35
2020-10-06,0,0,0
2020-10-06,89,30,119
2020-10-06,135,83,218
2020-10-06,214,66,280
2020-10-06,0,0,0
2020-10-06,28,8,36
2020-10-06,0,0,0
2020-10-06,0,0,0
2020-10-06,26,17,43
2020-10-06,32,25,57
2020-10-06,30,0,30
2020-10-06,75,40,115
2020-10-06,2,0,2
2020-10-06,19,0,19
2020-10-06,45,15,60
2020-10-06,65,3,68
2020-10-06,77,23,100
2020-10-06,4,0,4
2020-10-06,3,0,3
2020-10-06,0,0,0
2020-10-06,6,6,12
2020-10-06,0,0,0
2020-10-06,16,0,16
2020-10-06,0,0,0
2020-10-06,0,0,0
2020-10-06,100,22,122
2020-10-06,47,7,54
2020-10-06,8,0,8
2020-10-06,34,9,43
2020-10-06,5,0,5
2020-10-06,6,1,7
2020-10-06,6,2,8
2020-10-06,24,10,34
2020-10-07,32,27,59
2020-10-07,3,4,7
2020-10-07,0,0,0
2020-10-07,15,0,15
2020-10-07,77,25,102
2020-10-07,0,0,0
2020-10-07,30,15,45
2020-10-07,5,4,9
2020-10-07,2,1,3
2020-10-07,4,1,5
2020-10-07,205,44,249
2020-10-07,3,1,4
2020-10-07,7,0,7
2020-10-07,0,2,2
2020-10-07,0,1,1
2020-10-07,0,1,1
2020-10-07,19,21,40
2020-10-07,0,0,0
2020-10-07,19,0,19
2020-10-07,0,0,0
2020-10-07,0,0,0
2020-10-07,0,0,0
2020-10-07,3,0,3
2020-10-07,0,0,0
2020-10-07,44,11,55
2020-10-07,0,0,0
2020-10-07,0,0,0
2020-10-07,104,23,127
2020-10-07,172,38,210
2020-10-07,0,2,2
2020-10-07,4,1,5
2020-10-07,22,10,32
2020-10-07,62,3,65
2020-10-07,26,0,26
2020-10-07,3,0,3
2020-10-07,1,1,2
2020-10-07,37,6,43
2020-10-07,135,74,209
2020-10-07,31,8,39
2020-10-07,217,44,261
2020-10-07,6,4,10
2020-10-07,25,0,25
2020-10-07,0,0,0
2020-10-07,0,0,0
2020-10-07,35,11,46
2020-10-07,1,0,1
2020-10-07,724,353,1077
2020-10-07,0,0,0
2020-10-07,20,0,20
2020-10-07,7,4,11
2020-10-07,16,33,49
2020-10-07,6,0,6
2020-10-07,46,14,60
2020-10-07,7,0,7
2020-10-07,66,34,100
2020-10-07,87,37,124
2020-10-08,4,0,4
2020-10-08,39,5,44
2020-10-08,30,8,38
2020-10-08,3,0,3
2020-10-08,31,11,42
2020-10-08,26,0,26
2020-10-08,102,26,128
2020-10-08,59,4,63
2020-10-08,29,12,41
2020-10-08,0,0,0
2020-10-08,85,45,130
2020-10-08,0,0,0
2020-10-08,0,0,0
2020-10-08,0,0,0
2020-10-08,33,13,46
2020-10-08,61,44,105
2020-10-08,1,0,1
2020-10-08,0,0,0
2020-10-08,0,1,1
2020-10-08,0,0,0
2020-10-08,145,70,215
2020-10-08,3,6,9
2020-10-08,5,0,5
2020-10-08,4,0,4
2020-10-08,21,23,44
2020-10-08,0,1,1
2020-10-08,207,51,258
2020-10-08,0,0,0
2020-10-08,701,358,1059
2020-10-08,18,24,42
2020-10-08,7,2,9
2020-10-08,3,0,3
2020-10-08,0,0,0
2020-10-08,2,0,2
2020-10-08,13,0,13
2020-10-08,0,0,0
2020-10-08,0,0,0
2020-10-08,16,0,16
2020-10-08,9,1,10
2020-10-08,1,1,2
2020-10-08,0,0,0
2020-10-08,215,47,262
2020-10-08,36,6,42
2020-10-08,0,0,0
2020-10-08,0,0,0
2020-10-08,2,0,2
2020-10-08,0,0,0
2020-10-08,25,0,25
2020-10-08,7,6,13
2020-10-08,24,0,24
2020-10-08,79,19,98
2020-10-08,176,44,220
2020-10-08,50,27,77
2020-10-08,7,0,7
2020-10-08,23,10,33
2020-10-08,8,11,19
2020-10-09,0,0,0
2020-10-09,715,329,1044
2020-10-09,209,49,258
2020-10-09,0,0,0
2020-10-09,0,0,0
2020-10-09,18,22,40
2020-10-09,93,23,116
2020-10-09,0,0,0
2020-10-09,7,3,10
2020-10-09,0,0,0
2020-10-09,75,37,112
2020-10-09,23,18,41
2020-10-09,27,3,30
2020-10-09,0,0,0
2020-10-09,69,23,92
2020-10-09,59,41,100
2020-10-09,13,0,13
2020-10-09,3,1,4
2020-10-09,23,1,24
2020-10-09,57,2,59
2020-10-09,25,7,32
2020-10-09,9,8,17
2020-10-09,7,0,7
2020-10-09,33,8,41
2020-10-09,3,2,5
2020-10-09,146,57,203
2020-10-09,34,17,51
2020-10-09,0,0,0
2020-10-09,1,0,1
2020-10-09,0,0,0
2020-10-09,1,0,1
2020-10-09,0,0,0
2020-10-09,197,47,244
2020-10-09,0,0,0
2020-10-09,17,0,17
2020-10-09,28,0,28
2020-10-09,10,2,12
2020-10-09,6,0,6
2020-10-09,4,0,4
2020-10-09,3,0,3
2020-10-09,0,0,0
2020-10-09,30,6,36
2020-10-09,0,0,0
2020-10-09,31,6,37
2020-10-09,3,0,3
2020-10-09,169,52,221
2020-10-09,29,10,39
2020-10-09,0,0,0
2020-10-09,2,1,3
2020-10-09,1,0,1
2020-10-09,51,31,82
2020-10-09,0,0,0
2020-10-09,30,14,44
2020-10-09,3,0,3
2020-10-09,0,0,0
2020-10-09,0,0,0
2020-10-10,0,0,0
2020-10-10,135,56,191
2020-10-10,52,27,79
2020-10-10,2,0,2
2020-10-10,3,0,3
2020-10-10,2,2,4
2020-10-10,0,0,0
2020-10-10,3,0,3
2020-10-10,11,8,19
2020-10-10,30,18,48
2020-10-10,33,4,37
2020-10-10,5,2,7
2020-10-10,164,49,213
2020-10-10,195,52,247
2020-10-10,31,0,31
2020-10-10,46,2,48
2020-10-10,0,0,0
2020-10-10,3,0,3
2020-10-10,192,52,244
2020-10-10,71,24,95
2020-10-10,21,16,37
2020-10-10,6,3,9
2020-10-10,26,2,28
2020-10-10,17,0,17
2020-10-10,17,40,57
2020-10-10,8,7,15
2020-10-10,0,1,1
2020-10-10,693,360,1053
2020-10-10,78,56,134
2020-10-10,2,0,2
2020-10-10,85,19,104
2020-10-10,0,0,0
2020-10-10,0,0,0
2020-10-10,1,0,1
2020-10-10,0,0,0
2020-10-10,0,0,0
2020-10-10,0,0,0
2020-10-10,32,8,40
2020-10-10,1,0,1
2020-10-10,1,0,1
2020-10-10,0,0,0
2020-10-10,0,0,0
2020-10-10,0,0,0
2020-10-10,24,0,24
2020-10-10,18,0,18
2020-10-10,0,0,0
2020-10-10,64,46,110
2020-10-10,32,6,38
2020-10-10,0,0,0
2020-10-10,6,0,6
2020-10-10,0,0,0
2020-10-10,37,11,48
2020-10-10,22,14,36
2020-10-10,29,9,38
2020-10-10,2,0,2
2020-10-10,9,0,9
2020-10-11,77,54,131
2020-10-11,0,0,0
2020-10-11,0,0,0
2020-10-11,173,51,224
2020-10-11,19,0,19
2020-10-11,31,12,43
2020-10-11,183,53,236
2020-10-11,27,3,30
2020-10-11,78,30,108
2020-10-11,1,0,1
2020-10-11,0,0,0
2020-10-11,2,1,3
2020-10-11,6,2,8
2020-10-11,3,0,3
2020-10-11,1,0,1
2020-10-11,0,0,0
2020-10-11,0,0,0
2020-10-11,26,17,43
2020-10-11,34,2,36
2020-10-11,10,9,19
2020-10-11,29,8,37
2020-10-11,0,0,0
2020-10-11,19,35,54
2020-10-11,51,2,53
2020-10-11,2,0,2
2020-10-11,98,14,112
2020-10-11,0,0,0
2020-10-11,2,4,6
2020-10-11,692,353,1045
2020-10-11,0,0,0
2020-10-11,28,7,35
2020-10-11,10,0,10
2020-10-11,0,0,0
2020-10-11,6,3,9
2020-10-11,167,43,210
2020-10-11,20,0,20
2020-10-11,0,0,0
2020-10-11,26,6,32
2020-10-11,131,62,193
2020-10-11,2,0,2
2020-10-11,4,1,5
2020-10-11,22,6,28
2020-10-11,38,23,61
2020-10-11,27,2,29
2020-10-11,5,0,5
2020-10-11,1,0,1
2020-10-11,0,0,0
2020-10-11,19,0,19
2020-10-11,1,0,1
2020-10-11,0,0,0
2020-10-11,54,25,79
2020-10-11,61,44,105
2020-10-11,6,0,6
2020-10-11,0,0,0
2020-10-11,1,0,1
2020-10-11,3,2,5
2020-10-12,1,0,1
2020-10-12,178,52,230
2020-10-12,0,0,0
2020-10-12,32,9,41
2020-10-12,1,0,1
2020-10-12,0,0,0
2020-10-12,1,0,1
2020-10-12,2,0,2
2020-10-12,0,0,0
2020-10-12,0,0,0
2020-10-12,0,0,0
2020-10-12,0,0,0
2020-10-12,6,0,6
2020-10-12,10,0,10
2020-10-12,0,0,0
2020-10-12,1,0,1
2020-10-12,4,1,5
2020-10-12,26,4,30
2020-10-12,28,0,28
2020-10-12,25,11,36
2020-10-12,186,50,236
2020-10-12,1,0,1
2020-10-12,29,11,40
2020-10-12,8,11,19
2020-10-12,54,9,63
2020-10-12,23,6,29
2020-10-12,61,45,106
2020-10-12,4,0,4
2020-10-12,146,55,201
2020-10-12,5,3,8
2020-10-12,0,1,1
2020-10-12,26,19,45
2020-10-12,20,0,20
2020-10-12,720,356,1076
2020-10-12,1,1,2
2020-10-12,28,2,30
2020-10-12,29,16,45
2020-10-12,3,0,3
2020-10-12,0,0,0
2020-10-12,77,47,124
2020-10-12,2,0,2
2020-10-12,31,0,31
2020-10-12,0,0,0
2020-10-12,19,0,19
2020-10-12,16,34,50
2020-10-12,53,3,56
2020-10-12,11,1,12
2020-10-12,7,1,8
2020-10-12,21,5,26
2020-10-12,80,20,100
2020-10-12,0,0,0
2020-10-12,160,49,209
2020-10-12,0,0,0
2020-10-12,89,12,101
2020-10-12,1,0,1
2020-10-12,0,0,0
2020-10-13,35,10,45
2020-10-13,31,15,46
2020-10-13,2,1,3
2020-10-13,179,49,228
2020-10-13,0,0,0
2020-10-13,187,56,243
2020-10-13,1,0,1
2020-10-13,4,1,5
2020-10-13,1,0,1
2020-10-13,0,2,2
2020-10-13,91,14,105
2020-10-13,1,0,1
2020-10-13,0,0,0
2020-10-13,2,1,3
2020-10-13,59,2,61
2020-10-13,10,2,12
2020-10-13,23,4,27
2020-10-13,6,8,14
2020-10-13,18,2,20
2020-10-13,0,0,0
2020-10-13,14,2,16
2020-10-13,0,0,0
2020-10-13,21,18,39
2020-10-13,0,0,0
2020-10-13,17,0,17
2020-10-13,1,3,4
2020-10-13,1,2,3
2020-10-13,149,59,208
2020-10-13,0,0,0
2020-10-13,51,16,67
2020-10-13,723,382,1105
2020-10-13,6,0,6
2020-10-13,0,0,0
2020-10-13,80,22,102
2020-10-13,28,13,41
2020-10-13,27,4,31
2020-10-13,165,48,213
2020-10-13,1,5,6
2020-10-13,28,1,29
2020-10-13,0,0,0
2020-10-13,2,0,2
2020-10-13,0,0,0
2020-10-13,0,0,0
2020-10-13,18,34,52
2020-10-13,28,9,37
2020-10-13,74,46,120
2020-10-13,63,32,95
2020-10-13,0,0,0
2020-10-13,0,0,0
2020-10-13,30,0,30
2020-10-13,7,13,20
2020-10-13,0,1,1
2020-10-13,3,0,3
2020-10-13,28,9,37
2020-10-13,3,0,3
2020-10-13,11,0,11
2020-10-14,8,9,17
2020-10-14,75,36,111
2020-10-14,24,6,30
2020-10-14,0,0,0
2020-10-14,149,69,218
2020-10-14,4,0,4
2020-10-14,181,52,233
2020-10-14,0,0,0
2020-10-14,13,14,27
2020-10-14,12,2,14
2020-10-14,735,372,1107
2020-10-14,27,1,28
2020-10-14,0,0,0
2020-10-14,17,12,29
2020-10-14,19,3,22
2020-10-14,67,0,67
2020-10-14,0,0,0
2020-10-14,0,0,0
2020-10-14,34,0,34
2020-10-14,0,0,0
2020-10-14,8,0,8
2020-10-14,2,0,2
2020-10-14,1,0,1
2020-10-14,29,13,42
2020-10-14,29,9,38
2020-10-14,1,0,1
2020-10-14,26,6,32
2020-10-14,28,16,44
2020-10-14,0,0,0
2020-10-14,7,6,13
2020-10-14,0,0,0
2020-10-14,29,7,36
2020-10-14,0,0,0
2020-10-14,59,40,99
2020-10-14,181,43,224
2020-10-14,10,0,10
2020-10-14,87,20,107
2020-10-14,4,2,6
2020-10-14,17,1,18
2020-10-14,1,0,1
2020-10-14,0,1,1
2020-10-14,2,3,5
2020-10-14,94,22,116
2020-10-14,0,0,0
2020-10-14,25,4,29
2020-10-14,4,2,6
2020-10-14,55,19,74
2020-10-14,0,0,0
2020-10-14,1,0,1
2020-10-14,7,1,8
2020-10-14,3,0,3
2020-10-14,0,0,0
2020-10-14,164,48,212
2020-10-14,0,0,0
2020-10-14,0,0,0
2020-10-14,0,0,0
2020-10-15,27,8,35
2020-10-15,0,0,0
2020-10-15,8,1,9
2020-10-15,170,33,203
2020-10-15,0,0,0
2020-10-15,79,34,113
2020-10-15,1,0,1
2020-10-15,0,0,0
2020-10-15,5,0,5
2020-10-15,21,8,29
2020-10-15,11,2,13
2020-10-15,2,3,5
2020-10-15,20,14,34
2020-10-15,0,1,1
2020-10-15,148,57,205
2020-10-15,24,1,25
2020-10-15,59,1,60
2020-10-15,0,0,0
2020-10-15,2,0,2
2020-10-15,26,4,30
2020-10-15,0,0,0
2020-10-15,16,2,18
2020-10-15,32,2,34
2020-10-15,0,0,0
2020-10-15,2,0,2
2020-10-15,24,16,40
2020-10-15,0,0,0
2020-10-15,28,10,38
2020-10-15,0,0,0
2020-10-15,3,0,3
2020-10-15,0,0,0
2020-10-15,12,12,24
2020-10-15,5,0,5
2020-10-15,186,53,239
2020-10-15,95,15,110
2020-10-15,0,0,0
2020-10-15,84,19,103
2020-10-15,1,4,5
2020-10-15,0,0,0
2020-10-15,25,8,33
2020-10-15,4,1,5
2020-10-15,746,340,1086
2020-10-15,0,0,0
2020-10-15,57,42,99
2020-10-15,0,0,0
2020-10-15,0,0,0
2020-10-15,0,0,0
2020-10-15,1,0,1
2020-10-15,13,1,14
2020-10-15,8,8,16
2020-10-15,8,9,17
2020-10-15,29,11,40
2020-10-15,8,0,8
2020-10-15,15,0,15
2020-10-15,56,19,75
2020-10-15,184,51,235
2020-10-16,27,12,39
2020-10-16,136,67,203
2020-10-16,0,0,0
2020-10-16,21,17,38
2020-10-16,4,4,8
2020-10-16,0,0,0
2020-10-16,0,0,0
2020-10-16,2,1,3
2020-10-16,0,0,0
2020-10-16,55,12,67
2020-10-16,6,0,6
2020-10-16,0,0,0
2020-10-16,0,0,0
2020-10-16,0,0,0
2020-10-16,14,0,14
2020-10-16,20,4,24
2020-10-16,0,0,0
2020-10-16,13,3,16
2020-10-16,0,0,0
2020-10-16,33,2,35
2020-10-16,25,0,25
2020-10-16,4,0,4
2020-10-16,159,40,199
2020-10-16,9,1,10
2020-10-16,2,1,3
2020-10-16,11,22,33
2020-10-16,0,0,0
2020-10-16,0,0,0
2020-10-16,189,46,235
2020-10-16,2,0,2
2020-10-16,9,1,10
2020-10-16,52,43,95
2020-10-16,0,0,0
2020-10-16,0,0,0
2020-10-16,89,16,105
2020-10-16,189,44,233
2020-10-16,25,6,31
2020-10-16,0,0,0
2020-10-16,0,0,0
2020-10-16,92,17,109
2020-10-16,1,0,1
2020-10-16,29,4,33
2020-10-16,0,0,0
2020-10-16,8,8,16
2020-10-16,3,1,4
2020-10-16,58,1,59
2020-10-16,84,33,117
2020-10-16,30,10,40
2020-10-16,21,13,34
2020-10-16,752,324,1076
2020-10-16,6,0,6
2020-10-16,31,5,36
2020-10-16,9,3,12
2020-10-16,0,0,0
2020-10-16,14,0,14
2020-10-16,0,0,0
2020-10-17,0,0,0
2020-10-17,0,0,0
2020-10-17,0,0,0
2020-10-17,7,7,14
2020-10-17,23,3,26
2020-10-17,22,19,41
2020-10-17,23,4,27
2020-10-17,0,0,0
2020-10-17,25,8,33
2020-10-17,0,0,0
2020-10-17,0,0,0
2020-10-17,15,0,15
2020-10-17,0,0,0
2020-10-17,5,0,5
2020-10-17,30,10,40
2020-10-17,0,0,0
2020-10-17,26,17,43
2020-10-17,0,0,0
2020-10-17,6,0,6
2020-10-17,7,0,7
2020-10-17,2,0,2
2020-10-17,9,4,13
2020-10-17,32,0,32
2020-10-17,153,65,218
2020-10-17,0,0,0
2020-10-17,0,0,0
2020-10-17,60,8,68
2020-10-17,21,7,28
2020-10-17,24,21,45
2020-10-17,1,0,1
2020-10-17,0,0,0
2020-10-17,12,0,12
2020-10-17,0,0,0
2020-10-17,9,1,10
2020-10-17,2,0,2
2020-10-17,0,0,0
2020-10-17,0,0,0
2020-10-17,0,0,0
2020-10-17,54,36,90
2020-10-17,25,0,25
2020-10-17,3,2,5
2020-10-17,722,297,1019
2020-10-17,0,0,0
2020-10-17,2,0,2
2020-10-17,12,2,14
2020-10-17,34,2,36
2020-10-17,84,17,101
2020-10-17,1,0,1
2020-10-17,59,5,64
2020-10-17,78,33,111
2020-10-17,162,42,204
2020-10-17,0,5,5
2020-10-17,86,23,109
2020-10-17,185,51,236
2020-10-17,265,45,310
2020-10-17,0,0,0
2020-10-18,23,5,28
2020-10-18,0,0,0
2020-10-18,25,3,28
2020-10-18,3,1,4
2020-10-18,22,9,31
2020-10-18,11,0,11
2020-10-18,168,42,210
2020-10-18,20,7,27
2020-10-18,19,0,19
2020-10-18,1,0,1
2020-10-18,1,0,1
2020-10-18,0,0,0
2020-10-18,153,55,208
2020-10-18,0,0,0
2020-10-18,6,1,7
2020-10-18,730,312,1042
2020-10-18,7,1,8
2020-10-18,0,0,0
2020-10-18,0,1,1
2020-10-18,0,0,0
2020-10-18,0,0,0
2020-10-18,55,3,58
2020-10-18,90,19,109
2020-10-18,9,0,9
2020-10-18,1,0,1
2020-10-18,6,0,6
2020-10-18,2,0,2
2020-10-18,30,5,35
2020-10-18,30,10,40
2020-10-18,20,0,20
2020-10-18,0,0,0
2020-10-18,181,47,228
2020-10-18,2,0,2
2020-10-18,1,0,1
2020-10-18,1,0,1
2020-10-18,6,4,10
2020-10-18,0,0,0
2020-10-18,33,1,34
2020-10-18,8,5,13
2020-10-18,16,1,17
2020-10-18,0,0,0
2020-10-18,81,43,124
2020-10-18,61,12,73
2020-10-18,32,12,44
2020-10-18,0,0,0
2020-10-18,6,1,7
2020-10-18,0,0,0
2020-10-18,0,0,0
2020-10-18,0,2,2
2020-10-18,0,0,0
2020-10-18,20,18,38
2020-10-18,96,20,116
2020-10-18,20,20,40
2020-10-18,189,54,243
2020-10-18,54,42,96
2020-10-18,2,5,7
2020-10-19,0,0,0
2020-10-19,23,9,32
2020-10-19,2,0,2
2020-10-19,1,0,1
2020-10-19,23,5,28
2020-10-19,22,1,23
2020-10-19,18,0,18
2020-10-19,168,44,212
2020-10-19,41,0,41
2020-10-19,0,0,0
2020-10-19,25,14,39
2020-10-19,1,0,1
2020-10-19,10,0,10
2020-10-19,0,0,0
2020-10-19,100,17,117
2020-10-19,0,0,0
2020-10-19,6,0,6
2020-10-19,30,4,34
2020-10-19,6,1,7
2020-10-19,2,0,2
2020-10-19,191,48,239
2020-10-19,28,7,35
2020-10-19,0,0,0
2020-10-19,59,17,76
2020-10-19,758,364,1122
2020-10-19,1,1,2
2020-10-19,1,0,1
2020-10-19,2,1,3
2020-10-19,25,5,30
2020-10-19,3,5,8
2020-10-19,20,5,25
2020-10-19,8,1,9
2020-10-19,0,0,0
2020-10-19,1,0,1
2020-10-19,9,0,9
2020-10-19,91,20,111
2020-10-19,20,0,20
2020-10-19,5,7,12
2020-10-19,3,3,6
2020-10-19,0,0,0
2020-10-19,19,21,40
2020-10-19,53,48,101
2020-10-19,157,60,217
2020-10-19,0,0,0
2020-10-19,0,2,2
2020-10-19,0,0,0
2020-10-19,56,3,59
2020-10-19,0,0,0
2020-10-19,80,29,109
2020-10-19,0,0,0
2020-10-19,0,0,0
2020-10-19,0,0,0
2020-10-19,8,8,16
2020-10-19,22,18,40
2020-10-19,187,44,231
2020-10-19,6,1,7
2020-10-20,3,0,3
2020-10-20,21,0,21
2020-10-20,8,0,8
2020-10-20,23,18,41
2020-10-20,58,37,95
2020-10-20,18,0,18
2020-10-20,6,0,6
2020-10-20,0,0,0
2020-10-20,0,0,0
2020-10-20,55,2,57
2020-10-20,6,8,14
2020-10-20,0,0,0
2020-10-20,28,10,38
2020-10-20,0,0,0
2020-10-20,82,25,107
2020-10-20,22,8,30
2020-10-20,777,322,1099
2020-10-20,0,0,0
2020-10-20,0,2,2
2020-10-20,7,0,7
2020-10-20,1,0,1
2020-10-20,26,18,44
2020-10-20,1,0,1
2020-10-20,5,4,9
2020-10-20,21,4,25
2020-10-20,0,0,0
2020-10-20,17,21,38
2020-10-20,0,0,0
2020-10-20,7,0,7
2020-10-20,52,26,78
2020-10-20,5,1,6
2020-10-20,0,0,0
2020-10-20,0,0,0
2020-10-20,20,7,27
2020-10-20,26,10,36
2020-10-20,0,0,0
2020-10-20,3,4,7
2020-10-20,114,20,134
2020-10-20,22,0,22
2020-10-20,198,31,229
2020-10-20,1,0,1
2020-10-20,199,34,233
2020-10-20,8,0,8
2020-10-20,174,52,226
2020-10-20,40,0,40
2020-10-20,19,1,20
2020-10-20,2,0,2
2020-10-20,0,0,0
2020-10-20,7,0,7
2020-10-20,99,18,117
2020-10-20,0,0,0
2020-10-20,0,0,0
2020-10-20,0,0,0
2020-10-20,0,0,0
2020-10-20,167,46,213
2020-10-20,0,0,0
2020-10-21,0,0,0
2020-10-21,16,11,27
2020-10-21,20,1,21
2020-10-21,29,14,43
2020-10-21,81,30,111
2020-10-21,45,0,45
2020-10-21,17,1,18
2020-10-21,6,0,6
2020-10-21,26,10,36
2020-10-21,0,0,0
2020-10-21,21,0,21
2020-10-21,110,19,129
2020-10-21,0,0,0
2020-10-21,4,13,17
2020-10-21,168,50,218
2020-10-21,0,0,0
2020-10-21,1,0,1
2020-10-21,0,0,0
2020-10-21,53,3,56
2020-10-21,10,0,10
2020-10-21,23,10,33
2020-10-21,0,0,0
2020-10-21,3,1,4
2020-10-21,0,0,0
2020-10-21,769,290,1059
2020-10-21,54,20,74
2020-10-21,176,51,227
2020-10-21,6,1,7
2020-10-21,6,0,6
2020-10-21,0,0,0
2020-10-21,0,0,0
2020-10-21,0,0,0
2020-10-21,22,3,25
2020-10-21,0,0,0
2020-10-21,7,0,7
2020-10-21,61,37,98
2020-10-21,1,0,1
2020-10-21,27,6,33
2020-10-21,187,44,231
2020-10-21,8,0,8
2020-10-21,0,0,0
2020-10-21,0,0,0
2020-10-21,0,0,0
2020-10-21,208,37,245
2020-10-21,23,10,33
2020-10-21,1,0,1
2020-10-21,0,0,0
2020-10-21,22,13,35
2020-10-21,1,3,4
2020-10-21,23,0,23
2020-10-21,94,17,111
2020-10-21,2,0,2
2020-10-21,5,5,10
2020-10-21,1,0,1
2020-10-21,7,0,7
2020-10-21,7,0,7
2020-10-22,89,20,109
2020-10-22,4,0,4
2020-10-22,31,14,45
2020-10-22,22,0,22
2020-10-22,21,12,33
2020-10-22,0,0,0
2020-10-22,188,47,235
2020-10-22,23,3,26
2020-10-22,0,0,0
2020-10-22,1,1,2
2020-10-22,0,0,0
2020-10-22,161,57,218
2020-10-22,28,1,29
2020-10-22,0,0,0
2020-10-22,0,0,0
2020-10-22,1,0,1
2020-10-22,0,0,0
2020-10-22,9,1,10
2020-10-22,22,1,23
2020-10-22,0,0,0
2020-10-22,0,1,1
2020-10-22,43,0,43
2020-10-22,2,3,5
2020-10-22,100,13,113
2020-10-22,6,0,6
2020-10-22,0,0,0
2020-10-22,55,5,60
2020-10-22,0,0,0
2020-10-22,770,262,1032
2020-10-22,7,2,9
2020-10-22,5,8,13
2020-10-22,5,0,5
2020-10-22,23,3,26
2020-10-22,0,0,0
2020-10-22,90,27,117
2020-10-22,6,0,6
2020-10-22,2,0,2
2020-10-22,2,0,2
2020-10-22,13,0,13
2020-10-22,30,7,37
2020-10-22,7,0,7
2020-10-22,10,0,10
2020-10-22,12,14,26
2020-10-22,53,20,73
2020-10-22,162,41,203
2020-10-22,0,0,0
2020-10-22,2,0,2
2020-10-22,8,0,8
2020-10-22,61,43,104
2020-10-22,6,6,12
2020-10-22,0,0,0
2020-10-22,19,7,26
2020-10-22,215,48,263
2020-10-22,0,0,0
2020-10-22,24,6,30
2020-10-22,0,0,0
2020-10-23,0,0,0
2020-10-23,0,0,0
2020-10-23,92,26,118
2020-10-23,30,4,34
2020-10-23,8,0,8
2020-10-23,0,0,0
2020-10-23,100,15,115
2020-10-23,11,0,11
2020-10-23,29,1,30
2020-10-23,56,3,59
2020-10-23,42,1,43
2020-10-23,88,21,109
2020-10-23,1,0,1
2020-10-23,159,42,201
2020-10-23,9,1,10
2020-10-23,0,0,0
2020-10-23,0,0,0
2020-10-23,10,2,12
2020-10-23,7,0,7
2020-10-23,24,4,28
2020-10-23,31,13,44
2020-10-23,19,1,20
2020-10-23,0,0,0
2020-10-23,2,0,2
2020-10-23,10,0,10
2020-10-23,0,0,0
2020-10-23,20,11,31
2020-10-23,0,0,0
2020-10-23,151,58,209
2020-10-23,4,6,10
2020-10-23,0,0,0
2020-10-23,0,0,0
2020-10-23,785,254,1039
2020-10-23,4,1,5
2020-10-23,1,0,1
2020-10-23,20,0,20
2020-10-23,2,1,3
2020-10-23,212,51,263
2020-10-23,0,1,1
2020-10-23,1,0,1
2020-10-23,53,21,74
2020-10-23,0,0,0
2020-10-23,0,0,0
2020-10-23,7,2,9
2020-10-23,1,0,1
2020-10-23,11,0,11
2020-10-23,0,0,0
2020-10-23,15,10,25
2020-10-23,6,5,11
2020-10-23,21,0,21
2020-10-23,22,10,32
2020-10-23,2,1,3
2020-10-23,55,46,101
2020-10-23,24,9,33
2020-10-23,6,0,6
2020-10-23,185,50,235
2020-10-24,1,0,1
2020-10-24,0,0,0
2020-10-24,54,27,81
2020-10-24,27,1,28
2020-10-24,22,1,23
2020-10-24,9,0,9
2020-10-24,27,14,41
2020-10-24,0,0,0
2020-10-24,23,13,36
2020-10-24,3,9,12
2020-10-24,0,0,0
2020-10-24,0,0,0
2020-10-24,151,53,204
2020-10-24,0,0,0
2020-10-24,0,0,0
2020-10-24,20,0,20
2020-10-24,0,0,0
2020-10-24,21,7,28
2020-10-24,96,21,117
2020-10-24,0,0,0
2020-10-24,13,12,25
2020-10-24,2,0,2
2020-10-24,9,0,9
2020-10-24,23,5,28
2020-10-24,0,0,0
2020-10-24,46,15,61
2020-10-24,24,4,28
2020-10-24,1,0,1
2020-10-24,150,33,183
2020-10-24,2,3,5
2020-10-24,33,4,37
2020-10-24,767,294,1061
2020-10-24,166,42,208
2020-10-24,4,2,6
2020-10-24,53,3,56
2020-10-24,0,0,0
2020-10-24,7,12,19
2020-10-24,7,4,11
2020-10-24,43,0,43
2020-10-24,1,0,1
2020-10-24,6,0,6
2020-10-24,203,60,263
2020-10-24,0,0,0
2020-10-24,2,2,4
2020-10-24,10,0,10
2020-10-24,0,0,0
2020-10-24,21,12,33
2020-10-24,1,0,1
2020-10-24,84,29,113
2020-10-24,5,0,5
2020-10-24,0,0,0
2020-10-24,10,1,11
2020-10-24,6,1,7
2020-10-24,3,0,3
2020-10-24,7,2,9
2020-10-24,91,29,120
2020-10-25,0,0,0
2020-10-25,30,3,33
2020-10-25,5,0,5
2020-10-25,164,60,224
2020-10-25,162,46,208
2020-10-25,41,0,41
2020-10-25,0,0,0
2020-10-25,88,11,99
2020-10-25,0,0,0
2020-10-25,6,0,6
2020-10-25,6,2,8
2020-10-25,0,0,0
2020-10-25,0,1,1
2020-10-25,0,0,0
2020-10-25,21,0,21
2020-10-25,21,9,30
2020-10-25,3,0,3
2020-10-25,1,0,1
2020-10-25,219,42,261
2020-10-25,6,3,9
2020-10-25,24,12,36
2020-10-25,11,10,21
2020-10-25,0,0,0
2020-10-25,29,3,32
2020-10-25,10,2,12
2020-10-25,6,0,6
2020-10-25,0,0,0
2020-10-25,2,1,3
2020-10-25,0,0,0
2020-10-25,85,29,114
2020-10-25,7,1,8
2020-10-25,2,4,6
2020-10-25,0,0,0
2020-10-25,10,0,10
2020-10-25,11,1,12
2020-10-25,747,291,1038
2020-10-25,56,38,94
2020-10-25,26,2,28
2020-10-25,13,16,29
2020-10-25,48,1,49
2020-10-25,1,1,2
2020-10-25,162,45,207
2020-10-25,0,0,0
2020-10-25,21,12,33
2020-10-25,4,2,6
2020-10-25,1,0,1
2020-10-25,0,1,1
2020-10-25,23,11,34
2020-10-25,7,0,7
2020-10-25,53,21,74
2020-10-25,30,3,33
2020-10-25,2,0,2
2020-10-25,0,0,0
2020-10-25,88,24,112
2020-10-25,28,2,30
2020-10-25,1,0,1
2020-10-26,32,6,38
2020-10-26,0,0,0
2020-10-26,29,3,32
2020-10-26,0,0,0
2020-10-26,0,0,0
2020-10-26,26,11,37
2020-10-26,11,1,12
2020-10-26,0,0,0
2020-10-26,1,0,1
2020-10-26,6,0,6
2020-10-26,22,0,22
2020-10-26,217,42,259
2020-10-26,0,0,0
2020-10-26,29,0,29
2020-10-26,157,46,203
2020-10-26,11,4,15
2020-10-26,5,1,6
2020-10-26,15,16,31
2020-10-26,20,6,26
2020-10-26,0,0,0
2020-10-26,54,14,68
2020-10-26,176,49,225
2020-10-26,2,0,2
2020-10-26,0,0,0
2020-10-26,1,0,1
2020-10-26,0,1,1
2020-10-26,0,0,0
2020-10-26,84,22,106
2020-10-26,0,0,0
2020-10-26,58,31,89
2020-10-26,30,4,34
2020-10-26,4,0,4
2020-10-26,95,12,107
2020-10-26,26,12,38
2020-10-26,8,0,8
2020-10-26,0,0,0
2020-10-26,1,3,4
2020-10-26,86,36,122
2020-10-26,166,51,217
2020-10-26,43,0,43
2020-10-26,0,0,0
2020-10-26,3,0,3
2020-10-26,11,0,11
2020-10-26,47,0,47
2020-10-26,2,2,4
2020-10-26,755,276,1031
2020-10-26,6,2,8
2020-10-26,1,1,2
2020-10-26,6,0,6
2020-10-26,5,0,5
2020-10-26,29,11,40
2020-10-26,8,0,8
2020-10-26,7,0,7
2020-10-26,10,0,10
2020-10-26,28,3,31
2020-10-26,1,0,1
2020-10-27,177,36,213
2020-10-27,10,0,10
2020-10-27,0,0,0
2020-10-27,0,0,0
2020-10-27,148,48,196
2020-10-27,0,0,0
2020-10-27,18,3,21
2020-10-27,0,0,0
2020-10-27,31,1,32
2020-10-27,6,1,7
2020-10-27,7,0,7
2020-10-27,233,35,268
2020-10-27,96,16,112
2020-10-27,33,10,43
2020-10-27,44,0,44
2020-10-27,12,10,22
2020-10-27,58,34,92
2020-10-27,27,11,38
2020-10-27,0,0,0
2020-10-27,79,26,105
2020-10-27,0,0,0
2020-10-27,33,6,39
2020-10-27,2,0,2
2020-10-27,2,0,2
2020-10-27,0,0,0
2020-10-27,1,0,1
2020-10-27,7,0,7
2020-10-27,5,1,6
2020-10-27,46,1,47
2020-10-27,0,0,0
2020-10-27,0,1,1
2020-10-27,182,59,241
2020-10-27,8,0,8
2020-10-27,9,1,10
2020-10-27,2,0,2
2020-10-27,0,0,0
2020-10-27,0,0,0
2020-10-27,2,1,3
2020-10-27,76,20,96
2020-10-27,26,4,30
2020-10-27,0,0,0
2020-10-27,59,21,80
2020-10-27,7,0,7
2020-10-27,1,0,1
2020-10-27,1,1,2
2020-10-27,27,8,35
2020-10-27,5,3,8
2020-10-27,18,14,32
2020-10-27,1,1,2
2020-10-27,28,14,42
2020-10-27,9,0,9
2020-10-27,11,0,11
2020-10-27,0,1,1
2020-10-27,19,0,19
2020-10-27,26,1,27
2020-10-27,750,267,1017
2020-10-28,2,0,2
2020-10-28,0,0,0
2020-10-28,0,0,0
2020-10-28,2,1,3
2020-10-28,7,4,11
2020-10-28,231,43,274
2020-10-28,22,9,31
2020-10-28,29,1,30
2020-10-28,82,24,106
2020-10-28,12,9,21
2020-10-28,94,12,106
2020-10-28,0,0,0
2020-10-28,13,0,13
2020-10-28,0,0,0
2020-10-28,29,5,34
2020-10-28,7,0,7
2020-10-28,4,0,4
2020-10-28,15,9,24
2020-10-28,0,0,0
2020-10-28,0,0,0
2020-10-28,0,0,0
2020-10-28,9,1,10
2020-10-28,2,0,2
2020-10-28,10,0,10
2020-10-28,8,0,8
2020-10-28,43,5,48
2020-10-28,36,6,42
2020-10-28,49,0,49
2020-10-28,83,26,109
2020-10-28,149,63,212
2020-10-28,58,17,75
2020-10-28,6,0,6
2020-10-28,0,0,0
2020-10-28,0,0,0
2020-10-28,31,12,43
2020-10-28,28,3,31
2020-10-28,2,0,2
2020-10-28,743,290,1033
2020-10-28,3,0,3
2020-10-28,187,48,235
2020-10-28,8,0,8
2020-10-28,22,23,45
2020-10-28,0,0,0
2020-10-28,1,0,1
2020-10-28,8,0,8
2020-10-28,6,0,6
2020-10-28,5,0,5
2020-10-28,1,1,2
2020-10-28,27,15,42
2020-10-28,9,0,9
2020-10-28,35,1,36
2020-10-28,0,0,0
2020-10-28,58,41,99
2020-10-28,181,56,237
2020-10-28,1,0,1
2020-10-28,0,0,0
2020-10-29,2,1,3
2020-10-29,24,17,41
2020-10-29,6,12,18
2020-10-29,26,0,26
2020-10-29,6,0,6
2020-10-29,0,0,0
2020-10-29,87,12,99
2020-10-29,6,0,6
2020-10-29,2,0,2
2020-10-29,25,14,39
2020-10-29,79,19,98
2020-10-29,0,0,0
2020-10-29,11,9,20
2020-10-29,9,0,9
2020-10-29,6,0,6
2020-10-29,0,0,0
2020-10-29,68,27,95
2020-10-29,3,2,5
2020-10-29,57,34,91
2020-10-29,150,64,214
2020-10-29,0,0,0
2020-10-29,3,0,3
2020-10-29,37,2,39
2020-10-29,28,5,33
2020-10-29,22,7,29
2020-10-29,0,0,0
2020-10-29,8,0,8
2020-10-29,0,0,0
2020-10-29,10,0,10
2020-10-29,0,0,0
2020-10-29,0,0,0
2020-10-29,4,0,4
2020-10-29,11,2,13
2020-10-29,8,0,8
2020-10-29,1,0,1
2020-10-29,7,3,10
2020-10-29,0,0,0
2020-10-29,15,1,16
2020-10-29,1,0,1
2020-10-29,1,0,1
2020-10-29,182,51,233
2020-10-29,44,2,46
2020-10-29,9,1,10
2020-10-29,85,21,106
2020-10-29,6,0,6
2020-10-29,0,0,0
2020-10-29,0,0,0
2020-10-29,45,1,46
2020-10-29,233,40,273
2020-10-29,783,281,1064
2020-10-29,32,10,42
2020-10-29,24,10,34
2020-10-29,0,0,0
2020-10-29,42,9,51
2020-10-29,25,13,38
2020-10-29,197,48,245
2020-10-30,0,0,0
2020-10-30,29,10,39
2020-10-30,0,0,0
2020-10-30,9,1,10
2020-10-30,12,0,12
2020-10-30,27,11,38
2020-10-30,4,1,5
2020-10-30,44,7,51
2020-10-30,0,0,0
2020-10-30,81,25,106
2020-10-30,248,51,299
2020-10-30,35,5,40
2020-10-30,5,5,10
2020-10-30,0,0,0
2020-10-30,0,0,0
2020-10-30,2,0,2
2020-10-30,8,0,8
2020-10-30,3,1,4
2020-10-30,34,9,43
2020-10-30,22,4,26
2020-10-30,0,0,0
2020-10-30,0,0,0
2020-10-30,0,0,0
2020-10-30,2,0,2
2020-10-30,28,8,36
2020-10-30,70,14,84
2020-10-30,212,40,252
2020-10-30,53,5,58
2020-10-30,68,42,110
2020-10-30,0,0,0
2020-10-30,10,7,17
2020-10-30,0,0,0
2020-10-30,3,0,3
2020-10-30,0,0,0
2020-10-30,3,0,3
2020-10-30,1,0,1
2020-10-30,799,295,1094
2020-10-30,0,1,1
2020-10-30,7,0,7
2020-10-30,44,0,44
2020-10-30,0,0,0
2020-10-30,17,1,18
2020-10-30,94,11,105
2020-10-30,157,57,214
2020-10-30,5,0,5
2020-10-30,9,0,9
2020-10-30,2,0,2
2020-10-30,8,3,11
2020-10-30,24,6,30
2020-10-30,8,1,9
2020-10-30,7,2,9
2020-10-30,27,15,42
2020-10-30,0,0,0
2020-10-30,25,0,25
2020-10-30,91,13,104
2020-10-30,188,36,224
2020-10-31,0,2,2
2020-10-31,0,0,0
2020-10-31,7,1,8
2020-10-31,83,9,92
2020-10-31,0,0,0
2020-10-31,35,11,46
2020-10-31,7,2,9
2020-10-31,9,0,9
2020-10-31,0,0,0
2020-10-31,30,16,46
2020-10-31,0,0,0
2020-10-31,25,0,25
2020-10-31,12,3,15
2020-10-31,0,0,0
2020-10-31,156,56,212
2020-10-31,96,14,110
2020-10-31,0,2,2
2020-10-31,1,0,1
2020-10-31,8,0,8
2020-10-31,0,0,0
2020-10-31,0,0,0
2020-10-31,5,0,5
2020-10-31,0,0,0
2020-10-31,2,0,2
2020-10-31,51,6,57
2020-10-31,34,4,38
2020-10-31,20,6,26
2020-10-31,1,1,2
2020-10-31,8,10,18
2020-10-31,19,12,31
2020-10-31,0,0,0
2020-10-31,777,302,1079
2020-10-31,5,0,5
2020-10-31,0,0,0
2020-10-31,11,0,11
2020-10-31,3,1,4
2020-10-31,5,1,6
2020-10-31,77,25,102
2020-10-31,6,9,15
2020-10-31,244,36,280
2020-10-31,3,3,6
2020-10-31,241,47,288
2020-10-31,62,49,111
2020-10-31,66,18,84
2020-10-31,40,5,45
2020-10-31,1,0,1
2020-10-31,24,6,30
2020-10-31,0,0,0
2020-10-31,0,0,0
2020-10-31,2,0,2
2020-10-31,30,11,41
2020-10-31,10,1,11
2020-10-31,50,0,50
2020-10-31,3,0,3
2020-10-31,24,14,38
2020-10-31,181,36,217
2020-11-01,0,0,0
2020-11-01,5,0,5
2020-11-01,30,7,37
2020-11-01,25,13,38
2020-11-01,6,0,6
2020-11-01,1,1,2
2020-11-01,29,14,43
2020-11-01,4,0,4
2020-11-01,8,0,8
2020-11-01,46,4,50
2020-11-01,3,0,3
2020-11-01,3,1,4
2020-11-01,37,10,47
2020-11-01,9,1,10
2020-11-01,7,1,8
2020-11-01,239,61,300
2020-11-01,242,61,303
2020-11-01,798,258,1056
2020-11-01,10,1,11
2020-11-01,85,30,115
2020-11-01,12,0,12
2020-11-01,5,0,5
2020-11-01,85,15,100
2020-11-01,0,0,0
2020-11-01,3,0,3
2020-11-01,49,0,49
2020-11-01,0,0,0
2020-11-01,0,0,0
2020-11-01,0,2,2
2020-11-01,25,2,27
2020-11-01,0,0,0
2020-11-01,3,0,3
2020-11-01,35,17,52
2020-11-01,1,0,1
2020-11-01,0,0,0
2020-11-01,0,0,0
2020-11-01,0,0,0
2020-11-01,0,0,0
2020-11-01,20,4,24
2020-11-01,71,22,93
2020-11-01,5,12,17
2020-11-01,0,0,0
2020-11-01,102,7,109
2020-11-01,183,18,201
2020-11-01,179,52,231
2020-11-01,8,10,18
2020-11-01,63,46,109
2020-11-01,0,0,0
2020-11-01,17,10,27
2020-11-01,31,17,48
2020-11-01,37,3,40
2020-11-01,1,0,1
2020-11-01,12,3,15
2020-11-01,0,0,0
2020-11-01,0,0,0
2020-11-01,3,1,4
2020-11-02,30,16,46
2020-11-02,28,0,28
2020-11-02,106,14,120
2020-11-02,0,0,0
2020-11-02,0,0,0
2020-11-02,1,0,1
2020-11-02,48,0,48
2020-11-02,3,1,4
2020-11-02,4,0,4
2020-11-02,46,2,48
2020-11-02,40,18,58
2020-11-02,2,1,3
2020-11-02,91,21,112
2020-11-02,23,2,25
2020-11-02,17,13,30
2020-11-02,8,0,8
2020-11-02,8,8,16
2020-11-02,0,0,0
2020-11-02,39,9,48
2020-11-02,3,0,3
2020-11-02,9,1,10
2020-11-02,29,9,38
2020-11-02,0,0,0
2020-11-02,13,1,14
2020-11-02,0,0,0
2020-11-02,7,0,7
2020-11-02,243,54,297
2020-11-02,0,0,0
2020-11-02,194,56,250
2020-11-02,177,37,214
2020-11-02,239,52,291
2020-11-02,3,0,3
2020-11-02,7,0,7
2020-11-02,0,0,0
2020-11-02,5,9,14
2020-11-02,0,0,0
2020-11-02,0,0,0
2020-11-02,11,4,15
2020-11-02,36,2,38
2020-11-02,0,0,0
2020-11-02,0,2,2
2020-11-02,2,0,2
2020-11-02,2,0,2
2020-11-02,27,11,38
2020-11-02,0,0,0
2020-11-02,2,0,2
2020-11-02,86,23,109
2020-11-02,2,0,2
2020-11-02,74,24,98
2020-11-02,2,0,2
2020-11-02,12,0,12
2020-11-02,69,41,110
2020-11-02,9,0,9
2020-11-02,817,229,1046
2020-11-02,0,0,0
2020-11-02,28,8,36
2020-11-03,2,0,2
2020-11-03,3,0,3
2020-11-03,96,14,110
2020-11-03,56,17,73
2020-11-03,0,0,0
2020-11-03,3,0,3
2020-11-03,9,0,9
2020-11-03,32,0,32
2020-11-03,102,17,119
2020-11-03,17,11,28
2020-11-03,182,42,224
2020-11-03,31,5,36
2020-11-03,5,7,12
2020-11-03,35,5,40
2020-11-03,0,0,0
2020-11-03,12,3,15
2020-11-03,41,10,51
2020-11-03,0,0,0
2020-11-03,0,0,0
2020-11-03,2,0,2
2020-11-03,31,10,41
2020-11-03,0,1,1
2020-11-03,36,17,53
2020-11-03,1,0,1
2020-11-03,2,0,2
2020-11-03,6,2,8
2020-11-03,263,52,315
2020-11-03,65,51,116
2020-11-03,22,6,28
2020-11-03,41,10,51
2020-11-03,92,19,111
2020-11-03,0,0,0
2020-11-03,2,0,2
2020-11-03,8,13,21
2020-11-03,0,0,0
2020-11-03,9,0,9
2020-11-03,0,0,0
2020-11-03,9,0,9
2020-11-03,0,0,0
2020-11-03,49,0,49
2020-11-03,243,52,295
2020-11-03,13,0,13
2020-11-03,21,9,30
2020-11-03,2,0,2
2020-11-03,3,0,3
2020-11-03,825,303,1128
2020-11-03,0,2,2
2020-11-03,12,1,13
2020-11-03,2,0,2
2020-11-03,0,0,0
2020-11-03,210,57,267
2020-11-03,3,0,3
2020-11-03,53,2,55
2020-11-03,3,0,3
2020-11-03,15,3,18
2020-11-03,0,0,0
2020-11-04,5,3,8
2020-11-04,8,0,8
2020-11-04,22,6,28
2020-11-04,94,29,123
2020-11-04,0,0,0
2020-11-04,821,322,1143
2020-11-04,278,51,329
2020-11-04,2,0,2
2020-11-04,50,0,50
2020-11-04,0,1,1
2020-11-04,1,0,1
2020-11-04,0,0,0
2020-11-04,14,0,14
2020-11-04,34,4,38
2020-11-04,0,0,0
2020-11-04,0,0,0
2020-11-04,11,0,11
2020-11-04,25,4,29
2020-11-04,12,3,15
2020-11-04,3,0,3
2020-11-04,8,0,8
2020-11-04,100,18,118
2020-11-04,99,20,119
2020-11-04,178,49,227
2020-11-04,3,0,3
2020-11-04,0,0,0
2020-11-04,2,0,2
2020-11-04,0,0,0
2020-11-04,2,0,2
2020-11-04,15,3,18
2020-11-04,3,1,4
2020-11-04,281,58,339
2020-11-04,35,11,46
2020-11-04,4,0,4
2020-11-04,26,9,35
2020-11-04,32,5,37
2020-11-04,201,60,261
2020-11-04,0,0,0
2020-11-04,36,9,45
2020-11-04,2,0,2
2020-11-04,19,9,28
2020-11-04,39,4,43
2020-11-04,9,9,18
2020-11-04,0,0,0
2020-11-04,0,0,0
2020-11-04,2,0,2
2020-11-04,11,0,11
2020-11-04,51,2,53
2020-11-04,8,0,8
2020-11-04,61,15,76
2020-11-04,36,0,36
2020-11-04,1,0,1
2020-11-04,0,0,0
2020-11-04,2,0,2
2020-11-04,3,0,3
2020-11-04,63,45,108
2020-11-05,38,1,39
2020-11-05,4,0,4
2020-11-05,0,0,0
2020-11-05,12,0,12
2020-11-05,15,0,15
2020-11-05,2,1,3
2020-11-05,22,3,25
2020-11-05,1,0,1
2020-11-05,38,11,49
2020-11-05,0,0,0
2020-11-05,0,0,0
2020-11-05,58,15,73
2020-11-05,1,0,1
2020-11-05,9,0,9
2020-11-05,8,0,8
2020-11-05,103,20,123
2020-11-05,2,0,2
2020-11-05,208,58,266
2020-11-05,54,3,57
2020-11-05,15,0,15
2020-11-05,33,3,36
2020-11-05,177,46,223
2020-11-05,38,0,38
2020-11-05,0,0,0
2020-11-05,1,0,1
2020-11-05,3,0,3
2020-11-05,20,13,33
2020-11-05,840,292,1132
2020-11-05,3,0,3
2020-11-05,286,55,341
2020-11-05,2,0,2
2020-11-05,66,43,109
2020-11-05,1,0,1
2020-11-05,45,0,45
2020-11-05,0,0,0
2020-11-05,4,6,10
2020-11-05,283,49,332
2020-11-05,2,0,2
2020-11-05,2,0,2
2020-11-05,1,0,1
2020-11-05,14,0,14
2020-11-05,1,0,1
2020-11-05,0,0,0
2020-11-05,7,6,13
2020-11-05,7,0,7
2020-11-05,11,0,11
2020-11-05,0,0,0
2020-11-05,0,0,0
2020-11-05,40,19,59
2020-11-05,40,5,45
2020-11-05,100,21,121
2020-11-05,30,5,35
2020-11-05,0,0,0
2020-11-05,23,12,35
2020-11-05,90,18,108
2020-11-05,5,1,6
2020-11-06,34,12,46
2020-11-06,103,16,119
2020-11-06,1,0,1
2020-11-06,26,1,27
2020-11-06,2,0,2
2020-11-06,284,54,338
2020-11-06,0,0,0
2020-11-06,2,0,2
2020-11-06,66,41,107
2020-11-06,1,0,1
2020-11-06,25,13,38
2020-11-06,15,1,16
2020-11-06,0,0,0
2020-11-06,0,1,1
2020-11-06,2,0,2
2020-11-06,0,0,0
2020-11-06,39,13,52
2020-11-06,38,4,42
2020-11-06,9,0,9
2020-11-06,59,3,62
2020-11-06,2,3,5
2020-11-06,36,0,36
2020-11-06,4,1,5
2020-11-06,3,0,3
2020-11-06,5,0,5
2020-11-06,4,0,4
2020-11-06,0,0,0
2020-11-06,41,3,44
2020-11-06,12,1,13
2020-11-06,12,0,12
2020-11-06,0,0,0
2020-11-06,1,1,2
2020-11-06,6,4,10
2020-11-06,7,0,7
2020-11-06,1,0,1
2020-11-06,202,46,248
2020-11-06,281,43,324
2020-11-06,104,26,130
2020-11-06,8,0,8
2020-11-06,0,0,0
2020-11-06,4,1,5
2020-11-06,2,1,3
2020-11-06,103,14,117
2020-11-06,199,33,232
2020-11-06,20,11,31
2020-11-06,45,0,45
2020-11-06,0,0,0
2020-11-06,33,8,41
2020-11-06,3,0,3
2020-11-06,0,0,0
2020-11-06,7,11,18
2020-11-06,58,9,67
2020-11-06,17,0,17
2020-11-06,0,0,0
2020-11-06,44,5,49
2020-11-06,851,255,1106
2020-11-07,201,23,224
2020-11-07,110,21,131
2020-11-07,53,4,57
2020-11-07,36,5,41
2020-11-07,38,16,54
2020-11-07,0,0,0
2020-11-07,1,1,2
2020-11-07,3,0,3
2020-11-07,27,2,29
2020-11-07,37,3,40
2020-11-07,2,0,2
2020-11-07,1,0,1
2020-11-07,0,0,0
2020-11-07,6,1,7
2020-11-07,4,0,4
2020-11-07,3,0,3
2020-11-07,61,1,62
2020-11-07,39,5,44
2020-11-07,855,278,1133
2020-11-07,0,0,0
2020-11-07,2,0,2
2020-11-07,3,0,3
2020-11-07,2,0,2
2020-11-07,4,0,4
2020-11-07,1,0,1
2020-11-07,9,0,9
2020-11-07,10,1,11
2020-11-07,61,6,67
2020-11-07,0,0,0
2020-11-07,47,0,47
2020-11-07,0,0,0
2020-11-07,3,0,3
2020-11-07,0,0,0
2020-11-07,20,5,25
2020-11-07,38,12,50
2020-11-07,6,13,19
2020-11-07,3,1,4
2020-11-07,10,0,10
2020-11-07,297,57,354
2020-11-07,105,19,124
2020-11-07,0,1,1
2020-11-07,120,24,144
2020-11-07,17,1,18
2020-11-07,69,37,106
2020-11-07,28,12,40
2020-11-07,0,0,0
2020-11-07,7,2,9
2020-11-07,4,1,5
2020-11-07,6,7,13
2020-11-07,16,0,16
2020-11-07,0,0,0
2020-11-07,33,0,33
2020-11-07,274,38,312
2020-11-07,223,55,278
2020-11-07,6,0,6
2020-11-07,1,0,1
2020-11-08,28,11,39
2020-11-08,2,1,3
2020-11-08,2,0,2
2020-11-08,4,0,4
2020-11-08,29,3,32
2020-11-08,14,0,14
2020-11-08,3,0,3
2020-11-08,4,0,4
2020-11-08,7,1,8
2020-11-08,1,0,1
2020-11-08,0,0,0
2020-11-08,19,1,20
2020-11-08,1,0,1
2020-11-08,0,0,0
2020-11-08,1,0,1
2020-11-08,0,0,0
2020-11-08,11,0,11
2020-11-08,40,2,42
2020-11-08,32,0,32
2020-11-08,64,12,76
2020-11-08,109,21,130
2020-11-08,1,0,1
2020-11-08,3,2,5
2020-11-08,10,0,10
2020-11-08,0,0,0
2020-11-08,0,0,0
2020-11-08,205,28,233
2020-11-08,5,6,11
2020-11-08,4,0,4
2020-11-08,9,0,9
2020-11-08,69,48,117
2020-11-08,5,7,12
2020-11-08,42,14,56
2020-11-08,50,0,50
2020-11-08,0,0,0
2020-11-08,0,0,0
2020-11-08,1,3,4
2020-11-08,228,58,286
2020-11-08,10,0,10
2020-11-08,6,2,8
2020-11-08,289,37,326
2020-11-08,2,0,2
2020-11-08,61,1,62
2020-11-08,0,0,0
2020-11-08,55,1,56
2020-11-08,136,22,158
2020-11-08,46,17,63
2020-11-08,111,27,138
2020-11-08,4,0,4
2020-11-08,888,264,1152
2020-11-08,40,8,48
2020-11-08,20,7,27
2020-11-08,287,55,342
2020-11-08,38,8,46
2020-11-08,2,0,2
2020-11-08,3,0,3
2020-11-09,2,0,2
2020-11-09,224,52,276
2020-11-09,9,0,9
2020-11-09,110,24,134
2020-11-09,1,0,1
2020-11-09,2,2,4
2020-11-09,12,0,12
2020-11-09,3,0,3
2020-11-09,4,0,4
2020-11-09,244,43,287
2020-11-09,18,0,18
2020-11-09,22,2,24
2020-11-09,19,7,26
2020-11-09,4,1,5
2020-11-09,1,0,1
2020-11-09,55,4,59
2020-11-09,0,0,0
2020-11-09,45,12,57
2020-11-09,49,0,49
2020-11-09,8,0,8
2020-11-09,0,0,0
2020-11-09,24,2,26
2020-11-09,7,4,11
2020-11-09,65,2,67
2020-11-09,112,24,136
2020-11-09,63,45,108
2020-11-09,8,0,8
2020-11-09,11,0,11
2020-11-09,299,53,352
2020-11-09,5,0,5
2020-11-09,0,0,0
2020-11-09,0,0,0
2020-11-09,148,31,179
2020-11-09,7,2,9
2020-11-09,0,0,0
2020-11-09,284,47,331
2020-11-09,0,0,0
2020-11-09,33,0,33
2020-11-09,903,306,1209
2020-11-09,0,0,0
2020-11-09,36,3,39
2020-11-09,4,0,4
2020-11-09,38,8,46
2020-11-09,1,0,1
2020-11-09,41,9,50
2020-11-09,44,9,53
2020-11-09,3,0,3
2020-11-09,0,0,0
2020-11-09,4,0,4
2020-11-09,0,0,0
2020-11-09,62,9,71
2020-11-09,33,12,45
2020-11-09,2,3,5
2020-11-09,5,0,5
2020-11-09,1,0,1
2020-11-09,8,0,8
2020-11-10,2,0,2
2020-11-10,35,11,46
2020-11-10,0,0,0
2020-11-10,18,0,18
2020-11-10,14,0,14
2020-11-10,49,10,59
2020-11-10,2,0,2
2020-11-10,22,11,33
2020-11-10,0,0,0
2020-11-10,158,25,183
2020-11-10,8,9,17
2020-11-10,1,0,1
2020-11-10,31,0,31
2020-11-10,4,0,4
2020-11-10,121,24,145
2020-11-10,5,0,5
2020-11-10,4,0,4
2020-11-10,1,0,1
2020-11-10,0,0,0
2020-11-10,14,0,14
2020-11-10,5,0,5
2020-11-10,35,4,39
2020-11-10,953,317,1270
2020-11-10,12,7,19
2020-11-10,244,40,284
2020-11-10,4,0,4
2020-11-10,30,12,42
2020-11-10,109,26,135
2020-11-10,0,0,0
2020-11-10,263,44,307
2020-11-10,0,0,0
2020-11-10,294,61,355
2020-11-10,45,14,59
2020-11-10,1,0,1
2020-11-10,38,0,38
2020-11-10,4,0,4
2020-11-10,9,0,9
2020-11-10,42,8,50
2020-11-10,0,0,0
2020-11-10,0,0,0
2020-11-10,3,0,3
2020-11-10,51,0,51
2020-11-10,56,1,57
2020-11-10,0,0,0
2020-11-10,286,63,349
2020-11-10,21,10,31
2020-11-10,2,1,3
2020-11-10,3,0,3
2020-11-10,64,9,73
2020-11-10,0,0,0
2020-11-10,3,0,3
2020-11-10,6,0,6
2020-11-10,70,51,121
2020-11-10,13,0,13
2020-11-10,62,5,67
2020-11-10,7,0,7
2020-11-11,7,0,7
2020-11-11,13,3,16
2020-11-11,942,323,1265
2020-11-11,0,0,0
2020-11-11,17,0,17
2020-11-11,75,36,111
2020-11-11,3,0,3
2020-11-11,37,6,43
2020-11-11,1,0,1
2020-11-11,153,20,173
2020-11-11,19,0,19
2020-11-11,6,0,6
2020-11-11,66,12,78
2020-11-11,1,0,1
2020-11-11,303,41,344
2020-11-11,106,15,121
2020-11-11,7,0,7
2020-11-11,2,0,2
2020-11-11,0,0,0
2020-11-11,6,0,6
2020-11-11,123,16,139
2020-11-11,9,0,9
2020-11-11,2,0,2
2020-11-11,59,9,68
2020-11-11,271,52,323
2020-11-11,43,6,49
2020-11-11,0,0,0
2020-11-11,36,7,43
2020-11-11,30,14,44
2020-11-11,0,0,0
2020-11-11,21,10,31
2020-11-11,50,10,60
2020-11-11,4,0,4
2020-11-11,0,0,0
2020-11-11,0,0,0
2020-11-11,28,1,29
2020-11-11,12,0,12
2020-11-11,5,0,5
2020-11-11,12,0,12
2020-11-11,1,0,1
2020-11-11,0,0,0
2020-11-11,251,43,294
2020-11-11,2,2,4
2020-11-11,0,0,0
2020-11-11,5,1,6
2020-11-11,21,2,23
2020-11-11,302,50,352
2020-11-11,44,0,44
2020-11-11,69,4,73
2020-11-11,4,0,4
2020-11-11,53,0,53
2020-11-11,50,8,58
2020-11-11,8,11,19
2020-11-11,16,0,16
2020-11-11,0,0,0
2020-11-11,5,0,5
2020-11-12,62,2,64
2020-11-12,966,314,1280
2020-11-12,115,20,135
2020-11-12,302,35,337
2020-11-12,2,0,2
2020-11-12,0,0,0
2020-11-12,36,9,45
2020-11-12,36,14,50
2020-11-12,18,9,27
2020-11-12,244,45,289
2020-11-12,63,8,71
2020-11-12,7,0,7
2020-11-12,3,0,3
2020-11-12,16,0,16
2020-11-12,11,6,17
2020-11-12,60,0,60
2020-11-12,0,0,0
2020-11-12,16,1,17
2020-11-12,4,0,4
2020-11-12,0,0,0
2020-11-12,0,0,0
2020-11-12,1,0,1
2020-11-12,11,14,25
2020-11-12,177,23,200
2020-11-12,28,1,29
2020-11-12,0,0,0
2020-11-12,2,0,2
2020-11-12,20,0,20
2020-11-12,4,0,4
2020-11-12,120,19,139
2020-11-12,13,2,15
2020-11-12,23,9,32
2020-11-12,3,4,7
2020-11-12,7,0,7
2020-11-12,0,0,0
2020-11-12,0,0,0
2020-11-12,286,57,343
2020-11-12,43,2,45
2020-11-12,70,39,109
2020-11-12,1,0,1
2020-11-12,9,0,9
2020-11-12,9,0,9
2020-11-12,0,0,0
2020-11-12,3,1,4
2020-11-12,0,0,0
2020-11-12,4,0,4
2020-11-12,40,7,47
2020-11-12,46,10,56
2020-11-12,74,15,89
2020-11-12,50,7,57
2020-11-12,7,0,7
2020-11-12,7,0,7
2020-11-12,7,0,7
2020-11-12,318,58,376
2020-11-12,38,8,46
2020-11-12,17,0,17
2020-11-13,1,0,1
2020-11-13,0,0,0
2020-11-13,0,0,0
2020-11-13,0,0,0
2020-11-13,17,0,17
2020-11-13,44,9,53
2020-11-13,8,0,8
2020-11-13,44,7,51
2020-11-13,4,0,4
2020-11-13,0,0,0
2020-11-13,36,7,43
2020-11-13,36,11,47
2020-11-13,44,2,46
2020-11-13,10,5,15
2020-11-13,0,0,0
2020-11-13,0,0,0
2020-11-13,19,1,20
2020-11-13,13,3,16
2020-11-13,4,1,5
2020-11-13,334,54,388
2020-11-13,7,0,7
2020-11-13,1,0,1
2020-11-13,3,4,7
2020-11-13,26,0,26
2020-11-13,9,0,9
2020-11-13,4,0,4
2020-11-13,131,16,147
2020-11-13,2,0,2
2020-11-13,46,10,56
2020-11-13,172,18,190
2020-11-13,68,6,74
2020-11-13,235,37,272
2020-11-13,63,3,66
2020-11-13,1014,282,1296
2020-11-13,19,6,25
2020-11-13,314,50,364
2020-11-13,298,51,349
2020-11-13,0,0,0
2020-11-13,41,12,53
2020-11-13,20,5,25
2020-11-13,3,1,4
2020-11-13,0,0,0
2020-11-13,27,1,28
2020-11-13,5,0,5
2020-11-13,63,0,63
2020-11-13,0,0,0
2020-11-13,84,16,100
2020-11-13,7,0,7
2020-11-13,131,12,143
2020-11-13,74,38,112
2020-11-13,7,2,9
2020-11-13,2,1,3
2020-11-13,17,1,18
2020-11-13,10,0,10
2020-11-13,10,9,19
2020-11-13,4,0,4
2020-11-14,2,1,3
2020-11-14,0,0,0
2020-11-14,72,9,81
2020-11-14,0,0,0
2020-11-14,4,0,4
2020-11-14,23,6,29
2020-11-14,19,0,19
2020-11-14,14,0,14
2020-11-14,15,4,19
2020-11-14,93,13,106
2020-11-14,0,0,0
2020-11-14,22,22,44
2020-11-14,51,1,52
2020-11-14,170,23,193
2020-11-14,3,3,6
2020-11-14,146,21,167
2020-11-14,28,0,28
2020-11-14,4,1,5
2020-11-14,62,0,62
2020-11-14,38,8,46
2020-11-14,50,12,62
2020-11-14,12,0,12
2020-11-14,21,0,21
2020-11-14,4,2,6
2020-11-14,0,0,0
2020-11-14,10,6,16
2020-11-14,70,3,73
2020-11-14,8,0,8
2020-11-14,362,57,419
2020-11-14,0,0,0
2020-11-14,69,36,105
2020-11-14,1049,346,1395
2020-11-14,0,0,0
2020-11-14,13,0,13
2020-11-14,4,0,4
2020-11-14,8,2,10
2020-11-14,19,3,22
2020-11-14,54,6,60
2020-11-14,2,1,3
2020-11-14,0,0,0
2020-11-14,38,6,44
2020-11-14,7,0,7
2020-11-14,242,44,286
2020-11-14,310,58,368
2020-11-14,45,12,57
2020-11-14,1,0,1
2020-11-14,135,12,147
2020-11-14,9,4,13
2020-11-14,0,0,0
2020-11-14,9,1,10
2020-11-14,0,0,0
2020-11-14,0,0,0
2020-11-14,317,46,363
2020-11-14,38,2,40
2020-11-14,9,0,9
2020-11-14,2,0,2
2020-11-15,7,0,7
2020-11-15,3,1,4
2020-11-15,53,13,66
2020-11-15,76,7,83
2020-11-15,8,0,8
2020-11-15,4,1,5
2020-11-15,0,0,0
2020-11-15,10,0,10
2020-11-15,0,0,0
2020-11-15,317,53,370
2020-11-15,54,5,59
2020-11-15,0,0,0
2020-11-15,2,0,2
2020-11-15,6,0,6
2020-11-15,40,5,45
2020-11-15,18,2,20
2020-11-15,14,0,14
2020-11-15,94,14,108
2020-11-15,2,0,2
2020-11-15,18,6,24
2020-11-15,7,0,7
2020-11-15,41,8,49
2020-11-15,15,0,15
2020-11-15,257,45,302
2020-11-15,378,64,442
2020-11-15,3,0,3
2020-11-15,0,0,0
2020-11-15,0,0,0
2020-11-15,150,8,158
2020-11-15,3,2,5
2020-11-15,71,39,110
2020-11-15,26,0,26
2020-11-15,0,0,0
2020-11-15,9,4,13
2020-11-15,1126,277,1403
2020-11-15,39,3,42
2020-11-15,2,0,2
2020-11-15,51,1,52
2020-11-15,172,20,192
2020-11-15,0,1,1
2020-11-15,11,13,24
2020-11-15,1,0,1
2020-11-15,320,68,388
2020-11-15,48,19,67
2020-11-15,11,0,11
2020-11-15,21,0,21
2020-11-15,2,0,2
2020-11-15,155,12,167
2020-11-15,28,1,29
2020-11-15,62,0,62
2020-11-15,5,1,6
2020-11-15,80,9,89
2020-11-15,0,0,0
2020-11-15,13,0,13
2020-11-15,2,0,2
2020-11-15,17,5,22
2020-11-16,23,0,23
2020-11-16,14,0,14
2020-11-16,1,0,1
2020-11-16,102,20,122
2020-11-16,0,0,0
2020-11-16,15,0,15
2020-11-16,19,5,24
2020-11-16,78,8,86
2020-11-16,270,73,343
2020-11-16,2,0,2
2020-11-16,5,0,5
2020-11-16,7,0,7
2020-11-16,151,21,172
2020-11-16,1,0,1
2020-11-16,43,1,44
2020-11-16,2,0,2
2020-11-16,0,0,0
2020-11-16,11,5,16
2020-11-16,6,0,6
2020-11-16,338,59,397
2020-11-16,153,9,162
2020-11-16,41,8,49
2020-11-16,89,28,117
2020-11-16,6,1,7
2020-11-16,345,57,402
2020-11-16,411,69,480
2020-11-16,2,5,7
2020-11-16,20,0,20
2020-11-16,68,18,86
2020-11-16,6,0,6
2020-11-16,49,5,54
2020-11-16,0,0,0
2020-11-16,3,0,3
2020-11-16,22,5,27
2020-11-16,1188,286,1474
2020-11-16,0,0,0
2020-11-16,63,21,84
2020-11-16,86,11,97
2020-11-16,60,6,66
2020-11-16,0,0,0
2020-11-16,38,6,44
2020-11-16,33,1,34
2020-11-16,0,0,0
2020-11-16,12,2,14
2020-11-16,26,0,26
2020-11-16,4,0,4
2020-11-16,4,1,5
2020-11-16,7,0,7
2020-11-16,0,0,0
2020-11-16,14,0,14
2020-11-16,1,0,1
2020-11-16,0,0,0
2020-11-16,7,0,7
2020-11-16,64,2,66
2020-11-16,17,5,22
2020-11-16,191,29,220
2020-11-17,20,0,20
2020-11-17,208,20,228
2020-11-17,291,71,362
2020-11-17,0,0,0
2020-11-17,7,0,7
2020-11-17,7,1,8
2020-11-17,1,0,1
2020-11-17,417,67,484
2020-11-17,48,11,59
2020-11-17,50,8,58
2020-11-17,13,2,15
2020-11-17,3,3,6
2020-11-17,19,0,19
2020-11-17,162,22,184
2020-11-17,74,21,95
2020-11-17,23,0,23
2020-11-17,0,1,1
2020-11-17,2,0,2
2020-11-17,2,0,2
2020-11-17,26,0,26
2020-11-17,5,2,7
2020-11-17,1,0,1
2020-11-17,78,4,82
2020-11-17,350,59,409
2020-11-17,101,23,124
2020-11-17,5,0,5
2020-11-17,20,0,20
2020-11-17,4,0,4
2020-11-17,0,0,0
2020-11-17,95,24,119
2020-11-17,0,0,0
2020-11-17,62,1,63
2020-11-17,21,2,23
2020-11-17,37,11,48
2020-11-17,0,0,0
2020-11-17,55,3,58
2020-11-17,87,9,96
2020-11-17,163,16,179
2020-11-17,367,51,418
2020-11-17,1238,304,1542
2020-11-17,7,0,7
2020-11-17,26,9,35
2020-11-17,1,0,1
2020-11-17,48,0,48
2020-11-17,14,0,14
2020-11-17,10,13,23
2020-11-17,3,0,3
2020-11-17,10,2,12
2020-11-17,0,0,0
2020-11-17,0,0,0
2020-11-17,5,0,5
2020-11-17,39,0,39
2020-11-17,0,0,0
2020-11-17,67,8,75
2020-11-17,17,1,18
2020-11-17,0,0,0
2020-11-18,369,65,434
2020-11-18,167,17,184
2020-11-18,0,0,0
2020-11-18,10,0,10
2020-11-18,0,0,0
2020-11-18,362,65,427
2020-11-18,103,30,133
2020-11-18,48,0,48
2020-11-18,439,57,496
2020-11-18,20,1,21
2020-11-18,12,0,12
2020-11-18,0,0,0
2020-11-18,5,0,5
2020-11-18,8,0,8
2020-11-18,67,3,70
2020-11-18,83,5,88
2020-11-18,23,4,27
2020-11-18,1,0,1
2020-11-18,0,1,1
2020-11-18,50,7,57
2020-11-18,4,0,4
2020-11-18,8,1,9
2020-11-18,81,27,108
2020-11-18,111,15,126
2020-11-18,0,0,0
2020-11-18,57,6,63
2020-11-18,7,2,9
2020-11-18,8,0,8
2020-11-18,27,6,33
2020-11-18,227,22,249
2020-11-18,0,0,0
2020-11-18,1298,330,1628
2020-11-18,1,0,1
2020-11-18,22,0,22
2020-11-18,1,0,1
2020-11-18,12,9,21
2020-11-18,2,0,2
2020-11-18,67,16,83
2020-11-18,170,19,189
2020-11-18,0,0,0
2020-11-18,39,8,47
2020-11-18,2,0,2
2020-11-18,22,0,22
2020-11-18,3,3,6
2020-11-18,12,0,12
2020-11-18,53,12,65
2020-11-18,304,55,359
2020-11-18,5,0,5
2020-11-18,20,2,22
2020-11-18,95,7,102
2020-11-18,22,0,22
2020-11-18,29,0,29
2020-11-18,40,0,40
2020-11-18,0,0,0
2020-11-18,1,1,2
2020-11-18,6,0,6
2020-11-19,458,54,512
2020-11-19,9,1,10
2020-11-19,2,0,2
2020-11-19,48,0,48
2020-11-19,4,0,4
2020-11-19,54,1,55
2020-11-19,22,1,23
2020-11-19,17,3,20
2020-11-19,0,0,0
2020-11-19,51,8,59
2020-11-19,86,23,109
2020-11-19,45,0,45
2020-11-19,178,18,196
2020-11-19,12,1,13
2020-11-19,2,0,2
2020-11-19,1,0,1
2020-11-19,25,7,32
2020-11-19,0,0,0
2020-11-19,0,0,0
2020-11-19,101,8,109
2020-11-19,333,41,374
2020-11-19,68,12,80
2020-11-19,26,5,31
2020-11-19,38,1,39
2020-11-19,24,1,25
2020-11-19,393,54,447
2020-11-19,1391,304,1695
2020-11-19,4,0,4
2020-11-19,1,0,1
2020-11-19,7,0,7
2020-11-19,0,0,0
2020-11-19,30,1,31
2020-11-19,5,0,5
2020-11-19,3,3,6
2020-11-19,112,7,119
2020-11-19,22,0,22
2020-11-19,11,0,11
2020-11-19,8,0,8
2020-11-19,54,10,64
2020-11-19,13,0,13
2020-11-19,0,0,0
2020-11-19,42,4,46
2020-11-19,8,0,8
2020-11-19,375,65,440
2020-11-19,0,0,0
2020-11-19,12,9,21
2020-11-19,84,6,90
2020-11-19,104,30,134
2020-11-19,231,28,259
2020-11-19,0,0,0
2020-11-19,7,2,9
2020-11-19,61,5,66
2020-11-19,1,0,1
2020-11-19,1,0,1
2020-11-19,171,29,200
2020-11-19,0,0,0
2020-11-20,1,0,1
2020-11-20,88,21,109
2020-11-20,109,2,111
2020-11-20,58,8,66
2020-11-20,411,51,462
2020-11-20,47,0,47
2020-11-20,14,11,25
2020-11-20,14,0,14
2020-11-20,0,0,0
2020-11-20,0,0,0
2020-11-20,97,8,105
2020-11-20,24,2,26
2020-11-20,24,7,31
2020-11-20,0,0,0
2020-11-20,239,27,266
2020-11-20,5,2,7
2020-11-20,0,0,0
2020-11-20,59,5,64
2020-11-20,0,0,0
2020-11-20,24,0,24
2020-11-20,21,3,24
2020-11-20,1401,317,1718
2020-11-20,1,0,1
2020-11-20,6,2,8
2020-11-20,2,0,2
2020-11-20,385,55,440
2020-11-20,190,27,217
2020-11-20,71,11,82
2020-11-20,65,7,72
2020-11-20,1,0,1
2020-11-20,3,1,4
2020-11-20,10,2,12
2020-11-20,57,8,65
2020-11-20,29,0,29
2020-11-20,0,0,0
2020-11-20,184,13,197
2020-11-20,0,0,0
2020-11-20,5,0,5
2020-11-20,8,0,8
2020-11-20,127,16,143
2020-11-20,97,31,128
2020-11-20,5,0,5
2020-11-20,0,0,0
2020-11-20,6,0,6
2020-11-20,49,4,53
2020-11-20,8,0,8
2020-11-20,0,0,0
2020-11-20,365,47,412
2020-11-20,9,0,9
2020-11-20,509,52,561
2020-11-20,3,0,3
2020-11-20,29,1,30
2020-11-20,11,0,11
2020-11-20,52,0,52
2020-11-20,26,12,38
2020-11-20,40,3,43
2020-11-21,380,39,419
2020-11-21,108,24,132
2020-11-21,495,64,559
2020-11-21,1482,346,1828
2020-11-21,439,46,485
2020-11-21,12,0,12
2020-11-21,57,0,57
2020-11-21,54,0,54
2020-11-21,9,0,9
2020-11-21,0,0,0
2020-11-21,0,0,0
2020-11-21,28,1,29
2020-11-21,1,0,1
2020-11-21,21,3,24
2020-11-21,21,0,21
2020-11-21,409,54,463
2020-11-21,45,1,46
2020-11-21,60,7,67
2020-11-21,190,19,209
2020-11-21,14,2,16
2020-11-21,0,0,0
2020-11-21,0,0,0
2020-11-21,4,0,4
2020-11-21,70,11,81
2020-11-21,97,24,121
2020-11-21,25,0,25
2020-11-21,2,0,2
2020-11-21,2,0,2
2020-11-21,0,0,0
2020-11-21,6,0,6
2020-11-21,6,2,8
2020-11-21,1,0,1
2020-11-21,3,0,3
2020-11-21,52,5,57
2020-11-21,117,3,120
2020-11-21,11,1,12
2020-11-21,0,0,0
2020-11-21,203,21,224
2020-11-21,1,0,1
2020-11-21,107,8,115
2020-11-21,255,22,277
2020-11-21,18,6,24
2020-11-21,1,0,1
2020-11-21,5,3,8
2020-11-21,10,0,10
2020-11-21,4,1,5
2020-11-21,9,0,9
2020-11-21,58,9,67
2020-11-21,62,6,68
2020-11-21,129,6,135
2020-11-21,23,0,23
2020-11-21,0,0,0
2020-11-21,0,0,0
2020-11-21,39,4,43
2020-11-21,24,0,24
2020-11-21,30,10,40
2020-11-22,0,0,0
2020-11-22,15,0,15
2020-11-22,63,10,73
2020-11-22,16,1,17
2020-11-22,32,10,42
2020-11-22,25,0,25
2020-11-22,19,0,19
2020-11-22,0,0,0
2020-11-22,255,22,277
2020-11-22,23,2,25
2020-11-22,20,10,30
2020-11-22,5,3,8
2020-11-22,232,15,247
2020-11-22,47,2,49
2020-11-22,0,0,0
2020-11-22,93,24,117
2020-11-22,24,0,24
2020-11-22,1,0,1
2020-11-22,2,0,2
2020-11-22,51,0,51
2020-11-22,527,53,580
2020-11-22,428,58,486
2020-11-22,25,6,31
2020-11-22,0,0,0
2020-11-22,10,0,10
2020-11-22,1,0,1
2020-11-22,58,1,59
2020-11-22,5,0,5
2020-11-22,4,2,6
2020-11-22,8,0,8
2020-11-22,110,6,116
2020-11-22,2,0,2
2020-11-22,79,11,90
2020-11-22,115,35,150
2020-11-22,409,65,474
2020-11-22,1575,344,1919
2020-11-22,51,0,51
2020-11-22,120,6,126
2020-11-22,2,0,2
2020-11-22,197,21,218
2020-11-22,58,11,69
2020-11-22,50,7,57
2020-11-22,446,47,493
2020-11-22,11,0,11
2020-11-22,2,0,2
2020-11-22,138,20,158
2020-11-22,1,0,1
2020-11-22,0,0,0
2020-11-22,47,0,47
2020-11-22,1,0,1
2020-11-22,26,0,26
2020-11-22,8,3,11
2020-11-22,0,0,0
2020-11-22,12,0,12
2020-11-22,0,0,0
2020-11-22,10,0,10
2020-11-23,470,56,526
2020-11-23,463,80,543
2020-11-23,8,0,8
2020-11-23,8,2,10
2020-11-23,583,75,658
2020-11-23,14,0,14
2020-11-23,4,0,4
2020-11-23,156,9,165
2020-11-23,51,1,52
2020-11-23,253,31,284
2020-11-23,64,2,66
2020-11-23,21,0,21
2020-11-23,12,0,12
2020-11-23,3,0,3
2020-11-23,123,26,149
2020-11-23,43,2,45
2020-11-23,1,0,1
2020-11-23,31,0,31
2020-11-23,0,0,0
2020-11-23,4,5,9
2020-11-23,64,6,70
2020-11-23,1,0,1
2020-11-23,114,8,122
2020-11-23,420,78,498
2020-11-23,8,0,8
2020-11-23,0,0,0
2020-11-23,27,0,27
2020-11-23,0,0,0
2020-11-23,1,0,1
2020-11-23,255,13,268
2020-11-23,24,3,27
2020-11-23,1682,296,1978
2020-11-23,48,0,48
2020-11-23,6,0,6
2020-11-23,40,4,44
2020-11-23,13,3,16
2020-11-23,0,0,0
2020-11-23,1,0,1
2020-11-23,32,0,32
2020-11-23,29,0,29
2020-11-23,56,12,68
2020-11-23,94,14,108
2020-11-23,20,0,20
2020-11-23,2,0,2
2020-11-23,61,7,68
2020-11-23,132,1,133
2020-11-23,52,1,53
2020-11-23,201,24,225
2020-11-23,3,0,3
2020-11-23,0,0,0
2020-11-23,8,4,12
2020-11-23,11,0,11
2020-11-23,0,0,0
2020-11-23,101,18,119
2020-11-23,5,2,7
2020-11-23,21,14,35
2020-11-24,259,29,288
2020-11-24,33,0,33
2020-11-24,0,0,0
2020-11-24,217,20,237
2020-11-24,11,1,12
2020-11-24,3,0,3
2020-11-24,42,1,43
2020-11-24,12,0,12
2020-11-24,0,0,0
2020-11-24,10,0,10
2020-11-24,59,1,60
2020-11-24,10,3,13
2020-11-24,7,3,10
2020-11-24,162,7,169
2020-11-24,1,0,1
2020-11-24,63,11,74
2020-11-24,455,72,527
2020-11-24,0,0,0
2020-11-24,126,3,129
2020-11-24,138,38,176
2020-11-24,30,6,36
2020-11-24,9,1,10
2020-11-24,26,4,30
2020-11-24,265,30,295
2020-11-24,3,0,3
2020-11-24,10,0,10
2020-11-24,2,0,2
2020-11-24,8,1,9
2020-11-24,16,0,16
2020-11-24,51,0,51
2020-11-24,72,15,87
2020-11-24,110,15,125
2020-11-24,3,5,8
2020-11-24,45,6,51
2020-11-24,2,0,2
2020-11-24,3,0,3
2020-11-24,479,47,526
2020-11-24,21,0,21
2020-11-24,62,1,63
2020-11-24,606,67,673
2020-11-24,64,2,66
2020-11-24,0,0,0
2020-11-24,109,13,122
2020-11-24,510,44,554
2020-11-24,86,6,92
2020-11-24,77,8,85
2020-11-24,33,0,33
2020-11-24,0,0,0
2020-11-24,4,0,4
2020-11-24,0,0,0
2020-11-24,0,0,0
2020-11-24,1809,388,2197
2020-11-24,1,0,1
2020-11-24,12,1,13
2020-11-24,30,0,30
2020-11-24,22,12,34
2020-11-25,143,50,193
2020-11-25,171,15,186
2020-11-25,490,65,555
2020-11-25,28,0,28
2020-11-25,0,0,0
2020-11-25,0,0,0
2020-11-25,1893,301,2194
2020-11-25,628,66,694
2020-11-25,54,0,54
2020-11-25,28,3,31
2020-11-25,3,0,3
2020-11-25,4,0,4
2020-11-25,10,0,10
2020-11-25,17,0,17
2020-11-25,65,13,78
2020-11-25,44,1,45
2020-11-25,136,3,139
2020-11-25,0,0,0
2020-11-25,9,0,9
2020-11-25,92,8,100
2020-11-25,279,20,299
2020-11-25,73,9,82
2020-11-25,499,38,537
2020-11-25,229,24,253
2020-11-25,59,1,60
2020-11-25,9,2,11
2020-11-25,0,0,0
2020-11-25,2,0,2
2020-11-25,106,18,124
2020-11-25,1,0,1
2020-11-25,0,0,0
2020-11-25,1,0,1
2020-11-25,7,5,12
2020-11-25,32,0,32
2020-11-25,11,0,11
2020-11-25,13,1,14
2020-11-25,1,0,1
2020-11-25,32,1,33
2020-11-25,1,0,1
2020-11-25,67,3,70
2020-11-25,84,3,87
2020-11-25,30,0,30
2020-11-25,0,0,0
2020-11-25,14,0,14
2020-11-25,4,0,4
2020-11-25,12,0,12
2020-11-25,46,6,52
2020-11-25,3,0,3
2020-11-25,110,10,120
2020-11-25,10,0,10
2020-11-25,1,3,4
2020-11-25,22,13,35
2020-11-25,258,17,275
2020-11-25,64,6,70
2020-11-25,545,42,587
2020-11-25,9,1,10
2020-11-26,506,36,542
2020-11-26,563,41,604
2020-11-26,25,0,25
2020-11-26,9,1,10
2020-11-26,143,4,147
2020-11-26,81,11,92
2020-11-26,2,1,3
2020-11-26,79,6,85
2020-11-26,265,15,280
2020-11-26,32,1,33
2020-11-26,47,5,52
2020-11-26,11,2,13
2020-11-26,30,2,32
2020-11-26,62,0,62
2020-11-26,0,0,0
2020-11-26,3,0,3
2020-11-26,60,0,60
2020-11-26,1,0,1
2020-11-26,4,0,4
2020-11-26,656,48,704
2020-11-26,107,14,121
2020-11-26,31,0,31
2020-11-26,3,0,3
2020-11-26,230,23,253
2020-11-26,32,0,32
2020-11-26,498,77,575
2020-11-26,0,0,0
2020-11-26,4,0,4
2020-11-26,3,0,3
2020-11-26,12,1,13
2020-11-26,0,0,0
2020-11-26,23,0,23
2020-11-26,50,0,50
2020-11-26,1951,301,2252
2020-11-26,1,0,1
2020-11-26,11,0,11
2020-11-26,0,0,0
2020-11-26,13,0,13
2020-11-26,70,4,74
2020-11-26,90,9,99
2020-11-26,13,0,13
2020-11-26,1,0,1
2020-11-26,71,2,73
2020-11-26,263,22,285
2020-11-26,11,0,11
2020-11-26,0,0,0
2020-11-26,118,22,140
2020-11-26,6,2,8
2020-11-26,0,0,0
2020-11-26,186,14,200
2020-11-26,23,6,29
2020-11-26,13,2,15
2020-11-26,157,54,211
2020-11-26,67,15,82
2020-11-26,0,0,0
2020-11-26,10,0,10
2020-11-27,25,10,35
2020-11-27,181,20,201
2020-11-27,12,0,12
2020-11-27,84,10,94
2020-11-27,661,64,725
2020-11-27,0,0,0
2020-11-27,10,0,10
2020-11-27,533,47,580
2020-11-27,76,2,78
2020-11-27,52,0,52
2020-11-27,12,0,12
2020-11-27,3,0,3
2020-11-27,14,6,20
2020-11-27,12,0,12
2020-11-27,2,0,2
2020-11-27,70,0,70
2020-11-27,57,0,57
2020-11-27,246,22,268
2020-11-27,2049,299,2348
2020-11-27,81,3,84
2020-11-27,7,3,10
2020-11-27,0,0,0
2020-11-27,0,0,0
2020-11-27,46,6,52
2020-11-27,3,2,5
2020-11-27,18,0,18
2020-11-27,31,4,35
2020-11-27,1,0,1
2020-11-27,534,35,569
2020-11-27,0,0,0
2020-11-27,35,0,35
2020-11-27,274,20,294
2020-11-27,13,0,13
2020-11-27,0,0,0
2020-11-27,22,0,22
2020-11-27,0,0,0
2020-11-27,86,12,98
2020-11-27,112,14,126
2020-11-27,11,1,12
2020-11-27,8,0,8
2020-11-27,11,0,11
2020-11-27,599,38,637
2020-11-27,163,41,204
2020-11-27,72,4,76
2020-11-27,37,2,39
2020-11-27,165,3,168
2020-11-27,28,0,28
2020-11-27,33,2,35
2020-11-27,0,0,0
2020-11-27,4,0,4
2020-11-27,3,0,3
2020-11-27,128,13,141
2020-11-27,284,18,302
2020-11-27,62,11,73
2020-11-27,1,0,1
2020-11-27,1,0,1
2020-11-28,5,0,5
2020-11-28,90,18,108
2020-11-28,0,1,1
2020-11-28,0,0,0
2020-11-28,728,64,792
2020-11-28,597,48,645
2020-11-28,88,8,96
2020-11-28,25,7,32
2020-11-28,19,0,19
2020-11-28,90,4,94
2020-11-28,8,5,13
2020-11-28,2,3,5
2020-11-28,40,0,40
2020-11-28,2185,328,2513
2020-11-28,186,18,204
2020-11-28,28,4,32
2020-11-28,0,0,0
2020-11-28,1,0,1
2020-11-28,0,0,0
2020-11-28,14,0,14
2020-11-28,2,0,2
2020-11-28,166,1,167
2020-11-28,124,15,139
2020-11-28,1,0,1
2020-11-28,1,0,1
2020-11-28,77,3,80
2020-11-28,573,63,636
2020-11-28,627,46,673
2020-11-28,56,0,56
2020-11-28,168,38,206
2020-11-28,10,0,10
2020-11-28,9,0,9
2020-11-28,0,0,0
2020-11-28,64,11,75
2020-11-28,13,0,13
2020-11-28,125,13,138
2020-11-28,32,0,32
2020-11-28,15,0,15
2020-11-28,15,2,17
2020-11-28,0,0,0
2020-11-28,72,0,72
2020-11-28,5,0,5
2020-11-28,303,23,326
2020-11-28,45,2,47
2020-11-28,72,1,73
2020-11-28,12,0,12
2020-11-28,55,0,55
2020-11-28,263,18,281
2020-11-28,0,0,0
2020-11-28,39,1,40
2020-11-28,6,0,6
2020-11-28,11,0,11
2020-11-28,278,32,310
2020-11-28,50,6,56
2020-11-28,0,0,0
2020-11-28,20,0,20
2020-11-29,47,0,47
2020-11-29,0,0,0
2020-11-29,58,9,67
2020-11-29,161,5,166
2020-11-29,1,0,1
2020-11-29,11,0,11
2020-11-29,316,29,345
2020-11-29,3,0,3
2020-11-29,38,0,38
2020-11-29,658,40,698
2020-11-29,96,3,99
2020-11-29,781,58,839
2020-11-29,28,0,28
2020-11-29,10,0,10
2020-11-29,0,0,0
2020-11-29,189,11,200
2020-11-29,16,0,16
2020-11-29,2316,335,2651
2020-11-29,5,0,5
2020-11-29,82,1,83
2020-11-29,3,0,3
2020-11-29,289,14,303
2020-11-29,34,1,35
2020-11-29,59,14,73
2020-11-29,10,3,13
2020-11-29,287,25,312
2020-11-29,0,0,0
2020-11-29,71,1,72
2020-11-29,10,0,10
2020-11-29,0,0,0
2020-11-29,2,2,4
2020-11-29,125,13,138
2020-11-29,106,17,123
2020-11-29,0,1,1
2020-11-29,24,7,31
2020-11-29,42,3,45
2020-11-29,585,81,666
2020-11-29,134,11,145
2020-11-29,9,0,9
2020-11-29,56,0,56
2020-11-29,11,0,11
2020-11-29,0,0,0
2020-11-29,46,0,46
2020-11-29,6,0,6
2020-11-29,171,33,204
2020-11-29,10,0,10
2020-11-29,19,1,20
2020-11-29,1,0,1
2020-11-29,92,13,105
2020-11-29,58,0,58
2020-11-29,0,0,0
2020-11-29,0,0,0
2020-11-29,21,0,21
2020-11-29,83,1,84
2020-11-29,2,0,2
2020-11-29,605,59,664
2020-11-30,0,0,0
2020-11-30,18,0,18
2020-11-30,81,0,81
2020-11-30,21,13,34
2020-11-30,648,57,705
2020-11-30,5,2,7
2020-11-30,200,22,222
2020-11-30,66,13,79
2020-11-30,138,8,146
2020-11-30,31,0,31
2020-11-30,35,9,44
2020-11-30,12,0,12
2020-11-30,50,2,52
2020-11-30,1,0,1
2020-11-30,184,2,186
2020-11-30,344,25,369
2020-11-30,91,0,91
2020-11-30,13,0,13
2020-11-30,4,0,4
2020-11-30,11,4,15
2020-11-30,102,25,127
2020-11-30,82,0,82
2020-11-30,2,0,2
2020-11-30,52,0,52
2020-11-30,7,2,9
2020-11-30,0,0,0
2020-11-30,65,9,74
2020-11-30,10,0,10
2020-11-30,11,0,11
2020-11-30,696,35,731
2020-11-30,600,83,683
2020-11-30,0,0,0
2020-11-30,6,0,6
2020-11-30,40,0,40
2020-11-30,2439,304,2743
2020-11-30,41,0,41
2020-11-30,1,0,1
2020-11-30,19,1,20
2020-11-30,5,0,5
2020-11-30,0,0,0
2020-11-30,856,78,934
2020-11-30,12,0,12
2020-11-30,99,10,109
2020-11-30,131,12,143
2020-11-30,0,0,0
2020-11-30,2,1,3
2020-11-30,45,0,45
2020-11-30,0,0,0
2020-11-30,291,17,308
2020-11-30,188,35,223
2020-11-30,15,0,15
2020-11-30,9,1,10
2020-11-30,305,31,336
2020-11-30,94,8,102
2020-11-30,62,0,62
2020-11-30,0,0,0
2020-12-01,8,0,8
2020-12-01,2,0,2
2020-12-01,2572,310,2882
2020-12-01,12,0,12
2020-12-01,11,0,11
2020-12-01,189,1,190
2020-12-01,0,0,0
2020-12-01,0,0,0
2020-12-01,130,20,150
2020-12-01,210,18,228
2020-12-01,363,22,385
2020-12-01,73,0,73
2020-12-01,5,0,5
2020-12-01,45,1,46
2020-12-01,15,2,17
2020-12-01,2,1,3
2020-12-01,1,0,1
2020-12-01,38,5,43
2020-12-01,1,0,1
2020-12-01,42,0,42
2020-12-01,14,1,15
2020-12-01,6,0,6
2020-12-01,29,0,29
2020-12-01,0,0,0
2020-12-01,5,5,10
2020-12-01,150,12,162
2020-12-01,883,82,965
2020-12-01,685,48,733
2020-12-01,0,0,0
2020-12-01,112,21,133
2020-12-01,98,14,112
2020-12-01,47,1,48
2020-12-01,0,0,0
2020-12-01,2,0,2
2020-12-01,14,0,14
2020-12-01,25,13,38
2020-12-01,689,67,756
2020-12-01,12,0,12
2020-12-01,85,1,86
2020-12-01,11,0,11
2020-12-01,69,12,81
2020-12-01,56,0,56
2020-12-01,53,0,53
2020-12-01,9,1,10
2020-12-01,10,0,10
2020-12-01,293,19,312
2020-12-01,45,0,45
2020-12-01,2,0,2
2020-12-01,72,6,78
2020-12-01,88,3,91
2020-12-01,187,47,234
2020-12-01,92,11,103
2020-12-01,291,27,318
2020-12-01,628,76,704
2020-12-01,20,0,20
2020-12-01,16,1,17
2020-12-02,116,15,131
2020-12-02,82,1,83
2020-12-02,67,11,78
2020-12-02,735,49,784
2020-12-02,649,72,721
2020-12-02,2668,336,3004
2020-12-02,11,0,11
2020-12-02,1,0,1
2020-12-02,93,5,98
2020-12-02,2,0,2
2020-12-02,0,0,0
2020-12-02,7,0,7
2020-12-02,5,6,11
2020-12-02,11,0,11
2020-12-02,0,0,0
2020-12-02,4,0,4
2020-12-02,338,29,367
2020-12-02,195,43,238
2020-12-02,0,0,0
2020-12-02,98,13,111
2020-12-02,20,0,20
2020-12-02,13,0,13
2020-12-02,131,14,145
2020-12-02,705,56,761
2020-12-02,82,1,83
2020-12-02,53,0,53
2020-12-02,179,5,184
2020-12-02,44,1,45
2020-12-02,0,0,0
2020-12-02,359,29,388
2020-12-02,11,0,11
2020-12-02,1,0,1
2020-12-02,8,1,9
2020-12-02,47,0,47
2020-12-02,11,0,11
2020-12-02,904,98,1002
2020-12-02,57,3,60
2020-12-02,37,0,37
2020-12-02,0,0,0
2020-12-02,100,10,110
2020-12-02,5,0,5
2020-12-02,16,4,20
2020-12-02,17,0,17
2020-12-02,38,4,42
2020-12-02,15,0,15
2020-12-02,70,6,76
2020-12-02,162,7,169
2020-12-02,58,1,59
2020-12-02,9,0,9
2020-12-02,28,10,38
2020-12-02,304,23,327
2020-12-02,2,0,2
2020-12-02,0,0,0
2020-12-02,12,0,12
2020-12-02,32,0,32
2020-12-02,219,18,237
2020-12-03,11,0,11
2020-12-03,5,0,5
2020-12-03,373,23,396
2020-12-03,5,0,5
2020-12-03,1,0,1
2020-12-03,18,0,18
2020-12-03,0,0,0
2020-12-03,11,0,11
2020-12-03,206,49,255
2020-12-03,104,15,119
2020-12-03,13,0,13
2020-12-03,2,0,2
2020-12-03,16,2,18
2020-12-03,7,0,7
2020-12-03,37,5,42
2020-12-03,43,0,43
2020-12-03,47,1,48
2020-12-03,2769,328,3097
2020-12-03,16,3,19
2020-12-03,160,5,165
2020-12-03,10,0,10
2020-12-03,3,0,3
2020-12-03,6,0,6
2020-12-03,91,1,92
2020-12-03,1,0,1
2020-12-03,2,0,2
2020-12-03,0,0,0
2020-12-03,340,38,378
2020-12-03,93,5,98
2020-12-03,0,0,0
2020-12-03,15,1,16
2020-12-03,59,1,60
2020-12-03,218,13,231
2020-12-03,76,7,83
2020-12-03,39,0,39
2020-12-03,10,0,10
2020-12-03,107,10,117
2020-12-03,38,0,38
2020-12-03,122,14,136
2020-12-03,90,1,91
2020-12-03,182,6,188
2020-12-03,746,64,810
2020-12-03,1,2,3
2020-12-03,64,14,78
2020-12-03,11,0,11
2020-12-03,307,23,330
2020-12-03,743,54,797
2020-12-03,144,19,163
2020-12-03,51,0,51
2020-12-03,60,0,60
2020-12-03,12,1,13
2020-12-03,0,0,0
2020-12-03,658,81,739
2020-12-03,13,3,16
2020-12-03,880,84,964
2020-12-03,29,10,39
2020-12-04,11,0,11
2020-12-04,9,0,9
2020-12-04,90,0,90
2020-12-04,10,0,10
2020-12-04,90,2,92
2020-12-04,2878,319,3197
2020-12-04,78,11,89
2020-12-04,9,0,9
2020-12-04,0,0,0
2020-12-04,41,0,41
2020-12-04,69,14,83
2020-12-04,41,3,44
2020-12-04,842,45,887
2020-12-04,46,1,47
2020-12-04,12,0,12
2020-12-04,15,1,16
2020-12-04,213,38,251
2020-12-04,63,0,63
2020-12-04,15,1,16
2020-12-04,29,0,29
2020-12-04,354,36,390
2020-12-04,913,85,998
2020-12-04,7,2,9
2020-12-04,2,0,2
2020-12-04,6,0,6
2020-12-04,18,0,18
2020-12-04,126,17,143
2020-12-04,54,0,54
2020-12-04,28,10,38
2020-12-04,15,0,15
2020-12-04,19,0,19
2020-12-04,0,0,0
2020-12-04,0,0,0
2020-12-04,104,2,106
2020-12-04,198,5,203
2020-12-04,378,21,399
2020-12-04,96,3,99
2020-12-04,49,0,49
2020-12-04,2,0,2
2020-12-04,332,23,355
2020-12-04,1,0,1
2020-12-04,772,35,807
2020-12-04,51,1,52
2020-12-04,8,0,8
2020-12-04,1,0,1
2020-12-04,4,0,4
2020-12-04,687,101,788
2020-12-04,5,0,5
2020-12-04,1,0,1
2020-12-04,111,15,126
2020-12-04,148,15,163
2020-12-04,0,0,0
2020-12-04,225,12,237
2020-12-04,172,15,187
2020-12-04,0,0,0
2020-12-04,5,0,5
2020-12-05,21,0,21
2020-12-05,82,8,90
2020-12-05,72,13,85
2020-12-05,57,0,57
2020-12-05,8,0,8
2020-12-05,115,4,119
2020-12-05,147,23,170
2020-12-05,187,12,199
2020-12-05,117,10,127
2020-12-05,11,0,11
2020-12-05,0,0,0
2020-12-05,7,2,9
2020-12-05,19,0,19
2020-12-05,7,0,7
2020-12-05,958,78,1036
2020-12-05,1,0,1
2020-12-05,44,1,45
2020-12-05,2,0,2
2020-12-05,0,0,0
2020-12-05,12,0,12
2020-12-05,2,1,3
2020-12-05,16,1,17
2020-12-05,371,30,401
2020-12-05,1,0,1
2020-12-05,0,0,0
2020-12-05,9,0,9
2020-12-05,43,0,43
2020-12-05,111,6,117
2020-12-05,50,1,51
2020-12-05,336,21,357
2020-12-05,2,0,2
2020-12-05,22,0,22
2020-12-05,2,4,6
2020-12-05,790,45,835
2020-12-05,848,54,902
2020-12-05,2988,340,3328
2020-12-05,671,116,787
2020-12-05,0,0,0
2020-12-05,33,0,33
2020-12-05,10,0,10
2020-12-05,87,3,90
2020-12-05,133,17,150
2020-12-05,41,8,49
2020-12-05,199,3,202
2020-12-05,31,11,42
2020-12-05,227,32,259
2020-12-05,1,0,1
2020-12-05,8,1,9
2020-12-05,5,0,5
2020-12-05,5,0,5
2020-12-05,217,15,232
2020-12-05,7,0,7
2020-12-05,396,24,420
2020-12-05,49,0,49
2020-12-05,66,0,66
2020-12-05,96,0,96
2020-12-06,138,20,158
2020-12-06,817,54,871
2020-12-06,9,0,9
2020-12-06,97,2,99
2020-12-06,700,117,817
2020-12-06,13,0,13
2020-12-06,110,5,115
2020-12-06,2,4,6
2020-12-06,0,0,0
2020-12-06,17,1,18
2020-12-06,7,0,7
2020-12-06,374,24,398
2020-12-06,48,9,57
2020-12-06,2,1,3
2020-12-06,35,0,35
2020-12-06,98,0,98
2020-12-06,69,0,69
2020-12-06,13,1,14
2020-12-06,48,0,48
2020-12-06,408,28,436
2020-12-06,0,0,0
2020-12-06,20,0,20
2020-12-06,3113,377,3490
2020-12-06,154,17,171
2020-12-06,82,10,92
2020-12-06,118,8,126
2020-12-06,7,0,7
2020-12-06,11,1,12
2020-12-06,4,0,4
2020-12-06,3,0,3
2020-12-06,5,0,5
2020-12-06,49,0,49
2020-12-06,18,2,20
2020-12-06,69,10,79
2020-12-06,877,44,921
2020-12-06,199,27,226
2020-12-06,122,11,133
2020-12-06,209,12,221
2020-12-06,51,0,51
2020-12-06,10,0,10
2020-12-06,2,0,2
2020-12-06,207,2,209
2020-12-06,7,0,7
2020-12-06,9,0,9
2020-12-06,226,40,266
2020-12-06,46,0,46
2020-12-06,1,0,1
2020-12-06,59,2,61
2020-12-06,20,0,20
2020-12-06,354,14,368
2020-12-06,2,0,2
2020-12-06,0,0,0
2020-12-06,984,76,1060
2020-12-06,0,0,0
2020-12-06,27,9,36
2020-12-06,0,0,0
2020-12-07,37,0,37
2020-12-07,12,3,15
2020-12-07,420,35,455
2020-12-07,128,8,136
2020-12-07,67,8,75
2020-12-07,18,0,18
2020-12-07,0,0,0
2020-12-07,3,0,3
2020-12-07,199,9,208
2020-12-07,12,0,12
2020-12-07,49,0,49
2020-12-07,7,0,7
2020-12-07,3299,354,3653
2020-12-07,2,0,2
2020-12-07,0,0,0
2020-12-07,7,0,7
2020-12-07,149,13,162
2020-12-07,5,0,5
2020-12-07,2,0,2
2020-12-07,75,2,77
2020-12-07,140,16,156
2020-12-07,83,12,95
2020-12-07,946,78,1024
2020-12-07,1,0,1
2020-12-07,42,0,42
2020-12-07,376,22,398
2020-12-07,24,12,36
2020-12-07,232,36,268
2020-12-07,54,1,55
2020-12-07,6,0,6
2020-12-07,13,0,13
2020-12-07,0,0,0
2020-12-07,47,3,50
2020-12-07,0,0,0
2020-12-07,7,0,7
2020-12-07,1,0,1
2020-12-07,126,9,135
2020-12-07,23,0,23
2020-12-07,996,104,1100
2020-12-07,117,6,123
2020-12-07,8,1,9
2020-12-07,17,3,20
2020-12-07,64,0,64
2020-12-07,46,0,46
2020-12-07,733,115,848
2020-12-07,385,27,412
2020-12-07,231,13,244
2020-12-07,20,1,21
2020-12-07,8,1,9
2020-12-07,121,1,122
2020-12-07,216,8,224
2020-12-07,867,41,908
2020-12-07,105,1,106
2020-12-07,9,0,9
2020-12-07,0,0,0
2020-12-07,12,1,13
2020-12-08,874,59,933
2020-12-08,80,2,82
2020-12-08,64,3,67
2020-12-08,247,13,260
2020-12-08,121,1,122
2020-12-08,143,16,159
2020-12-08,3433,337,3770
2020-12-08,5,0,5
2020-12-08,454,38,492
2020-12-08,14,0,14
2020-12-08,27,10,37
2020-12-08,45,0,45
2020-12-08,392,21,413
2020-12-08,7,0,7
2020-12-08,768,127,895
2020-12-08,242,38,280
2020-12-08,6,1,7
2020-12-08,44,2,46
2020-12-08,1053,87,1140
2020-12-08,0,0,0
2020-12-08,7,0,7
2020-12-08,112,1,113
2020-12-08,0,0,0
2020-12-08,4,0,4
2020-12-08,74,14,88
2020-12-08,15,1,16
2020-12-08,158,17,175
2020-12-08,51,9,60
2020-12-08,1,0,1
2020-12-08,1,0,1
2020-12-08,48,0,48
2020-12-08,3,0,3
2020-12-08,13,0,13
2020-12-08,5,0,5
2020-12-08,0,0,0
2020-12-08,3,0,3
2020-12-08,26,0,26
2020-12-08,6,0,6
2020-12-08,15,0,15
2020-12-08,87,10,97
2020-12-08,20,4,24
2020-12-08,17,0,17
2020-12-08,37,0,37
2020-12-08,0,0,0
2020-12-08,3,0,3
2020-12-08,398,24,422
2020-12-08,128,13,141
2020-12-08,218,9,227
2020-12-08,225,4,229
2020-12-08,974,80,1054
2020-12-08,63,3,66
2020-12-08,24,0,24
2020-12-08,4,0,4
2020-12-08,115,5,120
2020-12-08,131,4,135
2020-12-08,7,0,7
2020-12-09,2,1,3
2020-12-09,2,0,2
2020-12-09,145,7,152
2020-12-09,24,0,24
2020-12-09,3,0,3
2020-12-09,72,3,75
2020-12-09,3,1,4
2020-12-09,96,14,110
2020-12-09,225,13,238
2020-12-09,7,0,7
2020-12-09,164,5,169
2020-12-09,4,0,4
2020-12-09,82,16,98
2020-12-09,127,0,127
2020-12-09,1,0,1
2020-12-09,1,0,1
2020-12-09,41,0,41
2020-12-09,31,12,43
2020-12-09,0,0,0
2020-12-09,6,0,6
2020-12-09,3,0,3
2020-12-09,460,31,491
2020-12-09,9,0,9
2020-12-09,138,12,150
2020-12-09,1094,92,1186
2020-12-09,2,0,2
2020-12-09,29,4,33
2020-12-09,1025,68,1093
2020-12-09,905,50,955
2020-12-09,0,0,0
2020-12-09,254,47,301
2020-12-09,114,1,115
2020-12-09,47,0,47
2020-12-09,13,0,13
2020-12-09,2,0,2
2020-12-09,11,0,11
2020-12-09,3624,370,3994
2020-12-09,9,0,9
2020-12-09,775,132,907
2020-12-09,166,17,183
2020-12-09,62,3,65
2020-12-09,73,1,74
2020-12-09,398,24,422
2020-12-09,25,0,25
2020-12-09,5,0,5
2020-12-09,49,0,49
2020-12-09,229,9,238
2020-12-09,258,12,270
2020-12-09,60,5,65
2020-12-09,0,0,0
2020-12-09,411,22,433
2020-12-09,13,0,13
2020-12-09,121,6,127
2020-12-09,46,0,46
2020-12-09,17,1,18
2020-12-09,14,1,15
2020-12-10,1122,50,1172
2020-12-10,10,0,10
2020-12-10,39,0,39
2020-12-10,77,0,77
2020-12-10,422,15,437
2020-12-10,25,0,25
2020-12-10,268,8,276
2020-12-10,118,1,119
2020-12-10,49,0,49
2020-12-10,98,14,112
2020-12-10,0,0,0
2020-12-10,49,0,49
2020-12-10,1132,109,1241
2020-12-10,25,5,30
2020-12-10,3,1,4
2020-12-10,5,0,5
2020-12-10,3,1,4
2020-12-10,278,34,312
2020-12-10,0,0,0
2020-12-10,3,0,3
2020-12-10,24,0,24
2020-12-10,176,18,194
2020-12-10,11,0,11
2020-12-10,8,0,8
2020-12-10,4,0,4
2020-12-10,419,19,438
2020-12-10,127,0,127
2020-12-10,14,1,15
2020-12-10,809,141,950
2020-12-10,4,1,5
2020-12-10,3850,323,4173
2020-12-10,7,0,7
2020-12-10,146,12,158
2020-12-10,2,0,2
2020-12-10,136,5,141
2020-12-10,902,61,963
2020-12-10,18,2,20
2020-12-10,31,5,36
2020-12-10,156,8,164
2020-12-10,0,0,0
2020-12-10,68,9,77
2020-12-10,1,0,1
2020-12-10,73,3,76
2020-12-10,61,3,64
2020-12-10,2,0,2
2020-12-10,2,0,2
2020-12-10,9,0,9
2020-12-10,236,11,247
2020-12-10,119,3,122
2020-12-10,2,0,2
2020-12-10,45,0,45
2020-12-10,88,14,102
2020-12-10,472,41,513
2020-12-10,233,8,241
2020-12-10,13,0,13
2020-12-10,19,1,20
2020-12-11,28,4,32
2020-12-11,433,20,453
2020-12-11,855,149,1004
2020-12-11,462,29,491
2020-12-11,45,0,45
2020-12-11,24,0,24
2020-12-11,66,3,69
2020-12-11,19,0,19
2020-12-11,7,0,7
2020-12-11,174,9,183
2020-12-11,10,0,10
2020-12-11,928,73,1001
2020-12-11,176,18,194
2020-12-11,60,0,60
2020-12-11,247,9,256
2020-12-11,8,0,8
2020-12-11,8,0,8
2020-12-11,1150,76,1226
2020-12-11,287,8,295
2020-12-11,1,0,1
2020-12-11,124,3,127
2020-12-11,124,0,124
2020-12-11,3,1,4
2020-12-11,0,0,0
2020-12-11,103,9,112
2020-12-11,91,12,103
2020-12-11,4,0,4
2020-12-11,26,4,30
2020-12-11,4,1,5
2020-12-11,1,0,1
2020-12-11,11,0,11
2020-12-11,26,1,27
2020-12-11,281,36,317
2020-12-11,431,19,450
2020-12-11,48,0,48
2020-12-11,0,0,0
2020-12-11,17,2,19
2020-12-11,5,0,5
2020-12-11,4,0,4
2020-12-11,75,0,75
2020-12-11,155,11,166
2020-12-11,18,1,19
2020-12-11,152,11,163
2020-12-11,248,5,253
2020-12-11,9,0,9
2020-12-11,73,0,73
2020-12-11,127,8,135
2020-12-11,1154,86,1240
2020-12-11,5,0,5
2020-12-11,4009,353,4362
2020-12-11,2,0,2
2020-12-11,70,5,75
2020-12-11,0,0,0
2020-12-11,50,0,50
2020-12-11,2,0,2
2020-12-11,4,0,4
2020-12-12,7,0,7
2020-12-12,77,0,77
2020-12-12,286,34,320
2020-12-12,25,5,30
2020-12-12,173,13,186
2020-12-12,2,0,2
2020-12-12,5,1,6
2020-12-12,299,8,307
2020-12-12,5,0,5
2020-12-12,18,2,20
2020-12-12,0,0,0
2020-12-12,1,0,1
2020-12-12,1236,71,1307
2020-12-12,4203,365,4568
2020-12-12,12,0,12
2020-12-12,173,11,184
2020-12-12,976,61,1037
2020-12-12,2,0,2
2020-12-12,135,0,135
2020-12-12,4,0,4
2020-12-12,78,1,79
2020-12-12,65,1,66
2020-12-12,32,6,38
2020-12-12,5,0,5
2020-12-12,94,10,104
2020-12-12,8,0,8
2020-12-12,2,0,2
2020-12-12,102,9,111
2020-12-12,262,8,270
2020-12-12,130,4,134
2020-12-12,1,0,1
2020-12-12,52,0,52
2020-12-12,176,6,182
2020-12-12,120,6,126
2020-12-12,25,1,26
2020-12-12,1234,88,1322
2020-12-12,4,1,5
2020-12-12,9,0,9
2020-12-12,18,0,18
2020-12-12,25,3,28
2020-12-12,273,9,282
2020-12-12,901,95,996
2020-12-12,8,0,8
2020-12-12,451,14,465
2020-12-12,7,0,7
2020-12-12,1,0,1
2020-12-12,61,2,63
2020-12-12,456,19,475
2020-12-12,0,0,0
2020-12-12,65,6,71
2020-12-12,11,0,11
2020-12-12,450,39,489
2020-12-12,4,0,4
2020-12-12,62,1,63
2020-12-12,43,0,43
2020-12-12,173,13,186
2020-12-13,26,5,31
2020-12-13,70,10,80
2020-12-13,11,0,11
2020-12-13,14,0,14
2020-12-13,277,8,285
2020-12-13,27,2,29
2020-12-13,6,0,6
2020-12-13,0,0,0
2020-12-13,302,47,349
2020-12-13,32,1,33
2020-12-13,8,0,8
2020-12-13,62,2,64
2020-12-13,181,11,192
2020-12-13,994,40,1034
2020-12-13,75,0,75
2020-12-13,182,10,192
2020-12-13,5,0,5
2020-12-13,89,1,90
2020-12-13,65,1,66
2020-12-13,139,4,143
2020-12-13,0,0,0
2020-12-13,0,0,0
2020-12-13,930,110,1040
2020-12-13,7,0,7
2020-12-13,4403,372,4775
2020-12-13,103,10,113
2020-12-13,13,0,13
2020-12-13,127,6,133
2020-12-13,20,0,20
2020-12-13,41,0,41
2020-12-13,3,0,3
2020-12-13,1277,87,1364
2020-12-13,4,3,7
2020-12-13,295,6,301
2020-12-13,18,2,20
2020-12-13,317,13,330
2020-12-13,6,1,7
2020-12-13,177,17,194
2020-12-13,178,4,182
2020-12-13,3,0,3
2020-12-13,1287,71,1358
2020-12-13,53,0,53
2020-12-13,11,0,11
2020-12-13,4,0,4
2020-12-13,34,0,34
2020-12-13,105,10,115
2020-12-13,0,0,0
2020-12-13,458,49,507
2020-12-13,143,0,143
2020-12-13,1,0,1
2020-12-13,480,23,503
2020-12-13,463,17,480
2020-12-13,7,0,7
2020-12-13,77,0,77
2020-12-13,24,0,24
2020-12-13,1,0,1
2020-12-14,4656,314,4970
2020-12-14,30,3,33
2020-12-14,330,44,374
2020-12-14,1371,89,1460
2020-12-14,75,0,75
2020-12-14,18,1,19
2020-12-14,1,0,1
2020-12-14,41,0,41
2020-12-14,11,0,11
2020-12-14,19,1,20
2020-12-14,1019,63,1082
2020-12-14,178,4,182
2020-12-14,284,4,288
2020-12-14,185,15,200
2020-12-14,293,8,301
2020-12-14,29,1,30
2020-12-14,13,0,13
2020-12-14,5,0,5
2020-12-14,77,0,77
2020-12-14,32,0,32
2020-12-14,1319,96,1415
2020-12-14,76,4,80
2020-12-14,15,0,15
2020-12-14,111,10,121
2020-12-14,0,0,0
2020-12-14,107,13,120
2020-12-14,210,10,220
2020-12-14,0,0,0
2020-12-14,57,0,57
2020-12-14,5,0,5
2020-12-14,91,0,91
2020-12-14,511,27,538
2020-12-14,151,0,151
2020-12-14,1,0,1
2020-12-14,35,3,38
2020-12-14,150,3,153
2020-12-14,491,37,528
2020-12-14,4,0,4
2020-12-14,133,7,140
2020-12-14,972,106,1078
2020-12-14,12,0,12
2020-12-14,0,0,0
2020-12-14,4,1,5
2020-12-14,473,21,494
2020-12-14,26,0,26
2020-12-14,3,0,3
2020-12-14,1,0,1
2020-12-14,60,0,60
2020-12-14,6,0,6
2020-12-14,5,1,6
2020-12-14,4,0,4
2020-12-14,184,11,195
2020-12-14,334,14,348
2020-12-14,0,0,0
2020-12-14,61,1,62
2020-12-14,4,3,7
2020-12-15,1486,81,1567
2020-12-15,6,1,7
2020-12-15,1413,92,1505
2020-12-15,1,0,1
2020-12-15,34,2,36
2020-12-15,1000,116,1116
2020-12-15,187,11,198
2020-12-15,34,2,36
2020-12-15,4864,344,5208
2020-12-15,148,4,152
2020-12-15,46,0,46
2020-12-15,470,22,492
2020-12-15,0,0,0
2020-12-15,6,0,6
2020-12-15,6,0,6
2020-12-15,15,0,15
2020-12-15,0,0,0
2020-12-15,13,0,13
2020-12-15,1103,70,1173
2020-12-15,90,2,92
2020-12-15,16,0,16
2020-12-15,36,11,47
2020-12-15,334,20,354
2020-12-15,535,18,553
2020-12-15,173,7,180
2020-12-15,226,7,233
2020-12-15,2,0,2
2020-12-15,121,11,132
2020-12-15,27,0,27
2020-12-15,332,45,377
2020-12-15,79,0,79
2020-12-15,141,3,144
2020-12-15,84,0,84
2020-12-15,66,3,69
2020-12-15,4,0,4
2020-12-15,20,0,20
2020-12-15,296,3,299
2020-12-15,163,1,164
2020-12-15,18,0,18
2020-12-15,32,1,33
2020-12-15,110,14,124
2020-12-15,188,9,197
2020-12-15,12,0,12
2020-12-15,7,0,7
2020-12-15,5,0,5
2020-12-15,491,40,531
2020-12-15,7,0,7
2020-12-15,65,0,65
2020-12-15,4,3,7
2020-12-15,54,0,54
2020-12-15,0,0,0
2020-12-15,305,4,309
2020-12-15,59,0,59
2020-12-15,3,0,3
2020-12-15,0,0,0
2020-12-15,2,0,2
2020-12-16,97,5,102
2020-12-16,527,30,557
2020-12-16,3,0,3
2020-12-16,6,3,9
2020-12-16,196,10,206
2020-12-16,1054,85,1139
2020-12-16,65,2,67
2020-12-16,5,0,5
2020-12-16,315,8,323
2020-12-16,24,0,24
2020-12-16,13,0,13
2020-12-16,11,0,11
2020-12-16,478,31,509
2020-12-16,59,0,59
2020-12-16,1519,96,1615
2020-12-16,28,0,28
2020-12-16,34,1,35
2020-12-16,1458,127,1585
2020-12-16,4,0,4
2020-12-16,145,2,147
2020-12-16,0,0,0
2020-12-16,72,0,72
2020-12-16,5,0,5
2020-12-16,105,16,121
2020-12-16,1,0,1
2020-12-16,0,0,0
2020-12-16,303,8,311
2020-12-16,336,39,375
2020-12-16,179,9,188
2020-12-16,12,0,12
2020-12-16,22,1,23
2020-12-16,0,0,0
2020-12-16,2,0,2
2020-12-16,35,3,38
2020-12-16,4,0,4
2020-12-16,4,0,4
2020-12-16,75,0,75
2020-12-16,9,0,9
2020-12-16,58,0,58
2020-12-16,173,9,182
2020-12-16,116,13,129
2020-12-16,40,9,49
2020-12-16,0,0,0
2020-12-16,7,0,7
2020-12-16,230,11,241
2020-12-16,14,0,14
2020-12-16,86,1,87
2020-12-16,1126,60,1186
2020-12-16,165,0,165
2020-12-16,18,0,18
2020-12-16,7,0,7
2020-12-16,5100,366,5466
2020-12-16,53,1,54
2020-12-16,559,26,585
2020-12-16,140,3,143
2020-12-16,334,20,354
2020-12-17,9,0,9
2020-12-17,6,0,6
2020-12-17,4,0,4
2020-12-17,7,4,11
2020-12-17,13,0,13
2020-12-17,184,11,195
2020-12-17,1,0,1
2020-12-17,240,19,259
2020-12-17,8,0,8
2020-12-17,0,0,0
2020-12-17,151,2,153
2020-12-17,25,0,25
2020-12-17,553,39,592
2020-12-17,152,9,161
2020-12-17,5424,339,5763
2020-12-17,13,0,13
2020-12-17,5,0,5
2020-12-17,17,0,17
2020-12-17,77,0,77
2020-12-17,106,19,125
2020-12-17,70,3,73
2020-12-17,54,0,54
2020-12-17,0,0,0
2020-12-17,561,27,588
2020-12-17,31,2,33
2020-12-17,1557,78,1635
2020-12-17,59,0,59
2020-12-17,352,50,402
2020-12-17,1492,100,1592
2020-12-17,5,0,5
2020-12-17,70,4,74
2020-12-17,98,5,103
2020-12-17,35,1,36
2020-12-17,22,2,24
2020-12-17,6,0,6
2020-12-17,23,0,23
2020-12-17,84,0,84
2020-12-17,315,5,320
2020-12-17,1164,55,1219
2020-12-17,1092,94,1186
2020-12-17,42,2,44
2020-12-17,1,0,1
2020-12-17,177,6,183
2020-12-17,340,14,354
2020-12-17,313,10,323
2020-12-17,0,0,0
2020-12-17,6,0,6
2020-12-17,58,0,58
2020-12-17,0,0,0
2020-12-17,197,15,212
2020-12-17,13,0,13
2020-12-17,7,0,7
2020-12-17,174,0,174
2020-12-17,471,22,493
2020-12-17,6,0,6
2020-12-17,129,9,138
2020-12-18,38,1,39
2020-12-18,75,2,77
2020-12-18,5,0,5
2020-12-18,592,25,617
2020-12-18,323,11,334
2020-12-18,190,14,204
2020-12-18,5,0,5
2020-12-18,12,0,12
2020-12-18,1601,74,1675
2020-12-18,312,5,317
2020-12-18,5,0,5
2020-12-18,13,0,13
2020-12-18,8,0,8
2020-12-18,58,0,58
2020-12-18,6,0,6
2020-12-18,10,0,10
2020-12-18,486,22,508
2020-12-18,38,2,40
2020-12-18,353,49,402
2020-12-18,58,0,58
2020-12-18,67,4,71
2020-12-18,17,1,18
2020-12-18,29,2,31
2020-12-18,5549,323,5872
2020-12-18,109,16,125
2020-12-18,102,5,107
2020-12-18,54,0,54
2020-12-18,0,0,0
2020-12-18,1169,88,1257
2020-12-18,352,10,362
2020-12-18,1204,49,1253
2020-12-18,2,0,2
2020-12-18,12,0,12
2020-12-18,153,9,162
2020-12-18,185,8,193
2020-12-18,9,1,10
2020-12-18,139,14,153
2020-12-18,8,0,8
2020-12-18,77,0,77
2020-12-18,0,0,0
2020-12-18,243,13,256
2020-12-18,223,12,235
2020-12-18,565,33,598
2020-12-18,0,0,0
2020-12-18,1508,137,1645
2020-12-18,179,0,179
2020-12-18,5,0,5
2020-12-18,0,0,0
2020-12-18,6,0,6
2020-12-18,6,0,6
2020-12-18,23,0,23
2020-12-18,22,0,22
2020-12-18,22,1,23
2020-12-18,74,0,74
2020-12-18,164,2,166
2020-12-18,0,0,0
2020-12-19,199,0,199
2020-12-19,5,0,5
2020-12-19,1211,53,1264
2020-12-19,12,0,12
2020-12-19,0,0,0
2020-12-19,164,6,170
2020-12-19,19,0,19
2020-12-19,10,0,10
2020-12-19,592,22,614
2020-12-19,17,3,20
2020-12-19,343,11,354
2020-12-19,1682,75,1757
2020-12-19,23,1,24
2020-12-19,189,12,201
2020-12-19,0,0,0
2020-12-19,8,0,8
2020-12-19,71,3,74
2020-12-19,8,0,8
2020-12-19,59,0,59
2020-12-19,61,0,61
2020-12-19,1178,102,1280
2020-12-19,184,2,186
2020-12-19,10,0,10
2020-12-19,136,11,147
2020-12-19,57,0,57
2020-12-19,9,0,9
2020-12-19,60,1,61
2020-12-19,228,11,239
2020-12-19,2,0,2
2020-12-19,5,0,5
2020-12-19,359,42,401
2020-12-19,0,0,0
2020-12-19,114,19,133
2020-12-19,1508,126,1634
2020-12-19,21,0,21
2020-12-19,105,3,108
2020-12-19,90,0,90
2020-12-19,575,30,605
2020-12-19,0,0,0
2020-12-19,22,4,26
2020-12-19,477,25,502
2020-12-19,0,0,0
2020-12-19,92,0,92
2020-12-19,40,4,44
2020-12-19,5,0,5
2020-12-19,331,6,337
2020-12-19,171,2,173
2020-12-19,6,0,6
2020-12-19,5709,309,6018
2020-12-19,338,9,347
2020-12-19,265,14,279
2020-12-19,10,0,10
2020-12-19,7,1,8
2020-12-19,5,0,5
2020-12-19,40,0,40
2020-12-19,11,0,11
2020-12-20,333,6,339
2020-12-20,88,1,89
2020-12-20,198,0,198
2020-12-20,15,0,15
2020-12-20,569,29,598
2020-12-20,10,0,10
2020-12-20,0,0,0
2020-12-20,0,0,0
2020-12-20,10,0,10
2020-12-20,39,0,39
2020-12-20,2,0,2
2020-12-20,8,0,8
2020-12-20,11,0,11
2020-12-20,0,0,0
2020-12-20,6,0,6
2020-12-20,26,4,30
2020-12-20,8,1,9
2020-12-20,5866,358,6224
2020-12-20,0,0,0
2020-12-20,236,14,250
2020-12-20,21,1,22
2020-12-20,21,2,23
2020-12-20,34,4,38
2020-12-20,8,0,8
2020-12-20,60,0,60
2020-12-20,10,0,10
2020-12-20,1248,46,1294
2020-12-20,1239,94,1333
2020-12-20,493,262,755
2020-12-20,26,1,27
2020-12-20,7,3,10
2020-12-20,66,3,69
2020-12-20,58,0,58
2020-12-20,326,3,329
2020-12-20,18,0,18
2020-12-20,599,24,623
2020-12-20,196,8,204
2020-12-20,5,0,5
2020-12-20,60,0,60
2020-12-20,5,0,5
2020-12-20,4,0,4
2020-12-20,170,5,175
2020-12-20,1709,72,1781
2020-12-20,373,41,414
2020-12-20,262,16,278
2020-12-20,6,0,6
2020-12-20,166,2,168
2020-12-20,346,9,355
2020-12-20,0,0,0
2020-12-20,181,9,190
2020-12-20,103,6,109
2020-12-20,110,12,122
2020-12-20,1545,125,1670
2020-12-20,133,8,141
2020-12-20,67,0,67
2020-12-20,90,0,90
2020-12-21,1618,101,1719
2020-12-21,130,7,137
2020-12-21,365,8,373
2020-12-21,113,5,118
2020-12-21,1314,61,1375
2020-12-21,273,8,281
2020-12-21,373,38,411
2020-12-21,12,0,12
2020-12-21,62,3,65
2020-12-21,500,262,762
2020-12-21,10,0,10
2020-12-21,5,0,5
2020-12-21,599,25,624
2020-12-21,23,0,23
2020-12-21,0,0,0
2020-12-21,20,0,20
2020-12-21,44,1,45
2020-12-21,587,28,615
2020-12-21,194,1,195
2020-12-21,6155,305,6460
2020-12-21,6,0,6
2020-12-21,6,3,9
2020-12-21,0,0,0
2020-12-21,24,0,24
2020-12-21,8,0,8
2020-12-21,175,12,187
2020-12-21,238,17,255
2020-12-21,62,0,62
2020-12-21,5,0,5
2020-12-21,198,8,206
2020-12-21,118,16,134
2020-12-21,57,0,57
2020-12-21,7,0,7
2020-12-21,2,0,2
2020-12-21,14,0,14
2020-12-21,5,0,5
2020-12-21,17,0,17
2020-12-21,60,0,60
2020-12-21,0,0,0
2020-12-21,37,6,43
2020-12-21,0,0,0
2020-12-21,348,7,355
2020-12-21,10,0,10
2020-12-21,1278,102,1380
2020-12-21,328,7,335
2020-12-21,162,9,171
2020-12-21,15,0,15
2020-12-21,95,0,95
2020-12-21,1806,72,1878
2020-12-21,87,0,87
2020-12-21,9,0,9
2020-12-21,10,0,10
2020-12-21,28,4,32
2020-12-21,165,2,167
2020-12-21,0,0,0
2020-12-21,66,0,66
2020-12-22,8,0,8
2020-12-22,6,0,6
2020-12-22,1322,69,1391
2020-12-22,26,0,26
2020-12-22,560,30,590
2020-12-22,237,16,253
2020-12-22,1854,61,1915
2020-12-22,43,4,47
2020-12-22,16,0,16
2020-12-22,312,7,319
2020-12-22,0,0,0
2020-12-22,0,0,0
2020-12-22,349,11,360
2020-12-22,6499,321,6820
2020-12-22,6,0,6
2020-12-22,2,0,2
2020-12-22,12,0,12
2020-12-22,388,40,428
2020-12-22,157,9,166
2020-12-22,14,0,14
2020-12-22,0,0,0
2020-12-22,6,0,6
2020-12-22,6,0,6
2020-12-22,202,10,212
2020-12-22,59,0,59
2020-12-22,67,0,67
2020-12-22,0,0,0
2020-12-22,165,1,166
2020-12-22,21,0,21
2020-12-22,145,11,156
2020-12-22,1340,70,1410
2020-12-22,123,3,126
2020-12-22,25,2,27
2020-12-22,65,0,65
2020-12-22,77,1,78
2020-12-22,63,0,63
2020-12-22,205,0,205
2020-12-22,185,18,203
2020-12-22,618,28,646
2020-12-22,323,15,338
2020-12-22,88,0,88
2020-12-22,518,21,539
2020-12-22,0,0,0
2020-12-22,137,16,153
2020-12-22,1635,119,1754
2020-12-22,49,1,50
2020-12-22,5,0,5
2020-12-22,13,0,13
2020-12-22,83,0,83
2020-12-22,10,0,10
2020-12-22,15,0,15
2020-12-22,342,3,345
2020-12-22,25,18,43
2020-12-22,7,0,7
2020-12-22,9,0,9
2020-12-22,6,8,14
2020-12-23,124,5,129
2020-12-23,83,0,83
2020-12-23,10,0,10
2020-12-23,25,2,27
2020-12-23,0,0,0
2020-12-23,328,10,338
2020-12-23,157,8,165
2020-12-23,1404,62,1466
2020-12-23,5,5,10
2020-12-23,27,1,28
2020-12-23,4,0,4
2020-12-23,20,0,20
2020-12-23,15,0,15
2020-12-23,0,0,0
2020-12-23,2,0,2
2020-12-23,8,0,8
2020-12-23,52,0,52
2020-12-23,63,0,63
2020-12-23,0,0,0
2020-12-23,9,0,9
2020-12-23,333,13,346
2020-12-23,6,0,6
2020-12-23,14,0,14
2020-12-23,635,22,657
2020-12-23,137,15,152
2020-12-23,6708,292,7000
2020-12-23,403,46,449
2020-12-23,0,0,0
2020-12-23,193,17,210
2020-12-23,342,12,354
2020-12-23,60,0,60
2020-12-23,1642,107,1749
2020-12-23,1893,73,1966
2020-12-23,48,2,50
2020-12-23,17,0,17
2020-12-23,8,0,8
2020-12-23,155,3,158
2020-12-23,58,0,58
2020-12-23,629,37,666
2020-12-23,45,9,54
2020-12-23,1,0,1
2020-12-23,20,0,20
2020-12-23,6,0,6
2020-12-23,512,22,534
2020-12-23,243,14,257
2020-12-23,197,0,197
2020-12-23,74,3,77
2020-12-23,27,1,28
2020-12-23,5,0,5
2020-12-23,81,0,81
2020-12-23,14,0,14
2020-12-23,1327,86,1413
2020-12-23,319,14,333
2020-12-23,15,0,15
2020-12-23,164,11,175
2020-12-23,208,4,212
2020-12-24,6770,286,7056
2020-12-24,1,0,1
2020-12-24,129,12,141
2020-12-24,120,23,143
2020-12-24,13,2,15
2020-12-24,45,4,49
2020-12-24,1405,64,1469
2020-12-24,475,19,494
2020-12-24,47,1,48
2020-12-24,84,0,84
2020-12-24,242,16,258
2020-12-24,1641,90,1731
2020-12-24,1,0,1
2020-12-24,621,29,650
2020-12-24,83,0,83
2020-12-24,16,0,16
2020-12-24,176,3,179
2020-12-24,10,0,10
2020-12-24,171,11,182
2020-12-24,323,5,328
2020-12-24,192,19,211
2020-12-24,14,0,14
2020-12-24,21,0,21
2020-12-24,0,0,0
2020-12-24,5,0,5
2020-12-24,21,0,21
2020-12-24,342,7,349
2020-12-24,4,0,4
2020-12-24,1955,51,2006
2020-12-24,17,0,17
2020-12-24,149,8,157
2020-12-24,78,3,81
2020-12-24,30,6,36
2020-12-24,25,0,25
2020-12-24,6,0,6
2020-12-24,9,0,9
2020-12-24,45,3,48
2020-12-24,0,0,0
2020-12-24,629,21,650
2020-12-24,67,2,69
2020-12-24,6,4,10
2020-12-24,57,0,57
2020-12-24,6,0,6
2020-12-24,29,0,29
2020-12-24,6,0,6
2020-12-24,6,0,6
2020-12-24,2,0,2
2020-12-24,326,3,329
2020-12-24,14,0,14
2020-12-24,0,0,0
2020-12-24,54,0,54
2020-12-24,198,7,205
2020-12-24,385,37,422
2020-12-24,1336,85,1421
2020-12-24,333,13,346
2020-12-24,197,0,197
2020-12-25,6,4,10
2020-12-25,633,19,652
2020-12-25,8,0,8
2020-12-25,12,0,12
2020-12-25,349,11,360
2020-12-25,82,0,82
2020-12-25,1335,85,1420
2020-12-25,142,6,148
2020-12-25,22,0,22
2020-12-25,26,0,26
2020-12-25,325,13,338
2020-12-25,389,38,427
2020-12-25,6815,309,7124
2020-12-25,168,2,170
2020-12-25,68,2,70
2020-12-25,333,5,338
2020-12-25,0,0,0
2020-12-25,249,16,265
2020-12-25,192,8,200
2020-12-25,199,3,202
2020-12-25,1625,95,1720
2020-12-25,0,0,0
2020-12-25,7,0,7
2020-12-25,49,0,49
2020-12-25,46,3,49
2020-12-25,43,4,47
2020-12-25,1,0,1
2020-12-25,60,2,62
2020-12-25,0,0,0
2020-12-25,3,0,3
2020-12-25,3,0,3
2020-12-25,185,0,185
2020-12-25,1416,41,1457
2020-12-25,7,1,8
2020-12-25,25,47,72
2020-12-25,1,0,1
2020-12-25,6,0,6
2020-12-25,16,0,16
2020-12-25,16,0,16
2020-12-25,16,1,17
2020-12-25,133,11,144
2020-12-25,5,0,5
2020-12-25,1957,54,2011
2020-12-25,68,1,69
2020-12-25,22,0,22
2020-12-25,6,0,6
2020-12-25,47,5,52
2020-12-25,91,0,91
2020-12-25,617,23,640
2020-12-25,30,6,36
2020-12-25,473,20,493
2020-12-25,14,0,14
2020-12-25,316,11,327
2020-12-25,5,0,5
2020-12-25,164,5,169
2020-12-25,117,3,120
2020-12-26,121,4,125
2020-12-26,25,0,25
2020-12-26,47,1,48
2020-12-26,65,2,67
2020-12-26,200,5,205
2020-12-26,70,0,70
2020-12-26,1,0,1
2020-12-26,19,0,19
2020-12-26,16,0,16
2020-12-26,348,17,365
2020-12-26,6914,303,7217
2020-12-26,6,0,6
2020-12-26,336,20,356
2020-12-26,88,0,88
2020-12-26,1440,41,1481
2020-12-26,174,2,176
2020-12-26,3,0,3
2020-12-26,44,1,45
2020-12-26,29,0,29
2020-12-26,192,11,203
2020-12-26,1,0,1
2020-12-26,100,0,100
2020-12-26,9,0,9
2020-12-26,1,0,1
2020-12-26,64,0,64
2020-12-26,320,12,332
2020-12-26,620,32,652
2020-12-26,5,2,7
2020-12-26,8,1,9
2020-12-26,242,24,266
2020-12-26,1990,56,2046
2020-12-26,4,0,4
2020-12-26,0,0,0
2020-12-26,51,0,51
2020-12-26,452,27,479
2020-12-26,7,0,7
2020-12-26,141,9,150
2020-12-26,1617,82,1699
2020-12-26,21,1,22
2020-12-26,146,2,148
2020-12-26,14,0,14
2020-12-26,23,3,26
2020-12-26,6,0,6
2020-12-26,0,0,0
2020-12-26,357,9,366
2020-12-26,49,2,51
2020-12-26,412,37,449
2020-12-26,14,0,14
2020-12-26,26,3,29
2020-12-26,172,3,175
2020-12-26,3,0,3
2020-12-26,180,2,182
2020-12-26,1382,89,1471
2020-12-26,9,0,9
2020-12-26,637,18,655
2020-12-26,16,1,17
2020-12-27,0,0,0
2020-12-27,70,0,70
2020-12-27,0,0,0
2020-12-27,56,1,57
2020-12-27,9,0,9
2020-12-27,463,27,490
2020-12-27,1481,45,1526
2020-12-27,11,0,11
2020-12-27,24,4,28
2020-12-27,54,0,54
2020-12-27,201,14,215
2020-12-27,3,0,3
2020-12-27,375,9,384
2020-12-27,6,3,9
2020-12-27,84,0,84
2020-12-27,327,11,338
2020-12-27,3,0,3
2020-12-27,16,1,17
2020-12-27,68,1,69
2020-12-27,2031,52,2083
2020-12-27,24,1,25
2020-12-27,7,1,8
2020-12-27,1,0,1
2020-12-27,90,0,90
2020-12-27,152,8,160
2020-12-27,1,0,1
2020-12-27,625,41,666
2020-12-27,341,17,358
2020-12-27,136,9,145
2020-12-27,14,0,14
2020-12-27,22,0,22
2020-12-27,19,0,19
2020-12-27,2,0,2
2020-12-27,661,23,684
2020-12-27,7181,332,7513
2020-12-27,16,0,16
2020-12-27,352,11,363
2020-12-27,8,0,8
2020-12-27,418,35,453
2020-12-27,45,5,50
2020-12-27,179,5,184
2020-12-27,29,0,29
2020-12-27,1367,106,1473
2020-12-27,12,1,13
2020-12-27,127,7,134
2020-12-27,179,0,179
2020-12-27,46,1,47
2020-12-27,5,0,5
2020-12-27,190,2,192
2020-12-27,28,0,28
2020-12-27,1655,72,1727
2020-12-27,257,23,280
2020-12-27,5,0,5
2020-12-27,215,5,220
2020-12-27,1,0,1
2020-12-27,74,3,77
2020-12-28,206,20,226
2020-12-28,186,6,192
2020-12-28,7415,297,7712
2020-12-28,1,0,1
2020-12-28,218,12,230
2020-12-28,1738,83,1821
2020-12-28,157,8,165
2020-12-28,1,0,1
2020-12-28,65,2,67
2020-12-28,5,0,5
2020-12-28,1448,93,1541
2020-12-28,0,0,0
2020-12-28,15,0,15
2020-12-28,71,0,71
2020-12-28,249,11,260
2020-12-28,18,0,18
2020-12-28,7,5,12
2020-12-28,67,0,67
2020-12-28,47,5,52
2020-12-28,10,0,10
2020-12-28,16,1,17
2020-12-28,28,4,32
2020-12-28,191,0,191
2020-12-28,23,2,25
2020-12-28,77,0,77
2020-12-28,637,40,677
2020-12-28,1,0,1
2020-12-28,5,0,5
2020-12-28,14,0,14
2020-12-28,0,0,0
2020-12-28,42,0,42
2020-12-28,182,3,185
2020-12-28,137,9,146
2020-12-28,690,24,714
2020-12-28,8,0,8
2020-12-28,484,23,507
2020-12-28,76,2,78
2020-12-28,11,0,11
2020-12-28,352,15,367
2020-12-28,129,7,136
2020-12-28,26,0,26
2020-12-28,441,32,473
2020-12-28,2106,56,2162
2020-12-28,55,0,55
2020-12-28,354,11,365
2020-12-28,0,0,0
2020-12-28,9,0,9
2020-12-28,2,0,2
2020-12-28,331,10,341
2020-12-28,8,1,9
2020-12-28,2,0,2
2020-12-28,90,1,91
2020-12-28,23,0,23
2020-12-28,388,11,399
2020-12-28,1504,56,1560
2020-12-28,24,0,24
2020-12-29,5,0,5
2020-12-29,329,12,341
2020-12-29,10,0,10
2020-12-29,45,0,45
2020-12-29,73,0,73
2020-12-29,206,6,212
2020-12-29,11,0,11
2020-12-29,81,3,84
2020-12-29,94,0,94
2020-12-29,29,0,29
2020-12-29,329,16,345
2020-12-29,701,19,720
2020-12-29,2145,44,2189
2020-12-29,7546,279,7825
2020-12-29,15,0,15
2020-12-29,449,32,481
2020-12-29,135,6,141
2020-12-29,72,0,72
2020-12-29,0,0,0
2020-12-29,216,15,231
2020-12-29,357,14,371
2020-12-29,74,0,74
2020-12-29,3,0,3
2020-12-29,10,0,10
2020-12-29,223,7,230
2020-12-29,0,0,0
2020-12-29,22,0,22
2020-12-29,2,0,2
2020-12-29,142,13,155
2020-12-29,168,5,173
2020-12-29,202,2,204
2020-12-29,48,8,56
2020-12-29,2,0,2
2020-12-29,383,7,390
2020-12-29,629,23,652
2020-12-29,10,1,11
2020-12-29,7,0,7
2020-12-29,56,0,56
2020-12-29,7,3,10
2020-12-29,247,15,262
2020-12-29,1770,88,1858
2020-12-29,176,2,178
2020-12-29,13,0,13
2020-12-29,26,1,27
2020-12-29,1,0,1
2020-12-29,22,0,22
2020-12-29,61,0,61
2020-12-29,6,1,7
2020-12-29,15,0,15
2020-12-29,1484,84,1568
2020-12-29,1,0,1
2020-12-29,30,4,34
2020-12-29,3,0,3
2020-12-29,0,0,0
2020-12-29,1470,62,1532
2020-12-29,451,49,500
2020-12-30,76,0,76
2020-12-30,73,25,98
2020-12-30,141,6,147
2020-12-30,90,1,91
2020-12-30,4,0,4
2020-12-30,88,2,90
2020-12-30,83,0,83
2020-12-30,58,1,59
2020-12-30,2,0,2
2020-12-30,198,1,199
2020-12-30,328,15,343
2020-12-30,4,0,4
2020-12-30,51,12,63
2020-12-30,0,0,0
2020-12-30,4,0,4
2020-12-30,212,3,215
2020-12-30,602,19,621
2020-12-30,5,2,7
2020-12-30,255,16,271
2020-12-30,14,0,14
2020-12-30,31,4,35
2020-12-30,200,15,215
2020-12-30,9,1,10
2020-12-30,29,0,29
2020-12-30,172,6,178
2020-12-30,1464,82,1546
2020-12-30,0,0,0
2020-12-30,7628,300,7928
2020-12-30,13,0,13
2020-12-30,1707,78,1785
2020-12-30,56,0,56
2020-12-30,376,8,384
2020-12-30,454,42,496
2020-12-30,1499,50,1549
2020-12-30,6,0,6
2020-12-30,176,2,178
2020-12-30,138,12,150
2020-12-30,1,0,1
2020-12-30,22,0,22
2020-12-30,491,20,511
2020-12-30,30,1,31
2020-12-30,10,0,10
2020-12-30,25,0,25
2020-12-30,695,20,715
2020-12-30,9,0,9
2020-12-30,323,10,333
2020-12-30,218,9,227
2020-12-30,8,0,8
2020-12-30,1,0,1
2020-12-30,5,0,5
2020-12-30,0,0,0
2020-12-30,14,0,14
2020-12-30,11,0,11
2020-12-30,2128,41,2169
2020-12-30,39,0,39
2020-12-30,364,20,384
2020-12-31,57,1,58
2020-12-31,1487,56,1543
2020-12-31,14,0,14
2020-12-31,5,0,5
2020-12-31,10,0,10
2020-12-31,4,3,7
2020-12-31,454,43,497
2020-12-31,225,13,238
2020-12-31,687,26,713
2020-12-31,90,2,92
2020-12-31,78,0,78
2020-12-31,0,0,0
2020-12-31,28,0,28
2020-12-31,3,0,3
2020-12-31,5,0,5
2020-12-31,50,15,65
2020-12-31,137,11,148
2020-12-31,21,0,21
2020-12-31,189,1,190
2020-12-31,74,1,75
2020-12-31,6,0,6
2020-12-31,309,14,323
2020-12-31,7627,270,7897
2020-12-31,188,13,201
2020-12-31,149,11,160
2020-12-31,7,0,7
2020-12-31,0,0,0
2020-12-31,9,0,9
2020-12-31,1,0,1
2020-12-31,25,0,25
2020-12-31,33,0,33
2020-12-31,1516,123,1639
2020-12-31,2,0,2
2020-12-31,254,15,269
2020-12-31,359,15,374
2020-12-31,35,0,35
2020-12-31,62,1,63
2020-12-31,467,27,494
2020-12-31,0,0,0
2020-12-31,10,0,10
2020-12-31,11,0,11
2020-12-31,69,23,92
2020-12-31,79,1,80
2020-12-31,606,22,628
2020-12-31,1705,97,1802
2020-12-31,4,0,4
2020-12-31,207,8,215
2020-12-31,2097,50,2147
2020-12-31,0,0,0
2020-12-31,13,0,13
2020-12-31,167,1,168
2020-12-31,379,8,387
2020-12-31,38,4,42
2020-12-31,162,5,167
2020-12-31,11,0,11
2020-12-31,315,13,328
2021-01-01,37,3,40
2021-01-01,81,0,81
2021-01-01,94,4,98
2021-01-01,2,0,2
2021-01-01,33,0,33
2021-01-01,81,2,83
2021-01-01,359,16,375
2021-01-01,5,0,5
2021-01-01,69,17,86
2021-01-01,77,0,77
2021-01-01,193,13,206
2021-01-01,24,0,24
2021-01-01,1497,63,1560
2021-01-01,325,9,334
2021-01-01,682,21,703
2021-01-01,14,0,14
2021-01-01,22,0,22
2021-01-01,6,1,7
2021-01-01,3,0,3
2021-01-01,194,0,194
2021-01-01,49,3,52
2021-01-01,16,0,16
2021-01-01,0,0,0
2021-01-01,5,2,7
2021-01-01,12,0,12
2021-01-01,0,0,0
2021-01-01,0,0,0
2021-01-01,300,13,313
2021-01-01,364,10,374
2021-01-01,597,20,617
2021-01-01,10,4,14
2021-01-01,7544,280,7824
2021-01-01,430,38,468
2021-01-01,469,29,498
2021-01-01,176,0,176
2021-01-01,136,7,143
2021-01-01,53,0,53
2021-01-01,30,0,30
2021-01-01,10,0,10
2021-01-01,251,12,263
2021-01-01,1676,86,1762
2021-01-01,2,0,2
2021-01-01,0,0,0
2021-01-01,2057,55,2112
2021-01-01,209,5,214
2021-01-01,5,0,5
2021-01-01,5,0,5
2021-01-01,9,0,9
2021-01-01,171,6,177
2021-01-01,2,0,2
2021-01-01,40,1,41
2021-01-01,50,2,52
2021-01-01,11,0,11
2021-01-01,1486,117,1603
2021-01-01,146,13,159
2021-01-01,225,7,232
2021-01-02,195,0,195
2021-01-02,35,2,37
2021-01-02,5,0,5
2021-01-02,7697,274,7971
2021-01-02,214,5,219
2021-01-02,87,1,88
2021-01-02,331,8,339
2021-01-02,0,0,0
2021-01-02,54,0,54
2021-01-02,251,15,266
2021-01-02,36,3,39
2021-01-02,76,0,76
2021-01-02,601,27,628
2021-01-02,689,20,709
2021-01-02,6,1,7
2021-01-02,1,0,1
2021-01-02,2136,36,2172
2021-01-02,1523,107,1630
2021-01-02,6,3,9
2021-01-02,85,0,85
2021-01-02,11,0,11
2021-01-02,69,12,81
2021-01-02,170,12,182
2021-01-02,4,0,4
2021-01-02,8,3,11
2021-01-02,5,0,5
2021-01-02,0,0,0
2021-01-02,1715,65,1780
2021-01-02,26,0,26
2021-01-02,0,0,0
2021-01-02,143,9,152
2021-01-02,428,48,476
2021-01-02,39,2,41
2021-01-02,451,29,480
2021-01-02,11,0,11
2021-01-02,2,0,2
2021-01-02,366,18,384
2021-01-02,307,5,312
2021-01-02,1486,57,1543
2021-01-02,50,9,59
2021-01-02,16,0,16
2021-01-02,0,0,0
2021-01-02,11,0,11
2021-01-02,375,8,383
2021-01-02,3,0,3
2021-01-02,93,1,94
2021-01-02,223,4,227
2021-01-02,157,15,172
2021-01-02,9,0,9
2021-01-02,182,18,200
2021-01-02,5,0,5
2021-01-02,29,1,30
2021-01-02,24,0,24
2021-01-02,182,0,182
2021-01-02,13,0,13
2021-01-02,49,2,51
2021-01-03,29,0,29
2021-01-03,57,0,57
2021-01-03,2,0,2
2021-01-03,11,0,11
2021-01-03,298,5,303
2021-01-03,425,41,466
2021-01-03,344,11,355
2021-01-03,4,0,4
2021-01-03,179,9,188
2021-01-03,157,7,164
2021-01-03,5,0,5
2021-01-03,176,16,192
2021-01-03,71,7,78
2021-01-03,8,3,11
2021-01-03,5,0,5
2021-01-03,3,1,4
2021-01-03,1,0,1
2021-01-03,0,0,0
2021-01-03,1733,76,1809
2021-01-03,1,0,1
2021-01-03,86,1,87
2021-01-03,12,0,12
2021-01-03,35,0,35
2021-01-03,206,5,211
2021-01-03,0,0,0
2021-01-03,82,0,82
2021-01-03,620,43,663
2021-01-03,42,0,42
2021-01-03,704,20,724
2021-01-03,384,11,395
2021-01-03,0,0,0
2021-01-03,259,13,272
2021-01-03,39,2,41
2021-01-03,2178,40,2218
2021-01-03,1543,117,1660
2021-01-03,30,0,30
2021-01-03,1507,52,1559
2021-01-03,377,23,400
2021-01-03,11,0,11
2021-01-03,22,0,22
2021-01-03,84,0,84
2021-01-03,52,1,53
2021-01-03,98,0,98
2021-01-03,170,0,170
2021-01-03,53,7,60
2021-01-03,7,3,10
2021-01-03,7,0,7
2021-01-03,166,13,179
2021-01-03,488,36,524
2021-01-03,7898,305,8203
2021-01-03,10,0,10
2021-01-03,224,7,231
2021-01-03,3,0,3
2021-01-03,11,0,11
2021-01-03,8,0,8
2021-01-03,203,0,203
2021-01-04,465,33,498
2021-01-04,211,5,216
2021-01-04,10,0,10
2021-01-04,96,0,96
2021-01-04,0,0,0
2021-01-04,2236,42,2278
2021-01-04,2,0,2
2021-01-04,324,9,333
2021-01-04,11,0,11
2021-01-04,178,8,186
2021-01-04,0,0,0
2021-01-04,12,0,12
2021-01-04,8,0,8
2021-01-04,1,0,1
2021-01-04,6,0,6
2021-01-04,4,0,4
2021-01-04,1763,93,1856
2021-01-04,53,9,62
2021-01-04,1,0,1
2021-01-04,170,16,186
2021-01-04,9,1,10
2021-01-04,198,1,199
2021-01-04,12,0,12
2021-01-04,231,5,236
2021-01-04,18,0,18
2021-01-04,178,15,193
2021-01-04,28,0,28
2021-01-04,7,3,10
2021-01-04,86,0,86
2021-01-04,172,8,180
2021-01-04,58,0,58
2021-01-04,181,0,181
2021-01-04,34,4,38
2021-01-04,4,0,4
2021-01-04,13,0,13
2021-01-04,60,0,60
2021-01-04,0,0,0
2021-01-04,4,0,4
2021-01-04,3,0,3
2021-01-04,38,0,38
2021-01-04,1615,122,1737
2021-01-04,424,57,481
2021-01-04,401,5,406
2021-01-04,719,19,738
2021-01-04,84,1,85
2021-01-04,1537,48,1585
2021-01-04,102,0,102
2021-01-04,9,0,9
2021-01-04,45,0,45
2021-01-04,68,2,70
2021-01-04,269,19,288
2021-01-04,8023,295,8318
2021-01-04,640,46,686
2021-01-04,27,0,27
2021-01-04,355,7,362
2021-01-04,394,15,409
2021-01-05,8098,324,8422
2021-01-05,51,0,51
2021-01-05,36,4,40
2021-01-05,1,0,1
2021-01-05,96,0,96
2021-01-05,13,0,13
2021-01-05,11,0,11
2021-01-05,5,0,5
2021-01-05,12,0,12
2021-01-05,167,6,173
2021-01-05,58,0,58
2021-01-05,55,5,60
2021-01-05,6,0,6
2021-01-05,2250,42,2292
2021-01-05,1585,61,1646
2021-01-05,188,8,196
2021-01-05,101,1,102
2021-01-05,168,14,182
2021-01-05,91,0,91
2021-01-05,271,13,284
2021-01-05,0,0,0
2021-01-05,2,0,2
2021-01-05,0,0,0
2021-01-05,17,0,17
2021-01-05,13,0,13
2021-01-05,416,6,422
2021-01-05,6,2,8
2021-01-05,190,4,194
2021-01-05,180,22,202
2021-01-05,361,8,369
2021-01-05,9,1,10
2021-01-05,5,0,5
2021-01-05,3,0,3
2021-01-05,221,8,229
2021-01-05,5,0,5
2021-01-05,509,33,542
2021-01-05,726,15,741
2021-01-05,659,36,695
2021-01-05,71,5,76
2021-01-05,1611,120,1731
2021-01-05,172,1,173
2021-01-05,40,0,40
2021-01-05,0,0,0
2021-01-05,5,0,5
2021-01-05,2,0,2
2021-01-05,25,0,25
2021-01-05,1785,77,1862
2021-01-05,340,8,348
2021-01-05,64,2,66
2021-01-05,84,0,84
2021-01-05,442,51,493
2021-01-05,30,2,32
2021-01-05,12,0,12
2021-01-05,419,13,432
2021-01-05,228,6,234
2021-01-05,8,0,8
2021-01-06,13,0,13
2021-01-06,14,0,14
2021-01-06,219,3,222
2021-01-06,0,0,0
2021-01-06,178,4,182
2021-01-06,12,0,12
2021-01-06,1,0,1
2021-01-06,8,3,11
2021-01-06,86,0,86
2021-01-06,0,0,0
2021-01-06,76,0,76
2021-01-06,180,7,187
2021-01-06,433,13,446
2021-01-06,2,0,2
2021-01-06,233,10,243
2021-01-06,1,0,1
2021-01-06,26,1,27
2021-01-06,334,9,343
2021-01-06,39,0,39
2021-01-06,1,0,1
2021-01-06,181,19,200
2021-01-06,431,50,481
2021-01-06,6,0,6
2021-01-06,8,0,8
2021-01-06,8074,311,8385
2021-01-06,207,5,212
2021-01-06,17,0,17
2021-01-06,1634,119,1753
2021-01-06,170,14,184
2021-01-06,626,29,655
2021-01-06,723,28,751
2021-01-06,2253,53,2306
2021-01-06,499,32,531
2021-01-06,70,1,71
2021-01-06,174,2,176
2021-01-06,10,0,10
2021-01-06,105,3,108
2021-01-06,38,3,41
2021-01-06,93,1,94
2021-01-06,418,8,426
2021-01-06,65,5,70
2021-01-06,4,0,4
2021-01-06,57,0,57
2021-01-06,0,0,0
2021-01-06,57,4,61
2021-01-06,1762,81,1843
2021-01-06,30,0,30
2021-01-06,6,0,6
2021-01-06,49,0,49
2021-01-06,349,9,358
2021-01-06,1661,71,1732
2021-01-06,9,0,9
2021-01-06,7,0,7
2021-01-06,273,17,290
2021-01-06,5,0,5
2021-01-06,11,0,11
2021-01-07,37,0,37
2021-01-07,7,0,7
2021-01-07,2,0,2
2021-01-07,1685,71,1756
2021-01-07,179,18,197
2021-01-07,6,0,6
2021-01-07,38,3,41
2021-01-07,713,36,749
2021-01-07,1751,82,1833
2021-01-07,58,0,58
2021-01-07,11,0,11
2021-01-07,7966,327,8293
2021-01-07,288,19,307
2021-01-07,640,22,662
2021-01-07,170,1,171
2021-01-07,69,3,72
2021-01-07,1,1,2
2021-01-07,437,16,453
2021-01-07,31,0,31
2021-01-07,244,6,250
2021-01-07,207,1,208
2021-01-07,11,0,11
2021-01-07,2259,49,2308
2021-01-07,84,0,84
2021-01-07,1,0,1
2021-01-07,349,13,362
2021-01-07,61,3,64
2021-01-07,8,2,10
2021-01-07,174,14,188
2021-01-07,497,40,537
2021-01-07,4,0,4
2021-01-07,0,0,0
2021-01-07,0,0,0
2021-01-07,12,0,12
2021-01-07,14,1,15
2021-01-07,15,0,15
2021-01-07,48,0,48
2021-01-07,32,0,32
2021-01-07,95,1,96
2021-01-07,7,0,7
2021-01-07,53,4,57
2021-01-07,0,0,0
2021-01-07,1648,128,1776
2021-01-07,10,1,11
2021-01-07,408,8,416
2021-01-07,8,0,8
2021-01-07,174,25,199
2021-01-07,4,0,4
2021-01-07,432,61,493
2021-01-07,183,3,186
2021-01-07,319,12,331
2021-01-07,77,0,77
2021-01-07,0,0,0
2021-01-07,210,5,215
2021-01-07,8,1,9
2021-01-07,110,4,114
2021-01-08,343,12,355
2021-01-08,11,0,11
2021-01-08,628,22,650
2021-01-08,1,0,1
2021-01-08,179,9,188
2021-01-08,180,6,186
2021-01-08,6,0,6
2021-01-08,31,0,31
2021-01-08,14,0,14
2021-01-08,210,4,214
2021-01-08,80,0,80
2021-01-08,56,0,56
2021-01-08,176,17,193
2021-01-08,3,0,3
2021-01-08,52,0,52
2021-01-08,11,0,11
2021-01-08,204,3,207
2021-01-08,2,0,2
2021-01-08,2,0,2
2021-01-08,410,11,421
2021-01-08,8,0,8
2021-01-08,15,0,15
2021-01-08,5,0,5
2021-01-08,7964,289,8253
2021-01-08,180,10,190
2021-01-08,708,17,725
2021-01-08,101,4,105
2021-01-08,0,0,0
2021-01-08,0,0,0
2021-01-08,0,0,0
2021-01-08,1671,119,1790
2021-01-08,442,52,494
2021-01-08,55,0,55
2021-01-08,8,1,9
2021-01-08,9,4,13
2021-01-08,8,0,8
2021-01-08,45,5,50
2021-01-08,6,0,6
2021-01-08,64,0,64
2021-01-08,6,0,6
2021-01-08,280,16,296
2021-01-08,156,0,156
2021-01-08,78,0,78
2021-01-08,12,0,12
2021-01-08,36,0,36
2021-01-08,0,0,0
2021-01-08,314,7,321
2021-01-08,29,0,29
2021-01-08,1695,68,1763
2021-01-08,2221,39,2260
2021-01-08,422,14,436
2021-01-08,249,5,254
2021-01-08,94,0,94
2021-01-08,1758,79,1837
2021-01-08,482,31,513
2021-01-08,34,2,36
2021-01-09,13,0,13
2021-01-09,2,0,2
2021-01-09,42,0,42
2021-01-09,3,0,3
2021-01-09,0,0,0
2021-01-09,92,0,92
2021-01-09,56,0,56
2021-01-09,421,12,433
2021-01-09,7910,280,8190
2021-01-09,10,0,10
2021-01-09,0,0,0
2021-01-09,6,0,6
2021-01-09,9,1,10
2021-01-09,44,8,52
2021-01-09,428,43,471
2021-01-09,2,0,2
2021-01-09,16,0,16
2021-01-09,98,7,105
2021-01-09,480,29,509
2021-01-09,50,1,51
2021-01-09,1650,146,1796
2021-01-09,174,8,182
2021-01-09,50,0,50
2021-01-09,316,6,322
2021-01-09,165,0,165
2021-01-09,11,0,11
2021-01-09,178,26,204
2021-01-09,694,17,711
2021-01-09,174,3,177
2021-01-09,185,12,197
2021-01-09,296,12,308
2021-01-09,211,3,214
2021-01-09,15,0,15
2021-01-09,0,0,0
2021-01-09,5,0,5
2021-01-09,245,7,252
2021-01-09,2216,34,2250
2021-01-09,12,0,12
2021-01-09,208,4,212
2021-01-09,11,0,11
2021-01-09,33,0,33
2021-01-09,31,0,31
2021-01-09,83,0,83
2021-01-09,56,0,56
2021-01-09,4,0,4
2021-01-09,1716,75,1791
2021-01-09,1691,60,1751
2021-01-09,29,2,31
2021-01-09,6,0,6
2021-01-09,1,0,1
2021-01-09,635,38,673
2021-01-09,7,0,7
2021-01-09,437,15,452
2021-01-09,82,0,82
2021-01-09,338,17,355
2021-01-09,0,0,0
2021-01-10,189,12,201
2021-01-10,12,0,12
2021-01-10,5,0,5
2021-01-10,261,13,274
2021-01-10,10,0,10
2021-01-10,7,0,7
2021-01-10,207,14,221
2021-01-10,19,0,19
2021-01-10,43,9,52
2021-01-10,1,0,1
2021-01-10,3,0,3
2021-01-10,58,0,58
2021-01-10,97,11,108
2021-01-10,46,0,46
2021-01-10,0,0,0
2021-01-10,6,0,6
2021-01-10,485,27,512
2021-01-10,2221,56,2277
2021-01-10,1697,58,1755
2021-01-10,320,9,329
2021-01-10,179,11,190
2021-01-10,69,1,70
2021-01-10,7926,344,8270
2021-01-10,1,0,1
2021-01-10,1720,75,1795
2021-01-10,0,0,0
2021-01-10,2,0,2
2021-01-10,73,1,74
2021-01-10,56,0,56
2021-01-10,10,0,10
2021-01-10,5,0,5
2021-01-10,193,4,197
2021-01-10,257,10,267
2021-01-10,449,14,463
2021-01-10,424,37,461
2021-01-10,410,14,424
2021-01-10,5,0,5
2021-01-10,32,0,32
2021-01-10,215,5,220
2021-01-10,151,0,151
2021-01-10,90,0,90
2021-01-10,0,0,0
2021-01-10,48,2,50
2021-01-10,340,13,353
2021-01-10,12,0,12
2021-01-10,12,0,12
2021-01-10,49,1,50
2021-01-10,28,0,28
2021-01-10,1671,134,1805
2021-01-10,626,50,676
2021-01-10,0,0,0
2021-01-10,688,16,704
2021-01-10,30,4,34
2021-01-10,183,20,203
2021-01-10,10,0,10
2021-01-10,13,0,13
2021-01-11,0,0,0
2021-01-11,68,1,69
2021-01-11,54,0,54
2021-01-11,45,2,47
2021-01-11,195,10,205
2021-01-11,1660,131,1791
2021-01-11,453,11,464
2021-01-11,15,0,15
2021-01-11,687,15,702
2021-01-11,1,0,1
2021-01-11,26,0,26
2021-01-11,437,11,448
2021-01-11,0,0,0
2021-01-11,97,9,106
2021-01-11,202,2,204
2021-01-11,3,0,3
2021-01-11,18,0,18
2021-01-11,15,0,15
2021-01-11,647,37,684
2021-01-11,6,0,6
2021-01-11,266,13,279
2021-01-11,1692,87,1779
2021-01-11,4,0,4
2021-01-11,7949,330,8279
2021-01-11,215,6,221
2021-01-11,32,3,35
2021-01-11,1,0,1
2021-01-11,12,0,12
2021-01-11,28,1,29
2021-01-11,492,26,518
2021-01-11,52,2,54
2021-01-11,184,14,198
2021-01-11,1,0,1
2021-01-11,1,0,1
2021-01-11,428,50,478
2021-01-11,252,4,256
2021-01-11,180,16,196
2021-01-11,6,0,6
2021-01-11,46,0,46
2021-01-11,8,0,8
2021-01-11,88,1,89
2021-01-11,13,1,14
2021-01-11,72,1,73
2021-01-11,211,7,218
2021-01-11,327,9,336
2021-01-11,58,0,58
2021-01-11,12,1,13
2021-01-11,348,9,357
2021-01-11,2200,47,2247
2021-01-11,1725,61,1786
2021-01-11,46,0,46
2021-01-11,8,0,8
2021-01-11,148,0,148
2021-01-11,4,0,4
2021-01-11,0,0,0
2021-01-11,9,0,9
2021-01-12,441,10,451
2021-01-12,7906,295,8201
2021-01-12,96,1,97
2021-01-12,55,0,55
2021-01-12,1,0,1
2021-01-12,72,0,72
2021-01-12,199,10,209
2021-01-12,19,0,19
2021-01-12,102,8,110
2021-01-12,171,15,186
2021-01-12,206,9,215
2021-01-12,53,2,55
2021-01-12,15,6,21
2021-01-12,12,0,12
2021-01-12,0,0,0
2021-01-12,687,16,703
2021-01-12,0,0,0
2021-01-12,448,14,462
2021-01-12,645,30,675
2021-01-12,4,0,4
2021-01-12,3,0,3
2021-01-12,7,1,8
2021-01-12,12,0,12
2021-01-12,67,1,68
2021-01-12,0,0,0
2021-01-12,12,0,12
2021-01-12,430,38,468
2021-01-12,2180,42,2222
2021-01-12,321,14,335
2021-01-12,259,14,273
2021-01-12,1721,69,1790
2021-01-12,6,0,6
2021-01-12,8,0,8
2021-01-12,142,2,144
2021-01-12,8,0,8
2021-01-12,359,10,369
2021-01-12,263,7,270
2021-01-12,0,0,0
2021-01-12,55,2,57
2021-01-12,5,2,7
2021-01-12,207,4,211
2021-01-12,30,0,30
2021-01-12,30,1,31
2021-01-12,8,0,8
2021-01-12,176,17,193
2021-01-12,17,0,17
2021-01-12,1,0,1
2021-01-12,42,0,42
2021-01-12,492,23,515
2021-01-12,1703,91,1794
2021-01-12,46,4,50
2021-01-12,0,0,0
2021-01-12,51,0,51
2021-01-12,1636,125,1761
2021-01-12,31,2,33
2021-01-12,194,11,205
2021-01-13,1584,117,1701
2021-01-13,7715,371,8086
2021-01-13,30,0,30
2021-01-13,448,13,461
2021-01-13,1,0,1
2021-01-13,5,0,5
2021-01-13,193,9,202
2021-01-13,66,0,66
2021-01-13,46,0,46
2021-01-13,669,23,692
2021-01-13,345,8,353
2021-01-13,8,0,8
2021-01-13,2,0,2
2021-01-13,494,16,510
2021-01-13,7,0,7
2021-01-13,5,0,5
2021-01-13,14,0,14
2021-01-13,95,1,96
2021-01-13,211,2,213
2021-01-13,57,2,59
2021-01-13,8,1,9
2021-01-13,31,2,33
2021-01-13,436,10,446
2021-01-13,9,0,9
2021-01-13,437,55,492
2021-01-13,0,0,0
2021-01-13,79,0,79
2021-01-13,1719,56,1775
2021-01-13,309,12,321
2021-01-13,623,21,644
2021-01-13,52,9,61
2021-01-13,173,11,184
2021-01-13,0,0,0
2021-01-13,250,10,260
2021-01-13,13,4,17
2021-01-13,2169,55,2224
2021-01-13,0,0,0
2021-01-13,0,0,0
2021-01-13,54,2,56
2021-01-13,100,0,100
2021-01-13,37,0,37
2021-01-13,29,2,31
2021-01-13,7,0,7
2021-01-13,13,0,13
2021-01-13,6,2,8
2021-01-13,197,6,203
2021-01-13,165,12,177
2021-01-13,1678,73,1751
2021-01-13,7,0,7
2021-01-13,1,0,1
2021-01-13,257,9,266
2021-01-13,200,11,211
2021-01-13,19,0,19
2021-01-13,53,0,53
2021-01-13,16,0,16
2021-01-13,140,3,143
2021-01-14,6,0,6
2021-01-14,192,4,196
2021-01-14,35,3,38
2021-01-14,163,5,168
2021-01-14,30,0,30
2021-01-14,26,2,28
2021-01-14,5,0,5
2021-01-14,1563,129,1692
2021-01-14,434,12,446
2021-01-14,647,21,668
2021-01-14,70,0,70
2021-01-14,209,7,216
2021-01-14,34,0,34
2021-01-14,1660,63,1723
2021-01-14,148,2,150
2021-01-14,0,0,0
2021-01-14,11,0,11
2021-01-14,57,1,58
2021-01-14,10,0,10
2021-01-14,47,0,47
2021-01-14,14,0,14
2021-01-14,0,0,0
2021-01-14,58,0,58
2021-01-14,199,8,207
2021-01-14,80,0,80
2021-01-14,1,0,1
2021-01-14,5,0,5
2021-01-14,614,34,648
2021-01-14,4,0,4
2021-01-14,55,0,55
2021-01-14,469,17,486
2021-01-14,94,6,100
2021-01-14,2,0,2
2021-01-14,435,10,445
2021-01-14,6,1,7
2021-01-14,315,8,323
2021-01-14,16,0,16
2021-01-14,437,52,489
2021-01-14,257,19,276
2021-01-14,89,1,90
2021-01-14,2,0,2
2021-01-14,4,0,4
2021-01-14,170,16,186
2021-01-14,196,8,204
2021-01-14,1728,57,1785
2021-01-14,0,0,0
2021-01-14,49,3,52
2021-01-14,0,0,0
2021-01-14,355,5,360
2021-01-14,12,0,12
2021-01-14,11,1,12
2021-01-14,244,9,253
2021-01-14,13,0,13
2021-01-14,2102,54,2156
2021-01-14,7597,300,7897
2021-01-14,19,0,19
2021-01-15,36,2,38
2021-01-15,13,1,14
2021-01-15,14,0,14
2021-01-15,7498,328,7826
2021-01-15,54,0,54
2021-01-15,217,2,219
2021-01-15,1720,65,1785
2021-01-15,203,9,212
2021-01-15,580,25,605
2021-01-15,7,0,7
2021-01-15,0,0,0
2021-01-15,4,0,4
2021-01-15,53,1,54
2021-01-15,1567,121,1688
2021-01-15,1602,64,1666
2021-01-15,36,2,38
2021-01-15,52,0,52
2021-01-15,196,6,202
2021-01-15,54,0,54
2021-01-15,68,0,68
2021-01-15,14,0,14
2021-01-15,0,0,0
2021-01-15,240,4,244
2021-01-15,12,0,12
2021-01-15,168,17,185
2021-01-15,7,1,8
2021-01-15,461,12,473
2021-01-15,101,3,104
2021-01-15,10,1,11
2021-01-15,88,2,90
2021-01-15,2065,45,2110
2021-01-15,159,11,170
2021-01-15,296,5,301
2021-01-15,13,0,13
2021-01-15,2,0,2
2021-01-15,17,0,17
2021-01-15,422,48,470
2021-01-15,274,15,289
2021-01-15,440,11,451
2021-01-15,5,0,5
2021-01-15,0,0,0
2021-01-15,22,0,22
2021-01-15,81,0,81
2021-01-15,28,0,28
2021-01-15,2,0,2
2021-01-15,654,18,672
2021-01-15,15,0,15
2021-01-15,135,4,139
2021-01-15,49,9,58
2021-01-15,1,0,1
2021-01-15,6,0,6
2021-01-15,352,10,362
2021-01-15,418,9,427
2021-01-15,190,6,196
2021-01-15,1,0,1
2021-01-15,0,0,0
2021-01-16,29,1,30
2021-01-16,1696,65,1761
2021-01-16,204,8,212
2021-01-16,28,0,28
2021-01-16,166,13,179
2021-01-16,15,0,15
2021-01-16,15,1,16
2021-01-16,18,0,18
2021-01-16,407,4,411
2021-01-16,71,0,71
2021-01-16,296,20,316
2021-01-16,3,0,3
2021-01-16,58,0,58
2021-01-16,154,7,161
2021-01-16,1560,107,1667
2021-01-16,576,24,600
2021-01-16,138,0,138
2021-01-16,10,0,10
2021-01-16,4,0,4
2021-01-16,87,1,88
2021-01-16,0,0,0
2021-01-16,195,7,202
2021-01-16,64,0,64
2021-01-16,47,8,55
2021-01-16,265,14,279
2021-01-16,2,0,2
2021-01-16,331,8,339
2021-01-16,6,0,6
2021-01-16,45,0,45
2021-01-16,0,0,0
2021-01-16,446,48,494
2021-01-16,21,0,21
2021-01-16,14,1,15
2021-01-16,239,7,246
2021-01-16,97,6,103
2021-01-16,1523,74,1597
2021-01-16,7328,296,7624
2021-01-16,2026,52,2078
2021-01-16,180,4,184
2021-01-16,434,5,439
2021-01-16,5,0,5
2021-01-16,32,1,33
2021-01-16,16,0,16
2021-01-16,444,18,462
2021-01-16,635,17,652
2021-01-16,0,0,0
2021-01-16,10,1,11
2021-01-16,2,0,2
2021-01-16,0,0,0
2021-01-16,209,1,210
2021-01-16,84,0,84
2021-01-16,9,0,9
2021-01-16,16,0,16
2021-01-16,7,1,8
2021-01-16,2,0,2
2021-01-16,54,0,54
2021-01-17,1524,122,1646
2021-01-17,186,4,190
2021-01-17,613,19,632
2021-01-17,55,0,55
2021-01-17,152,13,165
2021-01-17,2,0,2
2021-01-17,28,0,28
2021-01-17,1,0,1
2021-01-17,27,0,27
2021-01-17,10,0,10
2021-01-17,0,0,0
2021-01-17,1511,51,1562
2021-01-17,18,0,18
2021-01-17,33,0,33
2021-01-17,1,0,1
2021-01-17,441,19,460
2021-01-17,83,1,84
2021-01-17,2,0,2
2021-01-17,64,0,64
2021-01-17,0,0,0
2021-01-17,14,0,14
2021-01-17,50,0,50
2021-01-17,2,0,2
2021-01-17,208,13,221
2021-01-17,1964,51,2015
2021-01-17,65,0,65
2021-01-17,1664,69,1733
2021-01-17,331,10,341
2021-01-17,92,1,93
2021-01-17,16,0,16
2021-01-17,13,0,13
2021-01-17,242,5,247
2021-01-17,266,18,284
2021-01-17,53,11,64
2021-01-17,7322,302,7624
2021-01-17,430,5,435
2021-01-17,10,1,11
2021-01-17,291,10,301
2021-01-17,101,6,107
2021-01-17,28,0,28
2021-01-17,5,3,8
2021-01-17,10,1,11
2021-01-17,0,0,0
2021-01-17,131,0,131
2021-01-17,6,0,6
2021-01-17,54,0,54
2021-01-17,172,13,185
2021-01-17,14,0,14
2021-01-17,562,23,585
2021-01-17,202,7,209
2021-01-17,458,44,502
2021-01-17,213,3,216
2021-01-17,14,0,14
2021-01-17,2,0,2
2021-01-17,0,0,0
2021-01-17,416,5,421
2021-01-18,201,7,208
2021-01-18,201,4,205
2021-01-18,1487,40,1527
2021-01-18,134,0,134
2021-01-18,27,0,27
2021-01-18,18,0,18
2021-01-18,1632,73,1705
2021-01-18,2,0,2
2021-01-18,554,26,580
2021-01-18,4,0,4
2021-01-18,2,0,2
2021-01-18,2,1,3
2021-01-18,16,0,16
2021-01-18,5,3,8
2021-01-18,611,18,629
2021-01-18,62,0,62
2021-01-18,303,3,306
2021-01-18,0,0,0
2021-01-18,58,5,63
2021-01-18,12,1,13
2021-01-18,1,0,1
2021-01-18,452,20,472
2021-01-18,6,0,6
2021-01-18,445,40,485
2021-01-18,53,0,53
2021-01-18,1,0,1
2021-01-18,205,9,214
2021-01-18,15,0,15
2021-01-18,56,0,56
2021-01-18,12,3,15
2021-01-18,148,18,166
2021-01-18,14,0,14
2021-01-18,94,1,95
2021-01-18,54,0,54
2021-01-18,0,0,0
2021-01-18,9,0,9
2021-01-18,0,0,0
2021-01-18,241,2,243
2021-01-18,30,0,30
2021-01-18,336,13,349
2021-01-18,78,1,79
2021-01-18,418,7,425
2021-01-18,268,13,281
2021-01-18,1524,127,1651
2021-01-18,8,0,8
2021-01-18,94,12,106
2021-01-18,187,7,194
2021-01-18,0,0,0
2021-01-18,29,1,30
2021-01-18,165,9,174
2021-01-18,2007,61,2068
2021-01-18,7253,347,7600
2021-01-18,426,7,433
2021-01-18,25,0,25
2021-01-18,63,1,64
2021-01-18,14,0,14
2021-01-19,604,16,620
2021-01-19,325,17,342
2021-01-19,99,4,103
2021-01-19,22,0,22
2021-01-19,443,47,490
2021-01-19,305,9,314
2021-01-19,30,0,30
2021-01-19,4,0,4
2021-01-19,70,1,71
2021-01-19,2,0,2
2021-01-19,5,0,5
2021-01-19,12,0,12
2021-01-19,6,2,8
2021-01-19,1514,126,1640
2021-01-19,10,0,10
2021-01-19,1,0,1
2021-01-19,9,0,9
2021-01-19,1,0,1
2021-01-19,420,14,434
2021-01-19,1658,62,1720
2021-01-19,62,0,62
2021-01-19,403,2,405
2021-01-19,122,0,122
2021-01-19,11,3,14
2021-01-19,61,0,61
2021-01-19,158,10,168
2021-01-19,206,9,215
2021-01-19,17,0,17
2021-01-19,19,0,19
2021-01-19,243,4,247
2021-01-19,31,2,33
2021-01-19,52,0,52
2021-01-19,192,6,198
2021-01-19,17,0,17
2021-01-19,61,0,61
2021-01-19,1,0,1
2021-01-19,28,0,28
2021-01-19,16,0,16
2021-01-19,16,1,17
2021-01-19,7263,308,7571
2021-01-19,57,7,64
2021-01-19,0,0,0
2021-01-19,50,0,50
2021-01-19,201,13,214
2021-01-19,149,13,162
2021-01-19,93,1,94
2021-01-19,183,5,188
2021-01-19,551,22,573
2021-01-19,0,2,2
2021-01-19,1477,51,1528
2021-01-19,0,0,0
2021-01-19,1,0,1
2021-01-19,447,25,472
2021-01-19,276,10,286
2021-01-19,1975,43,2018
2021-01-19,0,0,0
2021-01-20,296,5,301
2021-01-20,416,41,457
2021-01-20,118,0,118
2021-01-20,436,25,461
2021-01-20,51,0,51
2021-01-20,1585,62,1647
2021-01-20,17,0,17
2021-01-20,14,4,18
2021-01-20,26,0,26
2021-01-20,17,0,17
2021-01-20,0,0,0
2021-01-20,9,0,9
2021-01-20,5,0,5
2021-01-20,1434,50,1484
2021-01-20,162,1,163
2021-01-20,560,29,589
2021-01-20,14,1,15
2021-01-20,322,11,333
2021-01-20,98,5,103
2021-01-20,4,0,4
2021-01-20,192,11,203
2021-01-20,186,11,197
2021-01-20,22,1,23
2021-01-20,87,0,87
2021-01-20,595,28,623
2021-01-20,1,0,1
2021-01-20,50,0,50
2021-01-20,9,0,9
2021-01-20,434,12,446
2021-01-20,204,8,212
2021-01-20,161,9,170
2021-01-20,4,0,4
2021-01-20,415,3,418
2021-01-20,52,4,56
2021-01-20,0,0,0
2021-01-20,19,0,19
2021-01-20,44,0,44
2021-01-20,17,0,17
2021-01-20,30,0,30
2021-01-20,15,0,15
2021-01-20,7073,340,7413
2021-01-20,0,0,0
2021-01-20,0,0,0
2021-01-20,288,11,299
2021-01-20,0,0,0
2021-01-20,1,0,1
2021-01-20,1935,45,1980
2021-01-20,1,0,1
2021-01-20,69,3,72
2021-01-20,56,0,56
2021-01-20,28,1,29
2021-01-20,234,9,243
2021-01-20,138,13,151
2021-01-20,1529,126,1655
2021-01-20,6,2,8
2021-01-20,58,0,58
2021-01-21,47,2,49
2021-01-21,15,0,15
2021-01-21,1395,62,1457
2021-01-21,58,0,58
2021-01-21,419,25,444
2021-01-21,170,11,181
2021-01-21,187,8,195
2021-01-21,46,0,46
2021-01-21,7,0,7
2021-01-21,4,2,6
2021-01-21,3,0,3
2021-01-21,24,2,26
2021-01-21,0,0,0
2021-01-21,175,1,176
2021-01-21,29,2,31
2021-01-21,409,42,451
2021-01-21,558,26,584
2021-01-21,6881,345,7226
2021-01-21,5,0,5
2021-01-21,1,0,1
2021-01-21,112,3,115
2021-01-21,0,0,0
2021-01-21,55,0,55
2021-01-21,267,13,280
2021-01-21,0,0,0
2021-01-21,1455,123,1578
2021-01-21,26,1,27
2021-01-21,13,4,17
2021-01-21,42,2,44
2021-01-21,0,0,0
2021-01-21,5,0,5
2021-01-21,14,0,14
2021-01-21,0,0,0
2021-01-21,68,0,68
2021-01-21,175,7,182
2021-01-21,428,8,436
2021-01-21,126,10,136
2021-01-21,8,0,8
2021-01-21,173,13,186
2021-01-21,289,11,300
2021-01-21,51,2,53
2021-01-21,82,0,82
2021-01-21,11,0,11
2021-01-21,2,0,2
2021-01-21,218,5,223
2021-01-21,32,0,32
2021-01-21,15,0,15
2021-01-21,1536,69,1605
2021-01-21,591,20,611
2021-01-21,1896,29,1925
2021-01-21,95,5,100
2021-01-21,12,0,12
2021-01-21,16,1,17
2021-01-21,412,3,415
2021-01-21,327,13,340
2021-01-21,0,0,0
2021-01-22,24,0,24
2021-01-22,32,0,32
2021-01-22,18,0,18
2021-01-22,0,0,0
2021-01-22,23,0,23
2021-01-22,258,14,272
2021-01-22,406,38,444
2021-01-22,9,0,9
2021-01-22,1818,31,1849
2021-01-22,10,0,10
2021-01-22,1501,63,1564
2021-01-22,386,5,391
2021-01-22,0,0,0
2021-01-22,285,15,300
2021-01-22,4,0,4
2021-01-22,166,11,177
2021-01-22,14,0,14
2021-01-22,12,0,12
2021-01-22,32,4,36
2021-01-22,200,14,214
2021-01-22,520,23,543
2021-01-22,42,0,42
2021-01-22,16,2,18
2021-01-22,0,0,0
2021-01-22,0,0,0
2021-01-22,184,0,184
2021-01-22,0,0,0
2021-01-22,162,13,175
2021-01-22,18,0,18
2021-01-22,6697,317,7014
2021-01-22,1341,74,1415
2021-01-22,4,2,6
2021-01-22,0,0,0
2021-01-22,45,0,45
2021-01-22,67,2,69
2021-01-22,9,0,9
2021-01-22,3,0,3
2021-01-22,104,1,105
2021-01-22,84,0,84
2021-01-22,100,5,105
2021-01-22,401,21,422
2021-01-22,165,7,172
2021-01-22,50,0,50
2021-01-22,1422,117,1539
2021-01-22,48,1,49
2021-01-22,16,7,23
2021-01-22,579,17,596
2021-01-22,0,0,0
2021-01-22,45,0,45
2021-01-22,191,8,199
2021-01-22,116,10,126
2021-01-22,5,0,5
2021-01-22,312,12,324
2021-01-22,3,0,3
2021-01-22,54,5,59
2021-01-22,441,12,453
2021-01-23,160,12,172
2021-01-23,50,0,50
2021-01-23,382,11,393
2021-01-23,419,12,431
2021-01-23,1277,61,1338
2021-01-23,63,2,65
2021-01-23,8,0,8
2021-01-23,4,2,6
2021-01-23,47,0,47
2021-01-23,15,0,15
2021-01-23,3,0,3
2021-01-23,49,0,49
2021-01-23,43,1,44
2021-01-23,185,5,190
2021-01-23,550,16,566
2021-01-23,0,0,0
2021-01-23,6486,307,6793
2021-01-23,15,2,17
2021-01-23,1732,47,1779
2021-01-23,1,0,1
2021-01-23,527,32,559
2021-01-23,195,6,201
2021-01-23,15,0,15
2021-01-23,19,0,19
2021-01-23,1342,106,1448
2021-01-23,100,1,101
2021-01-23,118,11,129
2021-01-23,0,0,0
2021-01-23,0,0,0
2021-01-23,248,15,263
2021-01-23,1467,55,1522
2021-01-23,11,0,11
2021-01-23,20,0,20
2021-01-23,8,0,8
2021-01-23,12,0,12
2021-01-23,374,21,395
2021-01-23,298,16,314
2021-01-23,0,0,0
2021-01-23,166,8,174
2021-01-23,3,0,3
2021-01-23,404,40,444
2021-01-23,13,3,16
2021-01-23,53,8,61
2021-01-23,157,9,166
2021-01-23,285,10,295
2021-01-23,94,0,94
2021-01-23,0,0,0
2021-01-23,44,0,44
2021-01-23,9,0,9
2021-01-23,0,0,0
2021-01-23,6,0,6
2021-01-23,34,3,37
2021-01-23,33,0,33
2021-01-23,0,0,0
2021-01-23,170,0,170
2021-01-23,96,6,102
2021-01-24,0,0,0
2021-01-24,55,1,56
2021-01-24,165,11,176
2021-01-24,159,9,168
2021-01-24,0,0,0
2021-01-24,21,0,21
2021-01-24,10,0,10
2021-01-24,29,2,31
2021-01-24,0,0,0
2021-01-24,13,0,13
2021-01-24,28,2,30
2021-01-24,48,0,48
2021-01-24,6,0,6
2021-01-24,0,0,0
2021-01-24,241,18,259
2021-01-24,2,2,4
2021-01-24,15,3,18
2021-01-24,13,0,13
2021-01-24,23,1,24
2021-01-24,16,2,18
2021-01-24,60,1,61
2021-01-24,6307,299,6606
2021-01-24,1274,69,1343
2021-01-24,291,11,302
2021-01-24,12,0,12
2021-01-24,93,1,94
2021-01-24,4,0,4
2021-01-24,92,2,94
2021-01-24,554,17,571
2021-01-24,536,39,575
2021-01-24,14,0,14
2021-01-24,53,0,53
2021-01-24,0,0,0
2021-01-24,1703,45,1748
2021-01-24,8,0,8
2021-01-24,7,0,7
2021-01-24,161,0,161
2021-01-24,377,24,401
2021-01-24,367,12,379
2021-01-24,112,84,196
2021-01-24,42,0,42
2021-01-24,0,0,0
2021-01-24,1440,51,1491
2021-01-24,9,0,9
2021-01-24,51,0,51
2021-01-24,288,12,300
2021-01-24,54,5,59
2021-01-24,1304,108,1412
2021-01-24,192,5,197
2021-01-24,406,39,445
2021-01-24,2,0,2
2021-01-24,96,0,96
2021-01-24,417,19,436
2021-01-24,114,14,128
2021-01-24,148,7,155
2021-01-24,0,0,0
2021-01-25,190,9,199
2021-01-25,46,1,47
2021-01-25,109,14,123
2021-01-25,6,0,6
2021-01-25,82,2,84
2021-01-25,7,0,7
2021-01-25,1677,37,1714
2021-01-25,55,3,58
2021-01-25,151,10,161
2021-01-25,29,1,30
2021-01-25,56,8,64
2021-01-25,405,20,425
2021-01-25,96,4,100
2021-01-25,396,40,436
2021-01-25,371,21,392
2021-01-25,12,0,12
2021-01-25,11,0,11
2021-01-25,49,0,49
2021-01-25,54,0,54
2021-01-25,302,14,316
2021-01-25,12,2,14
2021-01-25,538,11,549
2021-01-25,147,8,155
2021-01-25,192,8,200
2021-01-25,0,0,0
2021-01-25,553,16,569
2021-01-25,1265,124,1389
2021-01-25,1429,63,1492
2021-01-25,2,0,2
2021-01-25,158,0,158
2021-01-25,16,2,18
2021-01-25,159,12,171
2021-01-25,10,0,10
2021-01-25,9,0,9
2021-01-25,224,17,241
2021-01-25,4,0,4
2021-01-25,43,0,43
2021-01-25,14,0,14
2021-01-25,0,0,0
2021-01-25,54,0,54
2021-01-25,3,0,3
2021-01-25,0,0,0
2021-01-25,19,1,20
2021-01-25,6213,287,6500
2021-01-25,280,6,286
2021-01-25,0,0,0
2021-01-25,0,0,0
2021-01-25,95,0,95
2021-01-25,1,2,3
2021-01-25,28,0,28
2021-01-25,14,0,14
2021-01-25,0,0,0
2021-01-25,1248,51,1299
2021-01-25,0,0,0
2021-01-25,24,0,24
2021-01-25,378,9,387
2021-01-26,1,2,3
2021-01-26,13,11,24
2021-01-26,0,0,0
2021-01-26,21,1,22
2021-01-26,51,1,52
2021-01-26,503,15,518
2021-01-26,203,9,212
2021-01-26,2,0,2
2021-01-26,1209,52,1261
2021-01-26,181,6,187
2021-01-26,382,22,404
2021-01-26,293,10,303
2021-01-26,0,0,0
2021-01-26,0,0,0
2021-01-26,11,0,11
2021-01-26,161,0,161
2021-01-26,6026,345,6371
2021-01-26,418,12,430
2021-01-26,6,0,6
2021-01-26,89,1,90
2021-01-26,21,0,21
2021-01-26,12,0,12
2021-01-26,222,14,236
2021-01-26,58,9,67
2021-01-26,0,0,0
2021-01-26,77,5,82
2021-01-26,97,1,98
2021-01-26,54,0,54
2021-01-26,0,0,0
2021-01-26,4,0,4
2021-01-26,58,3,61
2021-01-26,358,11,369
2021-01-26,153,9,162
2021-01-26,4,0,4
2021-01-26,0,0,0
2021-01-26,12,0,12
2021-01-26,1410,62,1472
2021-01-26,10,0,10
2021-01-26,0,0,0
2021-01-26,9,0,9
2021-01-26,16,2,18
2021-01-26,382,36,418
2021-01-26,27,0,27
2021-01-26,543,29,572
2021-01-26,47,2,49
2021-01-26,7,0,7
2021-01-26,152,8,160
2021-01-26,147,13,160
2021-01-26,54,0,54
2021-01-26,8,0,8
2021-01-26,1639,55,1694
2021-01-26,1238,99,1337
2021-01-26,113,13,126
2021-01-26,29,3,32
2021-01-26,269,10,279
2021-01-26,39,0,39
2021-01-27,6,0,6
2021-01-27,20,1,21
2021-01-27,0,0,0
2021-01-27,193,5,198
2021-01-27,338,8,346
2021-01-27,255,16,271
2021-01-27,147,14,161
2021-01-27,75,1,76
2021-01-27,3,2,5
2021-01-27,8,0,8
2021-01-27,22,0,22
2021-01-27,51,1,52
2021-01-27,288,13,301
2021-01-27,411,8,419
2021-01-27,2,0,2
2021-01-27,3,0,3
2021-01-27,0,0,0
2021-01-27,0,0,0
2021-01-27,76,1,77
2021-01-27,1592,32,1624
2021-01-27,18,2,20
2021-01-27,149,12,161
2021-01-27,0,0,0
2021-01-27,163,1,164
2021-01-27,0,0,0
2021-01-27,153,4,157
2021-01-27,94,6,100
2021-01-27,9,0,9
2021-01-27,359,41,400
2021-01-27,6,0,6
2021-01-27,1164,68,1232
2021-01-27,1191,122,1313
2021-01-27,1343,61,1404
2021-01-27,51,0,51
2021-01-27,46,1,47
2021-01-27,197,11,208
2021-01-27,4,0,4
2021-01-27,10,0,10
2021-01-27,53,0,53
2021-01-27,5855,355,6210
2021-01-27,509,12,521
2021-01-27,28,2,30
2021-01-27,11,0,11
2021-01-27,105,15,120
2021-01-27,9,1,10
2021-01-27,4,0,4
2021-01-27,0,0,0
2021-01-27,379,23,402
2021-01-27,46,0,46
2021-01-27,15,2,17
2021-01-27,12,11,23
2021-01-27,500,33,533
2021-01-27,0,0,0
2021-01-27,63,6,69
2021-01-27,37,0,37
2021-01-27,178,1,179
2021-01-28,0,0,0
2021-01-28,0,0,0
2021-01-28,52,0,52
2021-01-28,487,9,496
2021-01-28,32,0,32
2021-01-28,1521,33,1554
2021-01-28,39,1,40
2021-01-28,15,3,18
2021-01-28,1128,51,1179
2021-01-28,0,0,0
2021-01-28,5669,372,6041
2021-01-28,0,0,0
2021-01-28,0,0,0
2021-01-28,7,1,8
2021-01-28,180,7,187
2021-01-28,472,28,500
2021-01-28,7,0,7
2021-01-28,13,0,13
2021-01-28,3,0,3
2021-01-28,147,11,158
2021-01-28,15,2,17
2021-01-28,11,0,11
2021-01-28,21,0,21
2021-01-28,75,0,75
2021-01-28,1128,124,1252
2021-01-28,89,6,95
2021-01-28,176,2,178
2021-01-28,41,1,42
2021-01-28,353,46,399
2021-01-28,317,9,326
2021-01-28,146,10,156
2021-01-28,27,2,29
2021-01-28,3,0,3
2021-01-28,1328,55,1383
2021-01-28,7,0,7
2021-01-28,19,0,19
2021-01-28,386,7,393
2021-01-28,4,0,4
2021-01-28,81,0,81
2021-01-28,12,0,12
2021-01-28,253,16,269
2021-01-28,2,1,3
2021-01-28,0,1,1
2021-01-28,49,0,49
2021-01-28,43,0,43
2021-01-28,67,6,73
2021-01-28,3,2,5
2021-01-28,149,2,151
2021-01-28,281,10,291
2021-01-28,365,16,381
2021-01-28,115,17,132
2021-01-28,0,0,0
2021-01-28,12,0,12
2021-01-28,153,7,160
2021-01-28,189,14,203
2021-01-28,13,4,17
2021-01-29,3,0,3
2021-01-29,86,3,89
2021-01-29,1442,36,1478
2021-01-29,182,10,192
2021-01-29,8,0,8
2021-01-29,487,8,495
2021-01-29,1317,58,1375
2021-01-29,149,9,158
2021-01-29,15,0,15
2021-01-29,376,14,390
2021-01-29,12,2,14
2021-01-29,0,0,0
2021-01-29,223,12,235
2021-01-29,6,0,6
2021-01-29,347,39,386
2021-01-29,12,0,12
2021-01-29,352,17,369
2021-01-29,1103,122,1225
2021-01-29,136,12,148
2021-01-29,298,10,308
2021-01-29,1,0,1
2021-01-29,154,5,159
2021-01-29,0,0,0
2021-01-29,43,0,43
2021-01-29,475,27,502
2021-01-29,0,1,1
2021-01-29,17,0,17
2021-01-29,45,2,47
2021-01-29,42,0,42
2021-01-29,2,0,2
2021-01-29,0,0,0
2021-01-29,46,2,48
2021-01-29,0,0,0
2021-01-29,5511,325,5836
2021-01-29,270,13,283
2021-01-29,43,0,43
2021-01-29,3,2,5
2021-01-29,0,0,0
2021-01-29,9,0,9
2021-01-29,13,1,14
2021-01-29,190,6,196
2021-01-29,151,1,152
2021-01-29,4,0,4
2021-01-29,59,9,68
2021-01-29,27,3,30
2021-01-29,10,0,10
2021-01-29,13,0,13
2021-01-29,118,17,135
2021-01-29,18,0,18
2021-01-29,8,3,11
2021-01-29,75,0,75
2021-01-29,80,0,80
2021-01-29,28,0,28
2021-01-29,0,0,0
2021-01-29,1100,41,1141
2021-01-29,187,18,205
2021-01-30,46,1,47
2021-01-30,207,18,225
2021-01-30,85,6,91
2021-01-30,43,8,51
2021-01-30,18,0,18
2021-01-30,51,6,57
2021-01-30,43,0,43
2021-01-30,1412,38,1450
2021-01-30,76,2,78
2021-01-30,1,0,1
2021-01-30,330,38,368
2021-01-30,5398,320,5718
2021-01-30,5,0,5
2021-01-30,9,0,9
2021-01-30,17,1,18
2021-01-30,16,0,16
2021-01-30,142,2,144
2021-01-30,8,7,15
2021-01-30,3,0,3
2021-01-30,134,9,143
2021-01-30,1,0,1
2021-01-30,0,0,0
2021-01-30,460,34,494
2021-01-30,298,8,306
2021-01-30,1028,109,1137
2021-01-30,1310,42,1352
2021-01-30,7,0,7
2021-01-30,41,0,41
2021-01-30,1060,52,1112
2021-01-30,64,0,64
2021-01-30,362,14,376
2021-01-30,262,15,277
2021-01-30,475,7,482
2021-01-30,177,4,181
2021-01-30,9,0,9
2021-01-30,12,0,12
2021-01-30,0,0,0
2021-01-30,12,1,13
2021-01-30,26,0,26
2021-01-30,146,10,156
2021-01-30,0,0,0
2021-01-30,40,2,42
2021-01-30,179,7,186
2021-01-30,0,0,0
2021-01-30,5,1,6
2021-01-30,346,14,360
2021-01-30,0,0,0
2021-01-30,121,16,137
2021-01-30,2,0,2
2021-01-30,0,0,0
2021-01-30,0,0,0
2021-01-30,182,18,200
2021-01-30,27,4,31
2021-01-30,3,2,5
2021-01-30,146,4,150
2021-01-30,11,0,11
2021-01-31,107,11,118
2021-01-31,10,1,11
2021-01-31,246,11,257
2021-01-31,126,4,130
2021-01-31,0,0,0
2021-01-31,78,2,80
2021-01-31,454,12,466
2021-01-31,5,0,5
2021-01-31,172,16,188
2021-01-31,452,29,481
2021-01-31,212,15,227
2021-01-31,43,0,43
2021-01-31,51,10,61
2021-01-31,72,0,72
2021-01-31,979,129,1108
2021-01-31,170,4,174
2021-01-31,128,1,129
2021-01-31,0,0,0
2021-01-31,0,0,0
2021-01-31,39,0,39
2021-01-31,1,11,12
2021-01-31,10,0,10
2021-01-31,84,0,84
2021-01-31,1362,30,1392
2021-01-31,4,0,4
2021-01-31,29,3,32
2021-01-31,43,7,50
2021-01-31,0,0,0
2021-01-31,7,0,7
2021-01-31,351,16,367
2021-01-31,293,6,299
2021-01-31,5259,300,5559
2021-01-31,11,0,11
2021-01-31,1036,39,1075
2021-01-31,2,0,2
2021-01-31,42,2,44
2021-01-31,4,0,4
2021-01-31,318,31,349
2021-01-31,15,0,15
2021-01-31,9,0,9
2021-01-31,25,0,25
2021-01-31,0,0,0
2021-01-31,3,2,5
2021-01-31,10,2,12
2021-01-31,170,8,178
2021-01-31,8,0,8
2021-01-31,0,0,0
2021-01-31,12,0,12
2021-01-31,1,0,1
2021-01-31,45,2,47
2021-01-31,149,5,154
2021-01-31,12,0,12
2021-01-31,0,0,0
2021-01-31,339,14,353
2021-01-31,139,5,144
2021-01-31,1306,41,1347
2021-02-01,0,0,0
2021-02-01,222,15,237
2021-02-01,16,0,16
2021-02-01,44,2,46
2021-02-01,161,8,169
2021-02-01,8,0,8
2021-02-01,9,1,10
2021-02-01,0,0,0
2021-02-01,14,0,14
2021-02-01,1017,46,1063
2021-02-01,28,4,32
2021-02-01,325,19,344
2021-02-01,0,0,0
2021-02-01,90,2,92
2021-02-01,7,3,10
2021-02-01,81,3,84
2021-02-01,287,5,292
2021-02-01,174,1,175
2021-02-01,0,0,0
2021-02-01,3,0,3
2021-02-01,0,0,0
2021-02-01,1,0,1
2021-02-01,21,0,21
2021-02-01,10,0,10
2021-02-01,142,7,149
2021-02-01,11,0,11
2021-02-01,5,0,5
2021-02-01,3,0,3
2021-02-01,314,39,353
2021-02-01,5,0,5
2021-02-01,73,0,73
2021-02-01,10,0,10
2021-02-01,38,0,38
2021-02-01,466,12,478
2021-02-01,1258,76,1334
2021-02-01,480,28,508
2021-02-01,41,1,42
2021-02-01,954,131,1085
2021-02-01,0,0,0
2021-02-01,122,3,125
2021-02-01,8,1,9
2021-02-01,1330,22,1352
2021-02-01,9,0,9
2021-02-01,139,7,146
2021-02-01,4,0,4
2021-02-01,47,1,48
2021-02-01,37,0,37
2021-02-01,5165,278,5443
2021-02-01,2,0,2
2021-02-01,330,10,340
2021-02-01,132,3,135
2021-02-01,102,14,116
2021-02-01,181,18,199
2021-02-01,0,0,0
2021-02-01,256,12,268
2021-02-01,39,6,45
2021-02-02,128,10,138
2021-02-02,920,127,1047
2021-02-02,135,7,142
2021-02-02,0,0,0
2021-02-02,167,7,174
2021-02-02,9,1,10
2021-02-02,66,0,66
2021-02-02,4,0,4
2021-02-02,3,0,3
2021-02-02,0,0,0
2021-02-02,11,3,14
2021-02-02,18,0,18
2021-02-02,316,35,351
2021-02-02,38,0,38
2021-02-02,181,21,202
2021-02-02,436,12,448
2021-02-02,10,1,11
2021-02-02,305,14,319
2021-02-02,9,0,9
2021-02-02,132,7,139
2021-02-02,256,21,277
2021-02-02,1233,51,1284
2021-02-02,969,43,1012
2021-02-02,40,0,40
2021-02-02,1,0,1
2021-02-02,1298,33,1331
2021-02-02,16,0,16
2021-02-02,448,39,487
2021-02-02,3,0,3
2021-02-02,273,8,281
2021-02-02,25,3,28
2021-02-02,3,0,3
2021-02-02,176,7,183
2021-02-02,0,0,0
2021-02-02,8,0,8
2021-02-02,217,9,226
2021-02-02,39,4,43
2021-02-02,108,14,122
2021-02-02,0,0,0
2021-02-02,45,4,49
2021-02-02,36,0,36
2021-02-02,12,0,12
2021-02-02,2,0,2
2021-02-02,10,0,10
2021-02-02,85,0,85
2021-02-02,333,9,342
2021-02-02,0,0,0
2021-02-02,34,0,34
2021-02-02,4990,314,5304
2021-02-02,118,2,120
2021-02-02,81,6,87
2021-02-02,5,0,5
2021-02-02,4,0,4
2021-02-02,0,0,0
2021-02-02,0,0,0
2021-02-02,10,0,10
2021-02-03,0,0,0
2021-02-03,5,0,5
2021-02-03,42,1,43
2021-02-03,209,6,215
2021-02-03,128,7,135
2021-02-03,945,49,994
2021-02-03,1202,52,1254
2021-02-03,4,0,4
2021-02-03,19,0,19
2021-02-03,48,3,51
2021-02-03,11,0,11
2021-02-03,435,33,468
2021-02-03,5,0,5
2021-02-03,5,1,6
2021-02-03,12,0,12
2021-02-03,165,15,180
2021-02-03,61,1,62
2021-02-03,418,9,427
2021-02-03,11,3,14
2021-02-03,108,19,127
2021-02-03,1238,41,1279
2021-02-03,72,9,81
2021-02-03,3,0,3
2021-02-03,118,2,120
2021-02-03,42,1,43
2021-02-03,3,0,3
2021-02-03,17,0,17
2021-02-03,0,0,0
2021-02-03,10,1,11
2021-02-03,12,0,12
2021-02-03,0,0,0
2021-02-03,125,6,131
2021-02-03,864,127,991
2021-02-03,4796,346,5142
2021-02-03,166,9,175
2021-02-03,0,0,0
2021-02-03,0,0,0
2021-02-03,76,1,77
2021-02-03,301,39,340
2021-02-03,260,10,270
2021-02-03,164,4,168
2021-02-03,137,13,150
2021-02-03,2,0,2
2021-02-03,340,8,348
2021-02-03,32,0,32
2021-02-03,7,0,7
2021-02-03,23,2,25
2021-02-03,9,0,9
2021-02-03,2,0,2
2021-02-03,0,0,0
2021-02-03,250,22,272
2021-02-03,0,0,0
2021-02-03,3,0,3
2021-02-03,32,7,39
2021-02-03,38,0,38
2021-02-03,302,14,316
2021-02-04,245,21,266
2021-02-04,119,5,124
2021-02-04,419,24,443
2021-02-04,319,9,328
2021-02-04,114,15,129
2021-02-04,4,0,4
2021-02-04,0,0,0
2021-02-04,55,1,56
2021-02-04,40,0,40
2021-02-04,2,0,2
2021-02-04,43,0,43
2021-02-04,45,0,45
2021-02-04,21,0,21
2021-02-04,381,14,395
2021-02-04,4607,319,4926
2021-02-04,139,8,147
2021-02-04,0,0,0
2021-02-04,0,0,0
2021-02-04,25,4,29
2021-02-04,13,0,13
2021-02-04,847,117,964
2021-02-04,302,42,344
2021-02-04,4,0,4
2021-02-04,14,2,16
2021-02-04,196,8,204
2021-02-04,906,50,956
2021-02-04,174,20,194
2021-02-04,161,6,167
2021-02-04,12,0,12
2021-02-04,8,0,8
2021-02-04,2,0,2
2021-02-04,34,5,39
2021-02-04,72,1,73
2021-02-04,114,0,114
2021-02-04,32,0,32
2021-02-04,171,5,176
2021-02-04,7,1,8
2021-02-04,14,2,16
2021-02-04,292,18,310
2021-02-04,1233,36,1269
2021-02-04,6,1,7
2021-02-04,0,0,0
2021-02-04,118,11,129
2021-02-04,14,0,14
2021-02-04,259,5,264
2021-02-04,0,0,0
2021-02-04,43,3,46
2021-02-04,2,0,2
2021-02-04,69,8,77
2021-02-04,1142,47,1189
2021-02-04,8,1,9
2021-02-04,5,0,5
2021-02-04,2,0,2
2021-02-04,0,0,0
2021-02-04,0,0,0
2021-02-04,9,0,9
2021-02-05,172,6,178
2021-02-05,11,0,11
2021-02-05,38,0,38
2021-02-05,0,0,0
2021-02-05,229,24,253
2021-02-05,62,2,64
2021-02-05,5,0,5
2021-02-05,11,4,15
2021-02-05,1164,29,1193
2021-02-05,115,9,124
2021-02-05,0,0,0
2021-02-05,154,6,160
2021-02-05,256,2,258
2021-02-05,14,0,14
2021-02-05,2,0,2
2021-02-05,43,3,46
2021-02-05,39,8,47
2021-02-05,405,29,434
2021-02-05,6,0,6
2021-02-05,0,0,0
2021-02-05,23,2,25
2021-02-05,905,45,950
2021-02-05,2,0,2
2021-02-05,2,0,2
2021-02-05,294,34,328
2021-02-05,0,0,0
2021-02-05,7,1,8
2021-02-05,4,0,4
2021-02-05,109,1,110
2021-02-05,172,4,176
2021-02-05,166,21,187
2021-02-05,260,17,277
2021-02-05,6,0,6
2021-02-05,49,0,49
2021-02-05,31,0,31
2021-02-05,15,1,16
2021-02-05,36,1,37
2021-02-05,821,109,930
2021-02-05,0,0,0
2021-02-05,1100,38,1138
2021-02-05,2,0,2
2021-02-05,48,1,49
2021-02-05,20,0,20
2021-02-05,8,0,8
2021-02-05,110,9,119
2021-02-05,134,9,143
2021-02-05,12,0,12
2021-02-05,4421,338,4759
2021-02-05,305,11,316
2021-02-05,109,10,119
2021-02-05,67,0,67
2021-02-05,12,0,12
2021-02-05,0,0,0
2021-02-05,9,1,10
2021-02-05,360,17,377
2021-02-05,0,0,0
2021-02-06,1074,43,1117
2021-02-06,1,0,1
2021-02-06,828,46,874
2021-02-06,0,0,0
2021-02-06,23,1,24
2021-02-06,154,17,171
2021-02-06,7,1,8
2021-02-06,105,0,105
2021-02-06,107,7,114
2021-02-06,1093,35,1128
2021-02-06,126,6,132
2021-02-06,12,0,12
2021-02-06,0,0,0
2021-02-06,6,1,7
2021-02-06,69,2,71
2021-02-06,0,0,0
2021-02-06,0,0,0
2021-02-06,22,0,22
2021-02-06,4186,306,4492
2021-02-06,10,0,10
2021-02-06,15,2,17
2021-02-06,245,16,261
2021-02-06,44,0,44
2021-02-06,94,14,108
2021-02-06,25,0,25
2021-02-06,12,0,12
2021-02-06,132,5,137
2021-02-06,4,0,4
2021-02-06,298,9,307
2021-02-06,1,0,1
2021-02-06,12,0,12
2021-02-06,39,8,47
2021-02-06,98,12,110
2021-02-06,282,37,319
2021-02-06,42,1,43
2021-02-06,341,24,365
2021-02-06,0,0,0
2021-02-06,5,0,5
2021-02-06,0,1,1
2021-02-06,175,7,182
2021-02-06,0,0,0
2021-02-06,378,25,403
2021-02-06,244,3,247
2021-02-06,46,2,48
2021-02-06,43,0,43
2021-02-06,2,0,2
2021-02-06,32,0,32
2021-02-06,159,5,164
2021-02-06,6,0,6
2021-02-06,7,0,7
2021-02-06,69,1,70
2021-02-06,218,31,249
2021-02-06,3,0,3
2021-02-06,6,0,6
2021-02-06,9,2,11
2021-02-06,786,111,897
2021-02-07,366,25,391
2021-02-07,33,1,34
2021-02-07,137,18,155
2021-02-07,1042,37,1079
2021-02-07,67,1,68
2021-02-07,7,0,7
2021-02-07,5,0,5
2021-02-07,41,1,42
2021-02-07,0,0,0
2021-02-07,5,0,5
2021-02-07,12,0,12
2021-02-07,11,0,11
2021-02-07,0,0,0
2021-02-07,171,8,179
2021-02-07,270,2,272
2021-02-07,768,103,871
2021-02-07,124,11,135
2021-02-07,8,0,8
2021-02-07,92,8,100
2021-02-07,20,3,23
2021-02-07,822,48,870
2021-02-07,279,32,311
2021-02-07,42,7,49
2021-02-07,6,0,6
2021-02-07,38,2,40
2021-02-07,282,12,294
2021-02-07,2,0,2
2021-02-07,1,0,1
2021-02-07,3,0,3
2021-02-07,24,0,24
2021-02-07,67,2,69
2021-02-07,141,6,147
2021-02-07,1,0,1
2021-02-07,10,0,10
2021-02-07,237,15,252
2021-02-07,4,0,4
2021-02-07,106,1,107
2021-02-07,0,0,0
2021-02-07,84,17,101
2021-02-07,327,18,345
2021-02-07,9,2,11
2021-02-07,101,9,110
2021-02-07,4079,255,4334
2021-02-07,11,0,11
2021-02-07,1046,24,1070
2021-02-07,38,2,40
2021-02-07,0,0,0
2021-02-07,2,0,2
2021-02-07,210,22,232
2021-02-07,151,3,154
2021-02-07,0,0,0
2021-02-07,0,1,1
2021-02-07,7,0,7
2021-02-07,40,0,40
2021-02-07,22,0,22
2021-02-07,14,4,18
2021-02-08,13,0,13
2021-02-08,38,0,38
2021-02-08,86,11,97
2021-02-08,147,2,149
2021-02-08,992,47,1039
2021-02-08,257,3,260
2021-02-08,8,0,8
2021-02-08,11,0,11
2021-02-08,36,2,38
2021-02-08,0,0,0
2021-02-08,22,0,22
2021-02-08,0,0,0
2021-02-08,23,0,23
2021-02-08,273,28,301
2021-02-08,3973,267,4240
2021-02-08,60,2,62
2021-02-08,12,6,18
2021-02-08,131,18,149
2021-02-08,7,0,7
2021-02-08,802,67,869
2021-02-08,0,0,0
2021-02-08,5,0,5
2021-02-08,41,6,47
2021-02-08,18,3,21
2021-02-08,31,2,33
2021-02-08,4,0,4
2021-02-08,1,0,1
2021-02-08,755,98,853
2021-02-08,10,0,10
2021-02-08,4,0,4
2021-02-08,99,8,107
2021-02-08,72,0,72
2021-02-08,1058,34,1092
2021-02-08,1,0,1
2021-02-08,221,14,235
2021-02-08,12,0,12
2021-02-08,0,0,0
2021-02-08,3,0,3
2021-02-08,1,0,1
2021-02-08,96,13,109
2021-02-08,165,5,170
2021-02-08,0,0,0
2021-02-08,3,0,3
2021-02-08,11,0,11
2021-02-08,149,3,152
2021-02-08,361,17,378
2021-02-08,9,0,9
2021-02-08,4,0,4
2021-02-08,40,0,40
2021-02-08,128,11,139
2021-02-08,9,2,11
2021-02-08,40,0,40
2021-02-08,280,12,292
2021-02-08,339,13,352
2021-02-08,239,12,251
2021-02-08,98,0,98
2021-02-09,951,50,1001
2021-02-09,39,0,39
2021-02-09,101,17,118
2021-02-09,124,17,141
2021-02-09,3772,312,4084
2021-02-09,3,0,3
2021-02-09,3,0,3
2021-02-09,18,3,21
2021-02-09,1,0,1
2021-02-09,38,1,39
2021-02-09,8,0,8
2021-02-09,82,9,91
2021-02-09,1,0,1
2021-02-09,738,57,795
2021-02-09,15,2,17
2021-02-09,0,0,0
2021-02-09,145,4,149
2021-02-09,147,2,149
2021-02-09,250,16,266
2021-02-09,4,0,4
2021-02-09,36,1,37
2021-02-09,726,75,801
2021-02-09,5,0,5
2021-02-09,0,0,0
2021-02-09,98,8,106
2021-02-09,65,2,67
2021-02-09,34,2,36
2021-02-09,12,0,12
2021-02-09,22,0,22
2021-02-09,353,16,369
2021-02-09,4,0,4
2021-02-09,1,0,1
2021-02-09,1009,32,1041
2021-02-09,20,0,20
2021-02-09,63,0,63
2021-02-09,45,10,55
2021-02-09,121,8,129
2021-02-09,342,17,359
2021-02-09,5,0,5
2021-02-09,8,0,8
2021-02-09,268,6,274
2021-02-09,0,0,0
2021-02-09,11,0,11
2021-02-09,274,17,291
2021-02-09,98,0,98
2021-02-09,12,0,12
2021-02-09,1,0,1
2021-02-09,6,0,6
2021-02-09,11,0,11
2021-02-09,210,13,223
2021-02-09,260,40,300
2021-02-09,12,0,12
2021-02-09,3,0,3
2021-02-09,160,8,168
2021-02-09,0,0,0
2021-02-09,36,0,36
2021-02-10,18,0,18
2021-02-10,0,0,0
2021-02-10,153,12,165
2021-02-10,14,3,17
2021-02-10,0,0,0
2021-02-10,13,0,13
2021-02-10,0,0,0
2021-02-10,5,0,5
2021-02-10,242,41,283
2021-02-10,79,5,84
2021-02-10,132,2,134
2021-02-10,12,0,12
2021-02-10,97,13,110
2021-02-10,34,1,35
2021-02-10,1,0,1
2021-02-10,13,0,13
2021-02-10,706,61,767
2021-02-10,916,41,957
2021-02-10,266,7,273
2021-02-10,11,0,11
2021-02-10,1,0,1
2021-02-10,124,14,138
2021-02-10,38,0,38
2021-02-10,3614,256,3870
2021-02-10,20,0,20
2021-02-10,3,0,3
2021-02-10,33,4,37
2021-02-10,2,0,2
2021-02-10,34,0,34
2021-02-10,4,0,4
2021-02-10,44,7,51
2021-02-10,20,3,23
2021-02-10,154,8,162
2021-02-10,687,71,758
2021-02-10,1,0,1
2021-02-10,1,0,1
2021-02-10,5,0,5
2021-02-10,1,0,1
2021-02-10,344,13,357
2021-02-10,7,0,7
2021-02-10,4,0,4
2021-02-10,6,0,6
2021-02-10,117,7,124
2021-02-10,1,0,1
2021-02-10,203,14,217
2021-02-10,245,18,263
2021-02-10,12,0,12
2021-02-10,965,35,1000
2021-02-10,319,11,330
2021-02-10,96,11,107
2021-02-10,99,1,100
2021-02-10,60,0,60
2021-02-10,53,3,56
2021-02-10,38,0,38
2021-02-10,273,18,291
2021-02-10,8,0,8
2021-02-11,19,4,23
2021-02-11,110,13,123
2021-02-11,237,18,255
2021-02-11,9,0,9
2021-02-11,1,0,1
2021-02-11,1,0,1
2021-02-11,3415,223,3638
2021-02-11,230,40,270
2021-02-11,8,0,8
2021-02-11,908,22,930
2021-02-11,48,2,50
2021-02-11,0,0,0
2021-02-11,13,0,13
2021-02-11,4,0,4
2021-02-11,2,0,2
2021-02-11,1,0,1
2021-02-11,325,21,346
2021-02-11,122,2,124
2021-02-11,32,3,35
2021-02-11,7,0,7
2021-02-11,4,0,4
2021-02-11,6,0,6
2021-02-11,1,0,1
2021-02-11,197,11,208
2021-02-11,114,15,129
2021-02-11,11,3,14
2021-02-11,0,0,0
2021-02-11,262,10,272
2021-02-11,170,4,174
2021-02-11,93,14,107
2021-02-11,857,37,894
2021-02-11,674,43,717
2021-02-11,42,7,49
2021-02-11,37,0,37
2021-02-11,15,0,15
2021-02-11,25,0,25
2021-02-11,0,0,0
2021-02-11,328,23,351
2021-02-11,12,0,12
2021-02-11,139,11,150
2021-02-11,660,64,724
2021-02-11,2,0,2
2021-02-11,99,0,99
2021-02-11,32,0,32
2021-02-11,96,15,111
2021-02-11,65,0,65
2021-02-11,30,0,30
2021-02-11,4,0,4
2021-02-11,3,1,4
2021-02-11,17,0,17
2021-02-11,0,0,0
2021-02-11,76,8,84
2021-02-11,13,0,13
2021-02-11,255,8,263
2021-02-11,2,0,2
2021-02-11,39,0,39
2021-02-12,1,0,1
2021-02-12,129,5,134
2021-02-12,2,0,2
2021-02-12,626,43,669
2021-02-12,5,0,5
2021-02-12,88,11,99
2021-02-12,50,1,51
2021-02-12,0,0,0
2021-02-12,850,40,890
2021-02-12,242,9,251
2021-02-12,18,0,18
2021-02-12,41,4,45
2021-02-12,0,0,0
2021-02-12,9,0,9
2021-02-12,4,0,4
2021-02-12,1,0,1
2021-02-12,314,20,334
2021-02-12,92,0,92
2021-02-12,11,0,11
2021-02-12,16,0,16
2021-02-12,1,0,1
2021-02-12,37,0,37
2021-02-12,11,3,14
2021-02-12,839,30,869
2021-02-12,2,0,2
2021-02-12,30,0,30
2021-02-12,17,0,17
2021-02-12,93,13,106
2021-02-12,64,1,65
2021-02-12,2,0,2
2021-02-12,0,0,0
2021-02-12,4,0,4
2021-02-12,240,3,243
2021-02-12,12,0,12
2021-02-12,32,2,34
2021-02-12,222,19,241
2021-02-12,32,1,33
2021-02-12,0,0,0
2021-02-12,626,58,684
2021-02-12,319,30,349
2021-02-12,99,12,111
2021-02-12,196,14,210
2021-02-12,20,3,23
2021-02-12,8,0,8
2021-02-12,4,0,4
2021-02-12,28,0,28
2021-02-12,158,8,166
2021-02-12,109,7,116
2021-02-12,3270,196,3466
2021-02-12,219,39,258
2021-02-12,4,0,4
2021-02-12,118,2,120
2021-02-12,9,0,9
2021-02-12,6,0,6
2021-02-12,81,9,90
2021-02-12,3,1,4
2021-02-13,0,0,0
2021-02-13,3092,201,3293
2021-02-13,124,5,129
2021-02-13,3,0,3
2021-02-13,185,16,201
2021-02-13,15,0,15
2021-02-13,4,0,4
2021-02-13,28,1,29
2021-02-13,168,11,179
2021-02-13,83,0,83
2021-02-13,229,3,232
2021-02-13,2,0,2
2021-02-13,77,15,92
2021-02-13,586,65,651
2021-02-13,86,12,98
2021-02-13,227,18,245
2021-02-13,7,0,7
2021-02-13,6,0,6
2021-02-13,4,0,4
2021-02-13,0,0,0
2021-02-13,7,0,7
2021-02-13,5,0,5
2021-02-13,2,0,2
2021-02-13,15,0,15
2021-02-13,28,2,30
2021-02-13,2,1,3
2021-02-13,16,0,16
2021-02-13,11,0,11
2021-02-13,47,1,48
2021-02-13,97,18,115
2021-02-13,1,0,1
2021-02-13,317,24,341
2021-02-13,0,0,0
2021-02-13,12,7,19
2021-02-13,824,38,862
2021-02-13,790,26,816
2021-02-13,572,69,641
2021-02-13,302,20,322
2021-02-13,41,6,47
2021-02-13,0,0,0
2021-02-13,12,0,12
2021-02-13,1,0,1
2021-02-13,122,7,129
2021-02-13,12,1,13
2021-02-13,213,38,251
2021-02-13,91,11,102
2021-02-13,104,6,110
2021-02-13,18,5,23
2021-02-13,2,0,2
2021-02-13,31,2,33
2021-02-13,40,0,40
2021-02-13,232,11,243
2021-02-13,35,0,35
2021-02-13,2,0,2
2021-02-13,5,0,5
2021-02-13,61,0,61
2021-02-14,0,0,0
2021-02-14,2964,200,3164
2021-02-14,118,3,121
2021-02-14,576,56,632
2021-02-14,78,10,88
2021-02-14,30,0,30
2021-02-14,2,0,2
2021-02-14,2,0,2
2021-02-14,2,0,2
2021-02-14,0,0,0
2021-02-14,29,1,30
2021-02-14,92,14,106
2021-02-14,13,2,15
2021-02-14,806,36,842
2021-02-14,178,17,195
2021-02-14,221,7,228
2021-02-14,777,32,809
2021-02-14,1,0,1
2021-02-14,6,0,6
2021-02-14,33,0,33
2021-02-14,13,0,13
2021-02-14,2,0,2
2021-02-14,2,0,2
2021-02-14,81,10,91
2021-02-14,16,0,16
2021-02-14,5,0,5
2021-02-14,79,0,79
2021-02-14,293,24,317
2021-02-14,119,4,123
2021-02-14,0,0,0
2021-02-14,97,5,102
2021-02-14,201,49,250
2021-02-14,13,0,13
2021-02-14,7,0,7
2021-02-14,4,0,4
2021-02-14,308,16,324
2021-02-14,17,3,20
2021-02-14,6,0,6
2021-02-14,0,0,0
2021-02-14,42,7,49
2021-02-14,60,0,60
2021-02-14,99,17,116
2021-02-14,159,11,170
2021-02-14,14,2,16
2021-02-14,4,0,4
2021-02-14,576,42,618
2021-02-14,10,0,10
2021-02-14,30,0,30
2021-02-14,0,0,0
2021-02-14,30,0,30
2021-02-14,11,0,11
2021-02-14,3,0,3
2021-02-14,48,1,49
2021-02-14,223,25,248
2021-02-14,6,0,6
2021-02-14,221,12,233
2021-02-15,177,11,188
2021-02-15,271,41,312
2021-02-15,106,3,109
2021-02-15,10,0,10
2021-02-15,146,8,154
2021-02-15,80,7,87
2021-02-15,3,0,3
2021-02-15,50,1,51
2021-02-15,2,0,2
2021-02-15,0,0,0
2021-02-15,2,0,2
2021-02-15,748,21,769
2021-02-15,85,13,98
2021-02-15,11,2,13
2021-02-15,227,27,254
2021-02-15,11,0,11
2021-02-15,2,0,2
2021-02-15,28,0,28
2021-02-15,228,9,237
2021-02-15,207,38,245
2021-02-15,1,0,1
2021-02-15,15,4,19
2021-02-15,10,0,10
2021-02-15,46,9,55
2021-02-15,104,28,132
2021-02-15,2855,189,3044
2021-02-15,114,5,119
2021-02-15,7,0,7
2021-02-15,4,0,4
2021-02-15,309,19,328
2021-02-15,0,0,0
2021-02-15,9,0,9
2021-02-15,0,0,0
2021-02-15,60,0,60
2021-02-15,77,17,94
2021-02-15,17,4,21
2021-02-15,2,0,2
2021-02-15,1,0,1
2021-02-15,567,51,618
2021-02-15,27,0,27
2021-02-15,3,0,3
2021-02-15,1,0,1
2021-02-15,3,0,3
2021-02-15,14,0,14
2021-02-15,0,0,0
2021-02-15,28,1,29
2021-02-15,72,0,72
2021-02-15,3,0,3
2021-02-15,34,0,34
2021-02-15,95,7,102
2021-02-15,0,0,0
2021-02-15,5,0,5
2021-02-15,216,10,226
2021-02-15,29,0,29
2021-02-15,782,37,819
2021-02-15,575,54,629
2021-02-16,14,3,17
2021-02-16,5,0,5
2021-02-16,12,1,13
2021-02-16,2,1,3
2021-02-16,98,25,123
2021-02-16,226,9,235
2021-02-16,553,60,613
2021-02-16,23,1,24
2021-02-16,5,0,5
2021-02-16,95,9,104
2021-02-16,3,0,3
2021-02-16,557,55,612
2021-02-16,1,0,1
2021-02-16,11,0,11
2021-02-16,11,0,11
2021-02-16,56,0,56
2021-02-16,212,17,229
2021-02-16,0,0,0
2021-02-16,118,7,125
2021-02-16,202,9,211
2021-02-16,67,12,79
2021-02-16,13,5,18
2021-02-16,1,0,1
2021-02-16,33,0,33
2021-02-16,7,0,7
2021-02-16,2757,223,2980
2021-02-16,45,1,46
2021-02-16,12,0,12
2021-02-16,27,1,28
2021-02-16,39,4,43
2021-02-16,82,7,89
2021-02-16,5,0,5
2021-02-16,1,0,1
2021-02-16,303,21,324
2021-02-16,200,37,237
2021-02-16,719,24,743
2021-02-16,0,0,0
2021-02-16,0,0,0
2021-02-16,144,14,158
2021-02-16,172,12,184
2021-02-16,782,39,821
2021-02-16,82,13,95
2021-02-16,10,0,10
2021-02-16,1,0,1
2021-02-16,1,0,1
2021-02-16,0,0,0
2021-02-16,104,3,107
2021-02-16,2,0,2
2021-02-16,28,0,28
2021-02-16,29,0,29
2021-02-16,267,27,294
2021-02-16,0,0,0
2021-02-16,2,0,2
2021-02-16,4,0,4
2021-02-16,0,0,0
2021-02-16,72,0,72
2021-02-17,10,0,10
2021-02-17,85,12,97
2021-02-17,0,0,0
2021-02-17,3,0,3
2021-02-17,23,1,24
2021-02-17,12,0,12
2021-02-17,65,0,65
2021-02-17,2,0,2
2021-02-17,1,0,1
2021-02-17,0,0,0
2021-02-17,1,0,1
2021-02-17,15,3,18
2021-02-17,6,0,6
2021-02-17,1,0,1
2021-02-17,556,44,600
2021-02-17,41,9,50
2021-02-17,12,3,15
2021-02-17,98,20,118
2021-02-17,535,68,603
2021-02-17,663,26,689
2021-02-17,3,0,3
2021-02-17,96,10,106
2021-02-17,0,0,0
2021-02-17,1,0,1
2021-02-17,746,55,801
2021-02-17,4,0,4
2021-02-17,2,0,2
2021-02-17,173,15,188
2021-02-17,2640,230,2870
2021-02-17,204,21,225
2021-02-17,43,0,43
2021-02-17,63,13,76
2021-02-17,85,9,94
2021-02-17,4,0,4
2021-02-17,108,10,118
2021-02-17,3,0,3
2021-02-17,11,0,11
2021-02-17,16,0,16
2021-02-17,11,0,11
2021-02-17,195,8,203
2021-02-17,219,14,233
2021-02-17,1,0,1
2021-02-17,1,0,1
2021-02-17,49,0,49
2021-02-17,134,9,143
2021-02-17,5,1,6
2021-02-17,194,33,227
2021-02-17,29,1,30
2021-02-17,95,6,101
2021-02-17,295,16,311
2021-02-17,32,0,32
2021-02-17,261,20,281
2021-02-17,24,3,27
2021-02-17,28,2,30
2021-02-17,0,0,0
2021-02-17,0,0,0
2021-02-18,40,12,52
2021-02-18,1,2,3
2021-02-18,9,0,9
2021-02-18,201,17,218
2021-02-18,9,0,9
2021-02-18,1,0,1
2021-02-18,97,9,106
2021-02-18,185,9,194
2021-02-18,93,7,100
2021-02-18,289,18,307
2021-02-18,513,63,576
2021-02-18,173,19,192
2021-02-18,636,25,661
2021-02-18,5,1,6
2021-02-18,21,2,23
2021-02-18,255,19,274
2021-02-18,0,0,0
2021-02-18,0,0,0
2021-02-18,86,12,98
2021-02-18,12,0,12
2021-02-18,505,34,539
2021-02-18,2498,247,2745
2021-02-18,717,41,758
2021-02-18,129,16,145
2021-02-18,96,11,107
2021-02-18,6,0,6
2021-02-18,0,0,0
2021-02-18,2,0,2
2021-02-18,1,0,1
2021-02-18,33,0,33
2021-02-18,2,0,2
2021-02-18,10,2,12
2021-02-18,23,2,25
2021-02-18,59,15,74
2021-02-18,38,1,39
2021-02-18,42,0,42
2021-02-18,12,0,12
2021-02-18,0,0,0
2021-02-18,2,0,2
2021-02-18,26,0,26
2021-02-18,82,6,88
2021-02-18,93,6,99
2021-02-18,2,0,2
2021-02-18,29,1,30
2021-02-18,0,0,0
2021-02-18,6,0,6
2021-02-18,2,0,2
2021-02-18,0,0,0
2021-02-18,188,9,197
2021-02-18,183,29,212
2021-02-18,67,0,67
2021-02-18,18,4,22
2021-02-18,0,0,0
2021-02-18,2,3,5
2021-02-18,10,0,10
2021-02-18,5,0,5
2021-02-19,83,4,87
2021-02-19,5,1,6
2021-02-19,1,0,1
2021-02-19,14,0,14
2021-02-19,27,1,28
2021-02-19,2369,228,2597
2021-02-19,0,0,0
2021-02-19,46,0,46
2021-02-19,670,35,705
2021-02-19,1,0,1
2021-02-19,11,2,13
2021-02-19,0,0,0
2021-02-19,2,0,2
2021-02-19,32,0,32
2021-02-19,84,5,89
2021-02-19,6,0,6
2021-02-19,84,10,94
2021-02-19,84,13,97
2021-02-19,26,0,26
2021-02-19,182,5,187
2021-02-19,0,0,0
2021-02-19,591,31,622
2021-02-19,1,4,5
2021-02-19,11,0,11
2021-02-19,493,40,533
2021-02-19,12,0,12
2021-02-19,25,2,27
2021-02-19,99,5,104
2021-02-19,0,0,0
2021-02-19,469,38,507
2021-02-19,0,0,0
2021-02-19,80,5,85
2021-02-19,1,0,1
2021-02-19,3,0,3
2021-02-19,7,0,7
2021-02-19,127,24,151
2021-02-19,265,27,292
2021-02-19,39,6,45
2021-02-19,41,1,42
2021-02-19,8,0,8
2021-02-19,0,0,0
2021-02-19,19,2,21
2021-02-19,190,29,219
2021-02-19,7,1,8
2021-02-19,7,0,7
2021-02-19,243,17,260
2021-02-19,186,19,205
2021-02-19,178,6,184
2021-02-19,1,0,1
2021-02-19,72,1,73
2021-02-19,1,0,1
2021-02-19,162,16,178
2021-02-19,16,3,19
2021-02-19,8,0,8
2021-02-19,57,18,75
2021-02-19,2,0,2
2021-02-20,7,0,7
2021-02-20,0,0,0
2021-02-20,1,0,1
2021-02-20,177,13,190
2021-02-20,6,1,7
2021-02-20,2,0,2
2021-02-20,14,4,18
2021-02-20,0,0,0
2021-02-20,0,0,0
2021-02-20,228,15,243
2021-02-20,155,15,170
2021-02-20,455,56,511
2021-02-20,0,0,0
2021-02-20,433,37,470
2021-02-20,1,0,1
2021-02-20,2,0,2
2021-02-20,83,2,85
2021-02-20,2213,212,2425
2021-02-20,2,0,2
2021-02-20,171,11,182
2021-02-20,176,26,202
2021-02-20,28,1,29
2021-02-20,21,1,22
2021-02-20,1,0,1
2021-02-20,64,17,81
2021-02-20,126,25,151
2021-02-20,0,0,0
2021-02-20,38,1,39
2021-02-20,78,10,88
2021-02-20,577,32,609
2021-02-20,9,0,9
2021-02-20,25,2,27
2021-02-20,3,0,3
2021-02-20,167,7,174
2021-02-20,32,1,33
2021-02-20,70,12,82
2021-02-20,59,0,59
2021-02-20,89,5,94
2021-02-20,0,0,0
2021-02-20,6,2,8
2021-02-20,10,4,14
2021-02-20,0,0,0
2021-02-20,45,0,45
2021-02-20,75,8,83
2021-02-20,2,4,6
2021-02-20,35,8,43
2021-02-20,6,0,6
2021-02-20,64,6,70
2021-02-20,11,0,11
2021-02-20,7,0,7
2021-02-20,18,0,18
2021-02-20,22,3,25
2021-02-20,244,32,276
2021-02-20,0,0,0
2021-02-20,10,0,10
2021-02-20,636,36,672
2021-02-21,79,6,85
2021-02-21,37,1,38
2021-02-21,437,56,493
2021-02-21,125,23,148
2021-02-21,2,0,2
2021-02-21,2,4,6
2021-02-21,7,0,7
2021-02-21,189,4,193
2021-02-21,0,0,0
2021-02-21,556,33,589
2021-02-21,1,0,1
2021-02-21,13,0,13
2021-02-21,27,1,28
2021-02-21,2146,191,2337
2021-02-21,0,0,0
2021-02-21,33,7,40
2021-02-21,2,1,3
2021-02-21,9,0,9
2021-02-21,22,2,24
2021-02-21,93,5,98
2021-02-21,174,26,200
2021-02-21,221,21,242
2021-02-21,185,25,210
2021-02-21,19,0,19
2021-02-21,167,7,174
2021-02-21,10,0,10
2021-02-21,2,0,2
2021-02-21,231,13,244
2021-02-21,143,14,157
2021-02-21,15,5,20
2021-02-21,19,1,20
2021-02-21,441,51,492
2021-02-21,32,1,33
2021-02-21,0,0,0
2021-02-21,7,0,7
2021-02-21,41,0,41
2021-02-21,63,16,79
2021-02-21,0,0,0
2021-02-21,1,0,1
2021-02-21,0,0,0
2021-02-21,66,8,74
2021-02-21,82,2,84
2021-02-21,0,0,0
2021-02-21,6,2,8
2021-02-21,0,0,0
2021-02-21,0,0,0
2021-02-21,8,0,8
2021-02-21,46,1,47
2021-02-21,622,36,658
2021-02-21,1,0,1
2021-02-21,5,1,6
2021-02-21,9,7,16
2021-02-21,1,0,1
2021-02-21,64,16,80
2021-02-21,24,0,24
2021-02-21,84,9,93
2021-02-22,601,31,632
2021-02-22,226,26,252
2021-02-22,75,7,82
2021-02-22,22,0,22
2021-02-22,4,0,4
2021-02-22,0,0,0
2021-02-22,167,6,173
2021-02-22,65,8,73
2021-02-22,39,2,41
2021-02-22,0,0,0
2021-02-22,2,0,2
2021-02-22,32,1,33
2021-02-22,122,6,128
2021-02-22,1,0,1
2021-02-22,0,0,0
2021-02-22,1,0,1
2021-02-22,539,28,567
2021-02-22,40,1,41
2021-02-22,138,15,153
2021-02-22,7,0,7
2021-02-22,96,5,101
2021-02-22,40,0,40
2021-02-22,29,0,29
2021-02-22,170,9,179
2021-02-22,81,10,91
2021-02-22,414,44,458
2021-02-22,239,19,258
2021-02-22,18,3,21
2021-02-22,8,0,8
2021-02-22,0,0,0
2021-02-22,180,21,201
2021-02-22,180,23,203
2021-02-22,4,0,4
2021-02-22,0,0,0
2021-02-22,0,0,0
2021-02-22,9,5,14
2021-02-22,56,16,72
2021-02-22,2064,200,2264
2021-02-22,15,1,16
2021-02-22,64,6,70
2021-02-22,0,0,0
2021-02-22,18,0,18
2021-02-22,9,2,11
2021-02-22,13,0,13
2021-02-22,13,5,18
2021-02-22,10,0,10
2021-02-22,407,49,456
2021-02-22,5,1,6
2021-02-22,5,0,5
2021-02-22,9,0,9
2021-02-22,30,6,36
2021-02-22,2,1,3
2021-02-22,76,6,82
2021-02-22,0,0,0
2021-02-22,0,0,0
2021-02-22,0,0,0
2021-02-23,95,6,101
2021-02-23,85,3,88
2021-02-23,1,0,1
2021-02-23,33,1,34
2021-02-23,1,0,1
2021-02-23,4,0,4
2021-02-23,12,6,18
2021-02-23,22,2,24
2021-02-23,35,3,38
2021-02-23,0,0,0
2021-02-23,89,17,106
2021-02-23,597,34,631
2021-02-23,0,0,0
2021-02-23,3,1,4
2021-02-23,241,14,255
2021-02-23,4,0,4
2021-02-23,11,0,11
2021-02-23,1,0,1
2021-02-23,1,0,1
2021-02-23,20,0,20
2021-02-23,27,0,27
2021-02-23,3,0,3
2021-02-23,13,1,14
2021-02-23,16,0,16
2021-02-23,0,0,0
2021-02-23,0,0,0
2021-02-23,2,0,2
2021-02-23,6,0,6
2021-02-23,118,15,133
2021-02-23,4,0,4
2021-02-23,2,1,3
2021-02-23,0,0,0
2021-02-23,1,0,1
2021-02-23,0,0,0
2021-02-23,406,49,455
2021-02-23,37,1,38
2021-02-23,52,13,65
2021-02-23,141,14,155
2021-02-23,165,7,172
2021-02-23,78,9,87
2021-02-23,9,2,11
2021-02-23,515,26,541
2021-02-23,41,0,41
2021-02-23,17,1,18
2021-02-23,157,8,165
2021-02-23,61,5,66
2021-02-23,396,36,432
2021-02-23,1988,226,2214
2021-02-23,215,24,239
2021-02-23,54,11,65
2021-02-23,0,0,0
2021-02-23,183,18,201
2021-02-23,0,0,0
2021-02-23,39,0,39
2021-02-23,175,25,200
2021-02-23,9,0,9
2021-02-24,151,9,160
2021-02-24,1,0,1
2021-02-24,14,3,17
2021-02-24,2,0,2
2021-02-24,172,22,194
2021-02-24,22,0,22
2021-02-24,29,5,34
2021-02-24,227,15,242
2021-02-24,91,7,98
2021-02-24,14,1,15
2021-02-24,1,0,1
2021-02-24,0,0,0
2021-02-24,19,2,21
2021-02-24,35,1,36
2021-02-24,0,0,0
2021-02-24,371,37,408
2021-02-24,182,11,193
2021-02-24,43,0,43
2021-02-24,83,4,87
2021-02-24,117,13,130
2021-02-24,53,13,66
2021-02-24,1,2,3
2021-02-24,3,0,3
2021-02-24,0,0,0
2021-02-24,3,0,3
2021-02-24,560,35,595
2021-02-24,74,6,80
2021-02-24,1,0,1
2021-02-24,0,0,0
2021-02-24,2,0,2
2021-02-24,4,1,5
2021-02-24,0,0,0
2021-02-24,39,0,39
2021-02-24,203,31,234
2021-02-24,0,0,0
2021-02-24,2,0,2
2021-02-24,515,27,542
2021-02-24,39,0,39
2021-02-24,19,2,21
2021-02-24,161,7,168
2021-02-24,52,14,66
2021-02-24,26,0,26
2021-02-24,16,0,16
2021-02-24,1,0,1
2021-02-24,53,5,58
2021-02-24,1886,215,2101
2021-02-24,10,0,10
2021-02-24,0,0,0
2021-02-24,90,18,108
2021-02-24,381,57,438
2021-02-24,4,0,4
2021-02-24,2,0,2
2021-02-24,137,21,158
2021-02-24,12,0,12
2021-02-24,3,0,3
2021-02-24,8,2,10
2021-02-25,0,0,0
2021-02-25,5,0,5
2021-02-25,144,8,152
2021-02-25,453,22,475
2021-02-25,13,2,15
2021-02-25,177,16,193
2021-02-25,33,5,38
2021-02-25,0,0,0
2021-02-25,192,27,219
2021-02-25,0,0,0
2021-02-25,35,0,35
2021-02-25,218,17,235
2021-02-25,0,0,0
2021-02-25,2,1,3
2021-02-25,535,26,561
2021-02-25,10,0,10
2021-02-25,1,0,1
2021-02-25,0,0,0
2021-02-25,139,14,153
2021-02-25,8,2,10
2021-02-25,6,0,6
2021-02-25,18,1,19
2021-02-25,39,0,39
2021-02-25,0,0,0
2021-02-25,21,0,21
2021-02-25,74,14,88
2021-02-25,56,17,73
2021-02-25,72,6,78
2021-02-25,46,16,62
2021-02-25,35,0,35
2021-02-25,76,5,81
2021-02-25,168,19,187
2021-02-25,25,0,25
2021-02-25,38,1,39
2021-02-25,1733,229,1962
2021-02-25,2,0,2
2021-02-25,54,2,56
2021-02-25,162,1,163
2021-02-25,4,1,5
2021-02-25,1,0,1
2021-02-25,5,0,5
2021-02-25,1,0,1
2021-02-25,3,1,4
2021-02-25,0,0,0
2021-02-25,17,1,18
2021-02-25,1,0,1
2021-02-25,94,1,95
2021-02-25,352,26,378
2021-02-25,0,0,0
2021-02-25,117,14,131
2021-02-25,8,1,9
2021-02-25,13,0,13
2021-02-25,361,63,424
2021-02-25,18,1,19
2021-02-25,3,0,3
2021-02-25,2,2,4
2021-02-26,45,12,57
2021-02-26,7,3,10
2021-02-26,1661,194,1855
2021-02-26,74,6,80
2021-02-26,52,10,62
2021-02-26,194,25,219
2021-02-26,18,0,18
2021-02-26,0,0,0
2021-02-26,1,0,1
2021-02-26,11,0,11
2021-02-26,29,7,36
2021-02-26,40,1,41
2021-02-26,6,0,6
2021-02-26,0,0,0
2021-02-26,18,1,19
2021-02-26,83,5,88
2021-02-26,33,0,33
2021-02-26,3,0,3
2021-02-26,35,1,36
2021-02-26,18,1,19
2021-02-26,207,20,227
2021-02-26,338,57,395
2021-02-26,6,2,8
2021-02-26,34,0,34
2021-02-26,2,2,4
2021-02-26,0,0,0
2021-02-26,0,0,0
2021-02-26,128,14,142
2021-02-26,157,24,181
2021-02-26,6,0,6
2021-02-26,523,39,562
2021-02-26,109,7,116
2021-02-26,0,0,0
2021-02-26,2,0,2
2021-02-26,15,2,17
2021-02-26,3,0,3
2021-02-26,72,11,83
2021-02-26,0,0,0
2021-02-26,327,23,350
2021-02-26,1,0,1
2021-02-26,1,0,1
2021-02-26,5,0,5
2021-02-26,3,0,3
2021-02-26,16,2,18
2021-02-26,15,0,15
2021-02-26,158,4,162
2021-02-26,54,3,57
2021-02-26,1,0,1
2021-02-26,444,15,459
2021-02-26,144,9,153
2021-02-26,69,8,77
2021-02-26,177,17,194
2021-02-26,2,0,2
2021-02-26,0,0,0
2021-02-26,22,0,22
2021-02-26,3,0,3
2021-02-27,105,9,114
2021-02-27,0,0,0
2021-02-27,6,3,9
2021-02-27,6,0,6
2021-02-27,328,50,378
2021-02-27,78,8,86
2021-02-27,4,0,4
2021-02-27,56,3,59
2021-02-27,0,0,0
2021-02-27,201,22,223
2021-02-27,1,0,1
2021-02-27,62,3,65
2021-02-27,0,0,0
2021-02-27,38,3,41
2021-02-27,163,26,189
2021-02-27,61,9,70
2021-02-27,1578,183,1761
2021-02-27,11,0,11
2021-02-27,33,0,33
2021-02-27,0,0,0
2021-02-27,187,33,220
2021-02-27,3,0,3
2021-02-27,0,0,0
2021-02-27,485,34,519
2021-02-27,1,0,1
2021-02-27,120,15,135
2021-02-27,78,16,94
2021-02-27,8,0,8
2021-02-27,0,0,0
2021-02-27,37,0,37
2021-02-27,141,5,146
2021-02-27,16,1,17
2021-02-27,3,0,3
2021-02-27,23,0,23
2021-02-27,2,2,4
2021-02-27,13,3,16
2021-02-27,159,3,162
2021-02-27,70,6,76
2021-02-27,0,0,0
2021-02-27,1,0,1
2021-02-27,0,0,0
2021-02-27,165,22,187
2021-02-27,4,1,5
2021-02-27,0,0,0
2021-02-27,30,1,31
2021-02-27,3,0,3
2021-02-27,299,23,322
2021-02-27,22,0,22
2021-02-27,18,1,19
2021-02-27,26,7,33
2021-02-27,21,2,23
2021-02-27,15,1,16
2021-02-27,421,22,443
2021-02-27,1,0,1
2021-02-27,39,14,53
2021-02-27,1,0,1
2021-02-28,73,17,90
2021-02-28,18,1,19
2021-02-28,285,23,308
2021-02-28,152,26,178
2021-02-28,94,11,105
2021-02-28,0,0,0
2021-02-28,1,0,1
2021-02-28,16,0,16
2021-02-28,61,11,72
2021-02-28,157,22,179
2021-02-28,22,0,22
2021-02-28,29,1,30
2021-02-28,59,5,64
2021-02-28,5,0,5
2021-02-28,2,0,2
2021-02-28,3,0,3
2021-02-28,24,0,24
2021-02-28,0,0,0
2021-02-28,148,6,154
2021-02-28,0,0,0
2021-02-28,4,0,4
2021-02-28,0,0,0
2021-02-28,0,0,0
2021-02-28,3,0,3
2021-02-28,0,0,0
2021-02-28,2,0,2
2021-02-28,0,0,0
2021-02-28,0,0,0
2021-02-28,7,3,10
2021-02-28,16,0,16
2021-02-28,31,0,31
2021-02-28,419,26,445
2021-02-28,4,0,4
2021-02-28,15,1,16
2021-02-28,20,8,28
2021-02-28,1502,157,1659
2021-02-28,484,20,504
2021-02-28,17,1,18
2021-02-28,0,1,1
2021-02-28,111,15,126
2021-02-28,79,6,85
2021-02-28,307,57,364
2021-02-28,33,0,33
2021-02-28,116,4,120
2021-02-28,0,0,0
2021-02-28,0,0,0
2021-02-28,38,1,39
2021-02-28,191,14,205
2021-02-28,0,0,0
2021-02-28,3,0,3
2021-02-28,54,3,57
2021-02-28,0,0,0
2021-02-28,62,8,70
2021-02-28,42,14,56
2021-02-28,14,3,17
2021-02-28,189,32,221
2021-03-01,301,45,346
2021-03-01,34,1,35
2021-03-01,74,3,77
2021-03-01,280,29,309
2021-03-01,12,2,14
2021-03-01,3,5,8
2021-03-01,0,0,0
2021-03-01,13,1,14
2021-03-01,2,0,2
2021-03-01,5,0,5
2021-03-01,182,23,205
2021-03-01,5,0,5
2021-03-01,21,9,30
2021-03-01,2,0,2
2021-03-01,14,5,19
2021-03-01,44,8,52
2021-03-01,40,1,41
2021-03-01,3,0,3
2021-03-01,22,1,23
2021-03-01,4,0,4
2021-03-01,30,2,32
2021-03-01,0,0,0
2021-03-01,3,0,3
2021-03-01,1,0,1
2021-03-01,0,0,0
2021-03-01,0,0,0
2021-03-01,181,17,198
2021-03-01,2,0,2
2021-03-01,16,0,16
2021-03-01,0,0,0
2021-03-01,0,0,0
2021-03-01,62,9,71
2021-03-01,102,7,109
2021-03-01,19,0,19
2021-03-01,0,0,0
2021-03-01,136,24,160
2021-03-01,1,0,1
2021-03-01,2,0,2
2021-03-01,0,0,0
2021-03-01,23,0,23
2021-03-01,1476,155,1631
2021-03-01,425,21,446
2021-03-01,479,35,514
2021-03-01,75,19,94
2021-03-01,0,0,0
2021-03-01,53,3,56
2021-03-01,0,0,0
2021-03-01,55,8,63
2021-03-01,98,9,107
2021-03-01,61,6,67
2021-03-01,14,1,15
2021-03-01,150,18,168
2021-03-01,0,0,0
2021-03-01,143,8,151
2021-03-01,33,0,33
2021-03-01,111,15,126
2021-03-02,21,0,21
2021-03-02,14,3,17
2021-03-02,101,14,115
2021-03-02,180,28,208
2021-03-02,2,0,2
2021-03-02,62,12,74
2021-03-02,0,0,0
2021-03-02,97,7,104
2021-03-02,0,0,0
2021-03-02,443,29,472
2021-03-02,11,3,14
2021-03-02,170,20,190
2021-03-02,0,0,0
2021-03-02,46,10,56
2021-03-02,112,18,130
2021-03-02,2,0,2
2021-03-02,0,0,0
2021-03-02,154,16,170
2021-03-02,12,0,12
2021-03-02,11,0,11
2021-03-02,69,22,91
2021-03-02,0,0,0
2021-03-02,3,0,3
2021-03-02,0,0,0
2021-03-02,0,0,0
2021-03-02,13,4,17
2021-03-02,57,2,59
2021-03-02,17,0,17
2021-03-02,267,17,284
2021-03-02,0,0,0
2021-03-02,49,5,54
2021-03-02,3,0,3
2021-03-02,38,1,39
2021-03-02,45,8,53
2021-03-02,76,2,78
2021-03-02,1,5,6
2021-03-02,0,0,0
2021-03-02,34,1,35
2021-03-02,2,0,2
2021-03-02,1,2,3
2021-03-02,127,14,141
2021-03-02,303,44,347
2021-03-02,4,1,5
2021-03-02,140,25,165
2021-03-02,4,0,4
2021-03-02,29,0,29
2021-03-02,403,25,428
2021-03-02,22,2,24
2021-03-02,0,0,0
2021-03-02,1,0,1
2021-03-02,3,0,3
2021-03-02,21,0,21
2021-03-02,0,0,0
2021-03-02,1401,173,1574
2021-03-02,22,0,22
2021-03-02,4,0,4
2021-03-03,0,0,0
2021-03-03,13,6,19
2021-03-03,65,9,74
2021-03-03,0,0,0
2021-03-03,145,29,174
2021-03-03,3,1,4
2021-03-03,1,0,1
2021-03-03,3,0,3
2021-03-03,1,2,3
2021-03-03,3,0,3
2021-03-03,22,0,22
2021-03-03,2,0,2
2021-03-03,35,1,36
2021-03-03,16,3,19
2021-03-03,1,0,1
2021-03-03,429,24,453
2021-03-03,102,4,106
2021-03-03,303,43,346
2021-03-03,21,0,21
2021-03-03,2,0,2
2021-03-03,4,0,4
2021-03-03,40,1,41
2021-03-03,2,0,2
2021-03-03,15,0,15
2021-03-03,0,0,0
2021-03-03,2,0,2
2021-03-03,12,1,13
2021-03-03,18,5,23
2021-03-03,7,0,7
2021-03-03,0,0,0
2021-03-03,0,0,0
2021-03-03,44,8,52
2021-03-03,22,0,22
2021-03-03,174,24,198
2021-03-03,0,0,0
2021-03-03,127,9,136
2021-03-03,4,0,4
2021-03-03,54,10,64
2021-03-03,176,28,204
2021-03-03,0,0,0
2021-03-03,152,9,161
2021-03-03,0,0,0
2021-03-03,64,24,88
2021-03-03,52,1,53
2021-03-03,50,6,56
2021-03-03,0,0,0
2021-03-03,50,4,54
2021-03-03,379,26,405
2021-03-03,20,0,20
2021-03-03,114,13,127
2021-03-03,1341,182,1523
2021-03-03,93,11,104
2021-03-03,1,2,3
2021-03-03,0,0,0
2021-03-03,11,1,12
2021-03-03,254,31,285
2021-03-04,339,24,363
2021-03-04,5,0,5
2021-03-04,53,12,65
2021-03-04,11,1,12
2021-03-04,11,0,11
2021-03-04,121,10,131
2021-03-04,0,0,0
2021-03-04,34,0,34
2021-03-04,279,43,322
2021-03-04,140,27,167
2021-03-04,2,0,2
2021-03-04,15,4,19
2021-03-04,46,5,51
2021-03-04,0,0,0
2021-03-04,6,0,6
2021-03-04,0,0,0
2021-03-04,210,30,240
2021-03-04,39,1,40
2021-03-04,0,0,0
2021-03-04,89,16,105
2021-03-04,0,0,0
2021-03-04,0,0,0
2021-03-04,4,0,4
2021-03-04,20,0,20
2021-03-04,1264,191,1455
2021-03-04,19,0,19
2021-03-04,54,9,63
2021-03-04,2,0,2
2021-03-04,1,0,1
2021-03-04,3,0,3
2021-03-04,401,23,424
2021-03-04,1,0,1
2021-03-04,156,23,179
2021-03-04,21,1,22
2021-03-04,23,0,23
2021-03-04,0,0,0
2021-03-04,143,19,162
2021-03-04,51,9,60
2021-03-04,127,8,135
2021-03-04,67,26,93
2021-03-04,1,4,5
2021-03-04,2,0,2
2021-03-04,9,3,12
2021-03-04,0,0,0
2021-03-04,21,0,21
2021-03-04,2,0,2
2021-03-04,12,2,14
2021-03-04,171,23,194
2021-03-04,1,3,4
2021-03-04,5,1,6
2021-03-04,0,0,0
2021-03-04,0,0,0
2021-03-04,3,0,3
2021-03-04,53,3,56
2021-03-04,103,8,111
2021-03-04,39,6,45
2021-03-05,0,0,0
2021-03-05,0,0,0
2021-03-05,3,0,3
2021-03-05,44,8,52
2021-03-05,60,22,82
2021-03-05,7,0,7
2021-03-05,19,0,19
2021-03-05,1,0,1
2021-03-05,0,0,0
2021-03-05,3,0,3
2021-03-05,50,1,51
2021-03-05,263,47,310
2021-03-05,45,7,52
2021-03-05,144,16,160
2021-03-05,110,6,116
2021-03-05,35,0,35
2021-03-05,0,0,0
2021-03-05,7,6,13
2021-03-05,2,0,2
2021-03-05,51,9,60
2021-03-05,2,5,7
2021-03-05,8,1,9
2021-03-05,0,0,0
2021-03-05,2,0,2
2021-03-05,7,0,7
2021-03-05,55,12,67
2021-03-05,89,6,95
2021-03-05,321,15,336
2021-03-05,248,38,286
2021-03-05,166,33,199
2021-03-05,2,0,2
2021-03-05,0,0,0
2021-03-05,12,0,12
2021-03-05,0,0,0
2021-03-05,0,0,0
2021-03-05,2,0,2
2021-03-05,5,0,5
2021-03-05,36,8,44
2021-03-05,131,28,159
2021-03-05,19,0,19
2021-03-05,39,1,40
2021-03-05,126,10,136
2021-03-05,1176,164,1340
2021-03-05,1,3,4
2021-03-05,0,0,0
2021-03-05,13,1,14
2021-03-05,1,0,1
2021-03-05,115,11,126
2021-03-05,0,0,0
2021-03-05,17,4,21
2021-03-05,0,0,0
2021-03-05,16,0,16
2021-03-05,150,24,174
2021-03-05,22,0,22
2021-03-05,20,0,20
2021-03-05,359,23,382
2021-03-06,0,0,0
2021-03-06,1,0,1
2021-03-06,17,4,21
2021-03-06,242,20,262
2021-03-06,18,1,19
2021-03-06,142,29,171
2021-03-06,2,0,2
2021-03-06,19,0,19
2021-03-06,18,0,18
2021-03-06,51,5,56
2021-03-06,0,0,0
2021-03-06,42,9,51
2021-03-06,2,0,2
2021-03-06,0,0,0
2021-03-06,0,0,0
2021-03-06,86,5,91
2021-03-06,357,27,384
2021-03-06,105,13,118
2021-03-06,130,19,149
2021-03-06,1,0,1
2021-03-06,1,0,1
2021-03-06,34,5,39
2021-03-06,13,0,13
2021-03-06,159,23,182
2021-03-06,2,0,2
2021-03-06,35,0,35
2021-03-06,0,0,0
2021-03-06,1,2,3
2021-03-06,7,0,7
2021-03-06,2,6,8
2021-03-06,9,11,20
2021-03-06,257,54,311
2021-03-06,106,11,117
2021-03-06,3,0,3
2021-03-06,0,0,0
2021-03-06,14,0,14
2021-03-06,2,0,2
2021-03-06,2,0,2
2021-03-06,1132,156,1288
2021-03-06,61,13,74
2021-03-06,0,0,0
2021-03-06,1,0,1
2021-03-06,113,8,121
2021-03-06,10,0,10
2021-03-06,47,9,56
2021-03-06,0,0,0
2021-03-06,6,1,7
2021-03-06,48,2,50
2021-03-06,33,0,33
2021-03-06,11,0,11
2021-03-06,296,15,311
2021-03-06,116,29,145
2021-03-06,40,2,42
2021-03-06,0,0,0
2021-03-06,18,0,18
2021-03-06,0,0,0
2021-03-07,0,0,0
2021-03-07,20,1,21
2021-03-07,251,63,314
2021-03-07,39,2,41
2021-03-07,112,6,118
2021-03-07,35,4,39
2021-03-07,47,9,56
2021-03-07,345,21,366
2021-03-07,51,3,54
2021-03-07,154,21,175
2021-03-07,99,8,107
2021-03-07,1,0,1
2021-03-07,28,0,28
2021-03-07,8,6,14
2021-03-07,2,0,2
2021-03-07,118,27,145
2021-03-07,65,10,75
2021-03-07,16,0,16
2021-03-07,2,0,2
2021-03-07,11,0,11
2021-03-07,0,0,0
2021-03-07,288,19,307
2021-03-07,3,0,3
2021-03-07,1,0,1
2021-03-07,249,35,284
2021-03-07,90,5,95
2021-03-07,116,14,130
2021-03-07,3,0,3
2021-03-07,6,0,6
2021-03-07,10,0,10
2021-03-07,0,0,0
2021-03-07,0,0,0
2021-03-07,0,0,0
2021-03-07,0,0,0
2021-03-07,1,2,3
2021-03-07,114,27,141
2021-03-07,0,0,0
2021-03-07,2,0,2
2021-03-07,1,0,1
2021-03-07,3,0,3
2021-03-07,1,0,1
2021-03-07,46,8,54
2021-03-07,5,0,5
2021-03-07,4,4,8
2021-03-07,18,1,19
2021-03-07,15,0,15
2021-03-07,38,0,38
2021-03-07,17,3,20
2021-03-07,16,0,16
2021-03-07,44,8,52
2021-03-07,1119,128,1247
2021-03-07,136,26,162
2021-03-07,15,1,16
2021-03-07,0,0,0
2021-03-07,1,0,1
2021-03-07,0,0,0
2021-03-08,1,0,1
2021-03-08,17,0,17
2021-03-08,4,0,4
2021-03-08,0,0,0
2021-03-08,7,6,13
2021-03-08,0,0,0
2021-03-08,121,16,137
2021-03-08,9,0,9
2021-03-08,0,0,0
2021-03-08,13,0,13
2021-03-08,2,0,2
2021-03-08,18,0,18
2021-03-08,30,1,31
2021-03-08,4,5,9
2021-03-08,33,4,37
2021-03-08,253,38,291
2021-03-08,3,0,3
2021-03-08,20,0,20
2021-03-08,9,0,9
2021-03-08,0,0,0
2021-03-08,40,4,44
2021-03-08,0,0,0
2021-03-08,1079,139,1218
2021-03-08,16,1,17
2021-03-08,38,0,38
2021-03-08,341,23,364
2021-03-08,151,23,174
2021-03-08,4,0,4
2021-03-08,89,9,98
2021-03-08,118,22,140
2021-03-08,283,19,302
2021-03-08,49,8,57
2021-03-08,42,13,55
2021-03-08,7,1,8
2021-03-08,68,13,81
2021-03-08,91,4,95
2021-03-08,5,0,5
2021-03-08,2,0,2
2021-03-08,0,0,0
2021-03-08,47,3,50
2021-03-08,1,3,4
2021-03-08,17,5,22
2021-03-08,264,50,314
2021-03-08,115,5,120
2021-03-08,19,3,22
2021-03-08,46,8,54
2021-03-08,1,0,1
2021-03-08,0,0,0
2021-03-08,2,0,2
2021-03-08,142,17,159
2021-03-08,0,0,0
2021-03-08,2,0,2
2021-03-08,0,0,0
2021-03-08,1,0,1
2021-03-08,4,0,4
2021-03-08,116,18,134
2021-03-09,277,31,308
2021-03-09,3,0,3
2021-03-09,2,0,2
2021-03-09,117,17,134
2021-03-09,36,7,43
2021-03-09,2,0,2
2021-03-09,0,0,0
2021-03-09,91,9,100
2021-03-09,13,0,13
2021-03-09,110,18,128
2021-03-09,14,1,15
2021-03-09,39,6,45
2021-03-09,90,17,107
2021-03-09,14,0,14
2021-03-09,46,14,60
2021-03-09,19,0,19
2021-03-09,21,0,21
2021-03-09,2,0,2
2021-03-09,0,3,3
2021-03-09,1,0,1
2021-03-09,0,0,0
2021-03-09,237,29,266
2021-03-09,6,0,6
2021-03-09,8,0,8
2021-03-09,0,0,0
2021-03-09,1,0,1
2021-03-09,29,0,29
2021-03-09,0,0,0
2021-03-09,334,31,365
2021-03-09,0,0,0
2021-03-09,1,0,1
2021-03-09,254,35,289
2021-03-09,22,0,22
2021-03-09,0,0,0
2021-03-09,142,29,171
2021-03-09,5,0,5
2021-03-09,104,8,112
2021-03-09,136,27,163
2021-03-09,1056,151,1207
2021-03-09,62,16,78
2021-03-09,18,2,20
2021-03-09,6,3,9
2021-03-09,9,1,10
2021-03-09,3,0,3
2021-03-09,0,0,0
2021-03-09,0,0,0
2021-03-09,123,19,142
2021-03-09,4,3,7
2021-03-09,43,11,54
2021-03-09,0,0,0
2021-03-09,46,2,48
2021-03-09,29,4,33
2021-03-09,2,0,2
2021-03-09,41,0,41
2021-03-09,1,0,1
2021-03-09,6,0,6
2021-03-10,87,12,99
2021-03-10,14,2,16
2021-03-10,85,10,95
2021-03-10,0,0,0
2021-03-10,0,0,0
2021-03-10,26,8,34
2021-03-10,5,0,5
2021-03-10,21,0,21
2021-03-10,0,3,3
2021-03-10,3,5,8
2021-03-10,2,1,3
2021-03-10,0,0,0
2021-03-10,126,15,141
2021-03-10,6,0,6
2021-03-10,6,1,7
2021-03-10,252,24,276
2021-03-10,3,0,3
2021-03-10,48,1,49
2021-03-10,32,8,40
2021-03-10,0,0,0
2021-03-10,0,0,0
2021-03-10,0,0,0
2021-03-10,12,1,13
2021-03-10,111,18,129
2021-03-10,9,0,9
2021-03-10,319,30,349
2021-03-10,1,0,1
2021-03-10,1,0,1
2021-03-10,3,0,3
2021-03-10,3,0,3
2021-03-10,54,12,66
2021-03-10,143,26,169
2021-03-10,2,0,2
2021-03-10,2,0,2
2021-03-10,98,10,108
2021-03-10,42,4,46
2021-03-10,12,0,12
2021-03-10,36,0,36
2021-03-10,234,30,264
2021-03-10,122,23,145
2021-03-10,219,28,247
2021-03-10,7,6,13
2021-03-10,0,0,0
2021-03-10,23,0,23
2021-03-10,34,8,42
2021-03-10,11,0,11
2021-03-10,24,0,24
2021-03-10,20,0,20
2021-03-10,1015,163,1178
2021-03-10,1,0,1
2021-03-10,0,0,0
2021-03-10,5,0,5
2021-03-10,0,0,0
2021-03-10,2,0,2
2021-03-10,44,9,53
2021-03-10,152,23,175
2021-03-11,0,0,0
2021-03-11,6,0,6
2021-03-11,1,4,5
2021-03-11,75,8,83
2021-03-11,1,0,1
2021-03-11,107,30,137
2021-03-11,41,10,51
2021-03-11,0,0,0
2021-03-11,2,0,2
2021-03-11,6,0,6
2021-03-11,128,16,144
2021-03-11,3,0,3
2021-03-11,35,0,35
2021-03-11,0,0,0
2021-03-11,21,7,28
2021-03-11,0,0,0
2021-03-11,8,10,18
2021-03-11,15,0,15
2021-03-11,0,0,0
2021-03-11,5,0,5
2021-03-11,9,1,10
2021-03-11,2,0,2
2021-03-11,43,0,43
2021-03-11,1,0,1
2021-03-11,2,0,2
2021-03-11,1,1,2
2021-03-11,23,0,23
2021-03-11,979,167,1146
2021-03-11,21,0,21
2021-03-11,3,0,3
2021-03-11,2,0,2
2021-03-11,147,25,172
2021-03-11,118,19,137
2021-03-11,217,25,242
2021-03-11,21,1,22
2021-03-11,0,0,0
2021-03-11,0,0,0
2021-03-11,9,0,9
2021-03-11,50,11,61
2021-03-11,20,0,20
2021-03-11,217,34,251
2021-03-11,0,0,0
2021-03-11,0,0,0
2021-03-11,4,3,7
2021-03-11,245,21,266
2021-03-11,12,0,12
2021-03-11,293,23,316
2021-03-11,88,6,94
2021-03-11,36,7,43
2021-03-11,38,8,46
2021-03-11,30,12,42
2021-03-11,6,1,7
2021-03-11,98,8,106
2021-03-11,15,3,18
2021-03-11,0,0,0
2021-03-11,131,16,147
2021-03-12,4,0,4
2021-03-12,0,0,0
2021-03-12,237,30,267
2021-03-12,204,23,227
2021-03-12,0,0,0
2021-03-12,41,3,44
2021-03-12,17,0,17
2021-03-12,4,3,7
2021-03-12,3,0,3
2021-03-12,31,9,40
2021-03-12,132,17,149
2021-03-12,37,6,43
2021-03-12,1,0,1
2021-03-12,20,0,20
2021-03-12,143,20,163
2021-03-12,118,27,145
2021-03-12,0,0,0
2021-03-12,85,4,89
2021-03-12,6,0,6
2021-03-12,1,0,1
2021-03-12,9,2,11
2021-03-12,22,0,22
2021-03-12,290,30,320
2021-03-12,9,0,9
2021-03-12,0,0,0
2021-03-12,0,0,0
2021-03-12,0,0,0
2021-03-12,35,6,41
2021-03-12,25,9,34
2021-03-12,951,155,1106
2021-03-12,49,11,60
2021-03-12,95,4,99
2021-03-12,3,0,3
2021-03-12,1,2,3
2021-03-12,10,1,11
2021-03-12,200,21,221
2021-03-12,5,0,5
2021-03-12,2,0,2
2021-03-12,39,0,39
2021-03-12,116,17,133
2021-03-12,39,0,39
2021-03-12,2,0,2
2021-03-12,17,3,20
2021-03-12,126,15,141
2021-03-12,0,0,0
2021-03-12,2,0,2
2021-03-12,6,6,12
2021-03-12,3,1,4
2021-03-12,1,0,1
2021-03-12,0,0,0
2021-03-12,5,1,6
2021-03-12,0,0,0
2021-03-12,14,0,14
2021-03-12,73,13,86
2021-03-12,0,0,0
2021-03-12,17,0,17
2021-03-13,1,0,1
2021-03-13,9,2,11
2021-03-13,5,0,5
2021-03-13,118,14,132
2021-03-13,15,0,15
2021-03-13,5,0,5
2021-03-13,92,5,97
2021-03-13,2,0,2
2021-03-13,4,0,4
2021-03-13,0,0,0
2021-03-13,1,0,1
2021-03-13,39,6,45
2021-03-13,194,20,214
2021-03-13,0,0,0
2021-03-13,23,1,24
2021-03-13,3,0,3
2021-03-13,0,0,0
2021-03-13,241,26,267
2021-03-13,279,24,303
2021-03-13,69,11,80
2021-03-13,4,6,10
2021-03-13,9,0,9
2021-03-13,6,0,6
2021-03-13,1,1,2
2021-03-13,77,6,83
2021-03-13,0,0,0
2021-03-13,1,0,1
2021-03-13,0,0,0
2021-03-13,1,0,1
2021-03-13,9,14,23
2021-03-13,0,0,0
2021-03-13,893,156,1049
2021-03-13,131,12,143
2021-03-13,13,1,14
2021-03-13,37,0,37
2021-03-13,18,5,23
2021-03-13,0,0,0
2021-03-13,25,7,32
2021-03-13,1,0,1
2021-03-13,10,0,10
2021-03-13,35,7,42
2021-03-13,3,0,3
2021-03-13,13,0,13
2021-03-13,182,23,205
2021-03-13,34,4,38
2021-03-13,119,14,133
2021-03-13,128,20,148
2021-03-13,0,0,0
2021-03-13,37,1,38
2021-03-13,20,0,20
2021-03-13,117,34,151
2021-03-13,9,1,10
2021-03-13,3,0,3
2021-03-13,48,16,64
2021-03-13,0,0,0
2021-03-13,46,8,54
2021-03-14,1,0,1
2021-03-14,1,0,1
2021-03-14,29,7,36
2021-03-14,14,0,14
2021-03-14,131,22,153
2021-03-14,37,6,43
2021-03-14,191,29,220
2021-03-14,23,1,24
2021-03-14,45,9,54
2021-03-14,233,24,257
2021-03-14,35,3,38
2021-03-14,4,0,4
2021-03-14,2,0,2
2021-03-14,95,5,100
2021-03-14,51,15,66
2021-03-14,2,0,2
2021-03-14,21,0,21
2021-03-14,3,0,3
2021-03-14,39,0,39
2021-03-14,1,0,1
2021-03-14,12,7,19
2021-03-14,39,3,42
2021-03-14,114,32,146
2021-03-14,865,145,1010
2021-03-14,1,1,2
2021-03-14,0,0,0
2021-03-14,12,1,13
2021-03-14,0,0,0
2021-03-14,5,0,5
2021-03-14,0,0,0
2021-03-14,0,0,0
2021-03-14,34,8,42
2021-03-14,4,6,10
2021-03-14,9,0,9
2021-03-14,138,16,154
2021-03-14,284,23,307
2021-03-14,0,0,0
2021-03-14,16,5,21
2021-03-14,10,1,11
2021-03-14,5,0,5
2021-03-14,195,21,216
2021-03-14,0,0,0
2021-03-14,122,15,137
2021-03-14,121,16,137
2021-03-14,0,0,0
2021-03-14,3,0,3
2021-03-14,61,11,72
2021-03-14,76,6,82
2021-03-14,14,0,14
2021-03-14,9,0,9
2021-03-14,8,0,8
2021-03-14,2,0,2
2021-03-14,0,0,0
2021-03-14,1,0,1
2021-03-14,1,0,1
2021-03-14,0,0,0
2021-03-15,0,0,0
2021-03-15,5,0,5
2021-03-15,40,6,46
2021-03-15,108,27,135
2021-03-15,2,0,2
2021-03-15,125,19,144
2021-03-15,0,0,0
2021-03-15,8,1,9
2021-03-15,36,0,36
2021-03-15,0,0,0
2021-03-15,1,0,1
2021-03-15,2,0,2
2021-03-15,0,0,0
2021-03-15,44,17,61
2021-03-15,26,1,27
2021-03-15,64,10,74
2021-03-15,2,0,2
2021-03-15,9,0,9
2021-03-15,286,20,306
2021-03-15,857,137,994
2021-03-15,98,10,108
2021-03-15,1,1,2
2021-03-15,125,13,138
2021-03-15,2,0,2
2021-03-15,0,0,0
2021-03-15,29,7,36
2021-03-15,7,0,7
2021-03-15,0,0,0
2021-03-15,185,17,202
2021-03-15,1,0,1
2021-03-15,0,0,0
2021-03-15,37,7,44
2021-03-15,7,1,8
2021-03-15,26,6,32
2021-03-15,1,0,1
2021-03-15,119,14,133
2021-03-15,5,0,5
2021-03-15,0,0,0
2021-03-15,15,0,15
2021-03-15,19,0,19
2021-03-15,1,0,1
2021-03-15,40,1,41
2021-03-15,0,0,0
2021-03-15,0,0,0
2021-03-15,14,0,14
2021-03-15,2,0,2
2021-03-15,73,9,82
2021-03-15,12,1,13
2021-03-15,2,0,2
2021-03-15,9,4,13
2021-03-15,5,2,7
2021-03-15,15,3,18
2021-03-15,216,24,240
2021-03-15,144,14,158
2021-03-15,188,23,211
2021-03-15,45,3,48
